#He so k la
3.0
#Number of Nodes
79
# list of nodes
#x #y #z
6.499086285846732 61.777459587136995 0.0
85.16105104393266 1.7204088385470446 0.0
89.38088630530099 99.88822707383079 0.0
13.63478868837913 2.704443222928157 0.0
62.78716325957219 53.09035335922633 0.0
36.250824102669554 95.43812133670616 0.0
45.26487886142588 11.958462733353016 0.0
99.16557854596037 43.27324553108249 0.0
10.177380796699296 30.417501718617856 0.0
36.965135281190484 40.702811474682136 0.0
56.86515257456415 78.7732152097887 0.0
71.28052659638244 25.91074300560264 0.0
33.86748853255753 69.21623473909699 0.0
84.19250025043273 69.88467851467884 0.0
7.69755201602698 84.00482802092944 0.0
25.627732985894596 16.12787466582127 0.0
89.04244509400382 21.308933274407153 0.0
70.8250756287343 96.94951611141022 0.0
60.82246858142017 2.618420750203287 0.0
1.7614123494985523 45.41591519591697 0.0
97.79271138719452 77.02043262674479 0.0
78.08961367545662 47.39157485148708 0.0
17.84607514671872 48.1641504814591 0.0
50.95546424372023 63.760453862422565 0.0
20.33127881559204 78.02277982205318 0.0
57.245544834983676 22.112461259642533 0.0
26.16845969592343 2.8387751875335017 0.0
4.503604314837135 9.402836762747516 0.0
86.30897337228362 36.68525620167916 0.0
79.4317460868804 79.66888451417813 0.0
56.673503058829134 43.68244711767396 0.0
72.54677388381532 64.1470901442041 0.0
28.65865373273754 31.990629925472465 0.0
46.86010107824506 80.15964551195474 0.0
36.22126403113127 57.642553335613705 0.0
71.10016683117114 35.95188117067183 0.0
46.330192945107314 32.28922096511905 0.0
28.664221225852074 64.89335682197465 0.0
24.892115911637905 85.36660294825006 0.0
45.80238615286873 3.110343307345979 0.0
61.88453094485021 94.75856127376113 0.0
91.50826945071147 87.77972790357003 0.0
70.4899579965454 5.022926026000193 0.0
36.25544639309087 5.820862145667979 0.0
35.35303497613526 23.54578430330332 0.0
11.144688356348505 18.595032745314743 0.0
39.86389774473163 84.96658409749092 0.0
73.42785236949375 16.931040840443288 0.0
50.803537344979574 53.18235046042252 0.0
3.3571852006150213 70.42391143865518 0.0
65.72500492103899 14.112513690894872 0.0
99.49503201474649 64.12390751941838 0.0
28.230191756581785 42.72300729832634 0.0
4.961729816939128 36.02896003480784 0.0
82.42731704935301 14.324060300251796 0.0
37.68243938990137 14.56396426534164 0.0
69.83905977493026 75.69275115907169 0.0
93.28744194991197 27.689977972597106 0.0
91.03662856284774 49.67552499300493 0.0
13.371798967349008 72.46473799420279 0.0
29.28715756277522 77.63315135823737 0.0
67.09231278109908 45.46818358728403 0.0
20.99968173952587 10.183863377134287 0.0
56.446144448671895 11.022721165993032 0.0
62.49921458758971 68.6501341631524 0.0
61.18622031280521 31.99597812996193 0.0
48.272293208285056 21.879289456427944 0.0
9.867210150630731 41.496897219672846 0.0
20.113797205915564 36.723104179056975 0.0
56.19098661985518 60.11658195830818 0.0
4.782876690250778 24.11896463046592 0.0
46.47354749272599 44.196781861915994 0.0
78.11879163944599 89.25259952824901 0.0
4.2116824509256565 55.084793475675454 0.0
71.05345657161789 55.81526534182015 0.0
19.850985891573337 20.556713343863734 0.0
41.37360252078483 70.14834364524549 0.0
25.925460733588626 52.971489238211326 0.0
16.8392010119249 60.3390747763159 0.0
#nguong BER
0.001
#Ma tran yeu cau D
#source_index dest_index bw don vi Mbps
0 0 94384
0 1 973
0 2 594
0 3 7289
0 4 1829
0 5 1937
0 6 6962
0 7 974
0 8 7170
0 9 9935
0 10 4779
0 11 3321
0 12 9774
0 13 4801
0 14 6958
0 15 6566
0 16 2393
0 17 622
0 18 3593
0 19 10144
0 20 470
0 21 551
0 22 23875
0 23 5088
0 24 14717
0 25 4376
0 26 5345
0 27 11462
0 28 3027
0 29 1864
0 30 3349
0 31 1479
0 32 7555
0 33 4684
0 34 16146
0 35 2595
0 36 2935
0 37 13679
0 38 6953
0 39 5203
0 40 1698
0 41 830
0 42 1700
0 43 5032
0 44 6611
0 45 8236
0 46 4071
0 47 3412
0 48 4524
0 49 29653
0 50 2539
0 51 1066
0 52 12989
0 53 6765
0 54 2606
0 55 7021
0 56 1704
0 57 1766
0 58 1458
0 59 21087
0 60 14007
0 61 3406
0 62 4464
0 63 5707
0 64 4171
0 65 3953
0 66 5432
0 67 21722
0 68 24477
0 69 4279
0 70 5739
0 71 8066
0 72 1745
0 73 40449
0 74 2554
0 75 5050
0 76 4226
0 77 13617
0 78 58984
1 0 638
1 1 3305
1 2 62
1 3 1267
1 4 523
1 5 147
1 6 2482
1 7 545
1 8 599
1 9 1193
1 10 727
1 11 1668
1 12 887
1 13 1349
1 14 305
1 15 1260
1 16 2747
1 17 119
1 18 2683
1 19 347
1 20 93
1 21 223
1 22 1231
1 23 650
1 24 730
1 25 1475
1 26 1361
1 27 1706
1 28 1277
1 29 421
1 30 822
1 31 378
1 32 994
1 33 643
1 34 1698
1 35 1054
1 36 1027
1 37 931
1 38 620
1 39 2206
1 40 293
1 41 169
1 42 1597
1 43 1511
1 44 1256
1 45 993
1 46 349
1 47 3875
1 48 442
1 49 584
1 50 1535
1 51 249
1 52 1090
1 53 463
1 54 3539
1 55 1737
1 56 340
1 57 1639
1 58 668
1 59 585
1 60 825
1 61 1148
1 62 1157
1 63 3071
1 64 629
1 65 1247
1 66 1736
1 67 1102
1 68 2294
1 69 776
1 70 645
1 71 1436
1 72 288
1 73 748
1 74 456
1 75 630
1 76 430
1 77 960
1 78 1235
2 0 444
2 1 34
2 2 0
2 3 434
2 4 210
2 5 114
2 6 502
2 7 199
2 8 324
2 9 657
2 10 828
2 11 410
2 12 499
2 13 1877
2 14 147
2 15 503
2 16 275
2 17 348
2 18 282
2 19 247
2 20 154
2 21 155
2 22 339
2 23 289
2 24 615
2 25 396
2 26 351
2 27 622
2 28 429
2 29 960
2 30 378
2 31 153
2 32 283
2 33 346
2 34 807
2 35 193
2 36 360
2 37 461
2 38 359
2 39 297
2 40 338
2 41 36
2 42 93
2 43 368
2 44 424
2 45 429
2 46 455
2 47 264
2 48 436
2 49 205
2 50 187
2 51 123
2 52 630
2 53 109
2 54 282
2 55 376
2 56 561
2 57 287
2 58 333
2 59 397
2 60 661
2 61 292
2 62 349
2 63 448
2 64 619
2 65 347
2 66 418
2 67 440
2 68 769
2 69 542
2 70 179
2 71 831
2 72 840
2 73 333
2 74 262
2 75 140
2 76 147
2 77 372
2 78 671
3 0 8238
3 1 1720
3 2 420
3 3 144419
3 4 1333
3 5 1150
3 6 15454
3 7 1153
3 8 9770
3 9 9447
3 10 2831
3 11 5402
3 12 4742
3 13 4101
3 14 1578
3 15 21981
3 16 3579
3 17 412
3 18 6526
3 19 5158
3 20 474
3 21 528
3 22 9519
3 23 3134
3 24 4971
3 25 6135
3 26 32668
3 27 68008
3 28 2947
3 29 1801
3 30 2714
3 31 1016
3 32 8365
3 33 3014
3 34 9459
3 35 3143
3 36 4373
3 37 5402
3 38 2714
3 39 11215
3 40 1405
3 41 902
3 42 2902
3 43 15884
3 44 14323
3 45 29952
3 46 2249
3 47 4941
3 48 3004
3 49 4656
3 50 3952
3 51 924
3 52 10791
3 53 5465
3 54 3918
3 55 18237
3 56 1688
3 57 2861
3 58 1687
3 59 4048
3 60 5640
3 61 4291
3 62 29762
3 63 9855
3 64 2573
3 65 4837
3 66 10125
3 67 11239
3 68 20594
3 69 3399
3 70 11849
3 71 7993
3 72 1170
3 73 5057
3 74 2124
3 75 12740
3 76 2066
3 77 6644
3 78 10148
4 0 1621
4 1 375
4 2 233
4 3 1518
4 4 9880
4 5 286
4 6 2515
4 7 668
4 8 851
4 9 3322
4 10 1336
4 11 1641
4 12 1971
4 13 3559
4 14 436
4 15 1514
4 16 1309
4 17 177
4 18 1061
4 19 637
4 20 206
4 21 844
4 22 2213
4 23 3635
4 24 1022
4 25 1910
4 26 1291
4 27 1985
4 28 1992
4 29 1246
4 30 3460
4 31 1535
4 32 1898
4 33 1523
4 34 4166
4 35 1999
4 36 1680
4 37 2162
4 38 829
4 39 1400
4 40 533
4 41 523
4 42 448
4 43 1541
4 44 1765
4 45 1521
4 46 1147
4 47 1274
4 48 4722
4 49 807
4 50 1204
4 51 427
4 52 2243
4 53 674
4 54 1582
4 55 1457
4 56 1043
4 57 1269
4 58 932
4 59 1386
4 60 1730
4 61 5134
4 62 935
4 63 2102
4 64 3510
4 65 2603
4 66 2436
4 67 1656
4 68 3253
4 69 6325
4 70 687
4 71 4436
4 72 967
4 73 1229
4 74 3642
4 75 951
4 76 1107
4 77 1789
4 78 2411
5 0 2381
5 1 198
5 2 258
5 3 910
5 4 281
5 5 668
5 6 1073
5 7 240
5 8 795
5 9 1692
5 10 1459
5 11 795
5 12 2417
5 13 1325
5 14 651
5 15 1032
5 16 568
5 17 283
5 18 629
5 19 714
5 20 246
5 21 178
5 22 2004
5 23 1120
5 24 3421
5 25 762
5 26 790
5 27 1611
5 28 591
5 29 667
5 30 809
5 31 433
5 32 869
5 33 1690
5 34 2700
5 35 447
5 36 638
5 37 2646
5 38 2296
5 39 693
5 40 1316
5 41 384
5 42 204
5 43 559
5 44 1086
5 45 1146
5 46 5201
5 47 700
5 48 975
5 49 1584
5 50 496
5 51 324
5 52 1755
5 53 655
5 54 552
5 55 1122
5 56 816
5 57 317
5 58 402
5 59 1779
5 60 4068
5 61 794
5 62 901
5 63 1187
5 64 1345
5 65 696
5 66 867
5 67 1374
5 68 2394
5 69 1451
5 70 685
5 71 1974
5 72 630
5 73 1128
5 74 719
5 75 558
5 76 1566
5 77 1572
5 78 3023
6 0 7256
6 1 2636
6 2 391
6 3 15739
6 4 2287
6 5 987
6 6 117843
6 7 1233
6 8 6305
6 9 12996
6 10 3291
6 11 9509
6 12 5226
6 13 6275
6 14 1684
6 15 21965
6 16 5577
6 17 691
6 18 15457
6 19 4075
6 20 450
6 21 1065
6 22 9572
6 23 5191
6 24 5253
6 25 18198
6 26 18500
6 27 17550
6 28 5300
6 29 2254
6 30 6588
6 31 1519
6 32 10777
6 33 3861
6 34 11823
6 35 5664
6 36 11269
6 37 6543
6 38 3309
6 39 52360
6 40 1571
6 41 1019
6 42 6307
6 43 35620
6 44 30130
6 45 14254
6 46 2297
6 47 9024
6 48 3910
6 49 4090
6 50 9249
6 51 1151
6 52 13228
6 53 4349
6 54 7275
6 55 59758
6 56 2120
6 57 4139
6 58 2798
6 59 4517
6 60 5608
6 61 6395
6 62 13668
6 63 43375
6 64 4371
6 65 9151
6 66 40368
6 67 10042
6 68 22109
6 69 5417
6 70 5767
6 71 13205
6 72 1783
6 73 4769
6 74 2637
6 75 9070
6 76 2969
6 77 7870
6 78 10869
7 0 1107
7 1 682
7 2 154
7 3 1146
7 4 581
7 5 360
7 6 1946
7 7 1537
7 8 541
7 9 1187
7 10 789
7 11 1889
7 12 699
7 13 2301
7 14 270
7 15 639
7 16 1606
7 17 200
7 18 1030
7 19 398
7 20 349
7 21 157
7 22 1097
7 23 1069
7 24 867
7 25 1402
7 26 930
7 27 1270
7 28 3262
7 29 662
7 30 788
7 31 365
7 32 873
7 33 587
7 34 1591
7 35 1176
7 36 459
7 37 857
7 38 558
7 39 1386
7 40 461
7 41 386
7 42 610
7 43 977
7 44 1042
7 45 950
7 46 619
7 47 1452
7 48 841
7 49 594
7 50 1310
7 51 975
7 52 1253
7 53 474
7 54 1220
7 55 1476
7 56 724
7 57 1473
7 58 1755
7 59 529
7 60 1150
7 61 1404
7 62 687
7 63 1834
7 64 1258
7 65 1205
7 66 1274
7 67 1042
7 68 1666
7 69 924
7 70 512
7 71 1674
7 72 387
7 73 561
7 74 1037
7 75 683
7 76 525
7 77 722
7 78 1393
8 0 6915
8 1 651
8 2 237
8 3 10134
8 4 1026
8 5 775
8 6 6010
8 7 502
8 8 46565
8 9 6986
8 10 1872
8 11 2588
8 12 2932
8 13 2468
8 14 1419
8 15 8368
8 16 1565
8 17 239
8 18 2526
8 19 6687
8 20 310
8 21 226
8 22 10368
8 23 2586
8 24 4116
8 25 3056
8 26 6268
8 27 18156
8 28 1555
8 29 860
8 30 2176
8 31 831
8 32 8829
8 33 1918
8 34 7710
8 35 1646
8 36 2755
8 37 5383
8 38 2380
8 39 4394
8 40 664
8 41 338
8 42 859
8 43 4814
8 44 7120
8 45 18626
8 46 1830
8 47 2350
8 48 2040
8 49 3795
8 50 1963
8 51 438
8 52 9638
8 53 16859
8 54 1734
8 55 6910
8 56 1118
8 57 1098
8 58 886
8 59 3828
8 60 4103
8 61 1992
8 62 6014
8 63 4460
8 64 1649
8 65 2417
8 66 4700
8 67 19813
8 68 32072
8 69 2114
8 70 17020
8 71 5758
8 72 811
8 73 6000
8 74 914
8 75 11668
8 76 1069
8 77 6747
8 78 10057
9 0 9906
9 1 1617
9 2 472
9 3 9536
9 4 3142
9 5 1746
9 6 12603
9 7 1393
9 8 6769
9 9 83832
9 10 4697
9 11 7073
9 12 10215
9 13 6412
9 14 1585
9 15 12229
9 16 3327
9 17 607
9 18 5043
9 19 4346
9 20 641
9 21 544
9 22 17345
9 23 7490
9 24 6957
9 25 8780
9 26 6861
9 27 13763
9 28 3874
9 29 2040
9 30 8009
9 31 1785
9 32 21345
9 33 5255
9 34 25928
9 35 3541
9 36 13567
9 37 10744
9 38 4134
9 39 8714
9 40 1887
9 41 1106
9 42 2206
9 43 8805
9 44 19410
9 45 10723
9 46 4247
9 47 5419
9 48 8406
9 49 5377
9 50 4159
9 51 1049
9 52 45866
9 53 4340
9 54 4170
9 55 13070
9 56 2542
9 57 2448
9 58 2359
9 59 5920
9 60 8103
9 61 6701
9 62 6043
9 63 10269
9 64 5242
9 65 7926
9 66 12074
9 67 11922
9 68 34361
9 69 6968
9 70 4736
9 71 32633
9 72 2045
9 73 6098
9 74 3121
9 75 7226
9 76 4345
9 77 16880
9 78 15602
10 0 3797
10 1 414
10 2 718
10 3 2901
10 4 2510
10 5 2266
10 6 3399
10 7 633
10 8 2276
10 9 3204
10 10 18615
10 11 2805
10 12 6558
10 13 7207
10 14 1695
10 15 2773
10 16 2059
10 17 1003
10 18 2033
10 19 1549
10 20 662
10 21 772
10 22 5141
10 23 9801
10 24 4711
10 25 2012
10 26 2395
10 27 3746
10 28 2842
10 29 4366
10 30 2476
10 31 1120
10 32 2967
10 33 15176
10 34 9947
10 35 2774
10 36 2026
10 37 5846
10 38 5040
10 39 2382
10 40 3642
10 41 1490
10 42 897
10 43 2439
10 44 3541
10 45 3068
10 46 5273
10 47 2245
10 48 4322
10 49 3224
10 50 1419
10 51 920
10 52 5266
10 53 1694
10 54 1787
10 55 3202
10 56 5914
10 57 1527
10 58 1614
10 59 3590
10 60 7366
10 61 2907
10 62 2033
10 63 3303
10 64 12996
10 65 2353
10 66 2866
10 67 3901
10 68 6392
10 69 7061
10 70 1665
10 71 5168
10 72 2956
10 73 2686
10 74 2181
10 75 1683
10 76 4104
10 77 4688
10 78 5424
11 0 3428
11 1 2144
11 2 416
11 3 5459
11 4 1840
11 5 740
11 6 9344
11 7 1681
11 8 2198
11 9 6220
11 10 2803
11 11 32033
11 12 2704
11 13 5288
11 14 1058
11 15 4442
11 16 8104
11 17 347
11 18 7282
11 19 1274
11 20 253
11 21 1336
11 22 4654
11 23 2810
11 24 3476
11 25 12735
11 26 5180
11 27 6104
11 28 9718
11 29 1799
11 30 5815
11 31 1188
11 32 3826
11 33 2953
11 34 6603
11 35 11603
11 36 4483
11 37 3579
11 38 1919
11 39 7529
11 40 1241
11 41 902
11 42 4564
11 43 4765
11 44 7409
11 45 4135
11 46 1966
11 47 19185
11 48 3659
11 49 2297
11 50 9560
11 51 1399
11 52 6115
11 53 1722
11 54 8223
11 55 6993
11 56 2172
11 57 4775
11 58 3002
11 59 2128
11 60 3771
11 61 6330
11 62 3546
11 63 10858
11 64 3457
11 65 14284
11 66 7380
11 67 4147
11 68 8704
11 69 3888
11 70 2087
11 71 7763
11 72 1484
11 73 2371
11 74 3318
11 75 2669
11 76 1516
11 77 3946
11 78 5023
12 0 9783
12 1 672
12 2 438
12 3 4583
12 4 1644
12 5 2298
12 6 4346
12 7 831
12 8 3240
12 9 8949
12 10 7496
12 11 2867
12 12 44366
12 13 5193
12 14 2416
12 15 4421
12 16 2324
12 17 596
12 18 2293
12 19 2713
12 20 205
12 21 798
12 22 9042
12 23 8361
12 24 13827
12 25 3531
12 26 3828
12 27 6109
12 28 2322
12 29 1707
12 30 2980
12 31 1742
12 32 5077
12 33 10811
12 34 31087
12 35 2118
12 36 2782
12 37 31778
12 38 8954
12 39 3544
12 40 1936
12 41 986
12 42 1455
12 43 3430
12 44 5142
12 45 5434
12 46 9660
12 47 2694
12 48 4710
12 49 6312
12 50 1929
12 51 728
12 52 9917
12 53 2406
12 54 1893
12 55 4923
12 56 2844
12 57 1435
12 58 2006
12 59 8641
12 60 26592
12 61 4145
12 62 2459
12 63 4692
12 64 5535
12 65 3471
12 66 4178
12 67 7503
12 68 12346
12 69 6032
12 70 2478
12 71 9207
12 72 1836
12 73 5699
12 74 2335
12 75 2471
12 76 13967
12 77 12324
12 78 15197
13 0 4431
13 1 1066
13 2 1326
13 3 4176
13 4 2369
13 5 1387
13 6 5863
13 7 2767
13 8 2499
13 9 5875
13 10 6642
13 11 5418
13 12 4545
13 13 57558
13 14 1435
13 15 3956
13 16 4176
13 17 1281
13 18 3374
13 19 1907
13 20 2226
13 21 1863
13 22 5538
13 23 6483
13 24 4410
13 25 4764
13 26 3023
13 27 5659
13 28 5802
13 29 11822
13 30 4762
13 31 8476
13 32 3867
13 33 4942
13 34 9781
13 35 4149
13 36 2428
13 37 5115
13 38 3143
13 39 4568
13 40 3607
13 41 3812
13 42 1935
13 43 3562
13 44 4153
13 45 3644
13 46 3136
13 47 4459
13 48 4716
13 49 2759
13 50 2317
13 51 5008
13 52 5479
13 53 1464
13 54 2980
13 55 5304
13 56 8967
13 57 3879
13 58 5933
13 59 3685
13 60 5403
13 61 6055
13 62 2963
13 63 5270
13 64 7609
13 65 4836
13 66 4487
13 67 5111
13 68 7919
13 69 7963
13 70 2327
13 71 8231
13 72 4172
13 73 3158
13 74 6206
13 75 2503
13 76 2746
13 77 3972
13 78 6789
14 0 6188
14 1 162
14 2 295
14 3 2063
14 4 721
14 5 955
14 6 1735
14 7 300
14 8 1242
14 9 2210
14 10 1606
14 11 1187
14 12 2396
14 13 1341
14 14 8659
14 15 1934
14 16 847
14 17 238
14 18 790
14 19 1725
14 20 236
14 21 174
14 22 4156
14 23 1938
14 24 10025
14 25 1457
14 26 1160
14 27 2316
14 28 841
14 29 896
14 30 771
14 31 484
14 32 1413
14 33 2356
14 34 3979
14 35 659
14 36 1181
14 37 4132
14 38 4653
14 39 1386
14 40 1227
14 41 420
14 42 384
14 43 1204
14 44 1802
14 45 1849
14 46 1274
14 47 1048
14 48 1196
14 49 6875
14 50 644
14 51 415
14 52 2947
14 53 1180
14 54 644
14 55 1968
14 56 1004
14 57 601
14 58 542
14 59 7429
14 60 4936
14 61 889
14 62 1408
14 63 1490
14 64 1276
14 65 1072
14 66 1216
14 67 2838
14 68 4108
14 69 1349
14 70 1182
14 71 2089
14 72 744
14 73 3098
14 74 550
14 75 1378
14 76 1433
14 77 2723
14 78 7220
15 0 6999
15 1 1081
15 2 403
15 3 24405
15 4 1149
15 5 938
15 6 19198
15 7 968
15 8 8020
15 9 11192
15 10 2632
15 11 5232
15 12 4055
15 13 4055
15 14 2113
15 15 97507
15 16 2799
15 17 300
15 18 7036
15 19 4287
15 20 358
15 21 597
15 22 11219
15 23 3937
15 24 4407
15 25 7671
15 26 21404
15 27 23951
15 28 3522
15 29 961
15 30 3885
15 31 1109
15 32 14438
15 33 2851
15 34 9743
15 35 2813
15 36 5236
15 37 5831
15 38 3205
15 39 12952
15 40 1478
15 41 635
15 42 2427
15 43 18602
15 44 27571
15 45 25020
15 46 2404
15 47 5024
15 48 4554
15 49 4023
15 50 3728
15 51 1020
15 52 14182
15 53 5866
15 54 3547
15 55 33250
15 56 1315
15 57 2235
15 58 1471
15 59 4133
15 60 4261
15 61 3767
15 62 38318
15 63 11894
15 64 2250
15 65 5437
15 66 12603
15 67 12295
15 68 28679
15 69 4022
15 70 8405
15 71 9578
15 72 1284
15 73 5363
15 74 2268
15 75 33054
15 76 1647
15 77 7219
15 78 9658
16 0 2241
16 1 2892
16 2 372
16 3 3175
16 4 1388
16 5 374
16 6 6532
16 7 2334
16 8 1787
16 9 3299
16 10 2053
16 11 8271
16 12 1940
16 13 4266
16 14 706
16 15 2887
16 16 21484
16 17 475
16 18 4969
16 19 941
16 20 433
16 21 1075
16 22 2810
16 23 2166
16 24 1767
16 25 5438
16 26 2087
16 27 4108
16 28 8076
16 29 1088
16 30 2387
16 31 1150
16 32 2073
16 33 1869
16 34 4008
16 35 3739
16 36 2590
16 37 2166
16 38 1378
16 39 3694
16 40 812
16 41 935
16 42 2240
16 43 3778
16 44 3959
16 45 2590
16 46 1279
16 47 9269
16 48 2092
16 49 1317
16 50 4231
16 51 1317
16 52 3461
16 53 1127
16 54 13747
16 55 4236
16 56 1316
16 57 12586
16 58 1966
16 59 1578
16 60 2577
16 61 4308
16 62 2057
16 63 6614
16 64 2627
16 65 4254
16 66 4138
16 67 2449
16 68 5422
16 69 1887
16 70 1327
16 71 4266
16 72 910
16 73 1153
16 74 1562
16 75 1966
16 76 1069
16 77 2279
16 78 3560
17 0 528
17 1 131
17 2 464
17 3 526
17 4 62
17 5 114
17 6 553
17 7 248
17 8 300
17 9 414
17 10 956
17 11 606
17 12 350
17 13 1293
17 14 236
17 15 408
17 16 92
17 17 0
17 18 264
17 19 190
17 20 8
17 21 66
17 22 613
17 23 422
17 24 553
17 25 392
17 26 328
17 27 445
17 28 514
17 29 839
17 30 152
17 31 296
17 32 402
17 33 770
17 34 1183
17 35 332
17 36 223
17 37 710
17 38 669
17 39 540
17 40 1428
17 41 561
17 42 175
17 43 299
17 44 371
17 45 666
17 46 864
17 47 318
17 48 551
17 49 365
17 50 202
17 51 234
17 52 662
17 53 299
17 54 408
17 55 743
17 56 1140
17 57 262
17 58 254
17 59 593
17 60 1231
17 61 556
17 62 354
17 63 559
17 64 946
17 65 311
17 66 487
17 67 501
17 68 726
17 69 511
17 70 272
17 71 731
17 72 954
17 73 370
17 74 317
17 75 184
17 76 476
17 77 564
17 78 706
18 0 2993
18 1 2769
18 2 349
18 3 6380
18 4 1198
18 5 582
18 6 17501
18 7 1280
18 8 2518
18 9 5381
18 10 1936
18 11 7165
18 12 2424
18 13 2767
18 14 607
18 15 6836
18 16 4294
18 17 338
18 18 30111
18 19 1440
18 20 324
18 21 647
18 22 4491
18 23 2297
18 24 2602
18 25 8676
18 26 6199
18 27 7614
18 28 2920
18 29 886
18 30 2540
18 31 950
18 32 3825
18 33 1658
18 34 4771
18 35 3960
18 36 3586
18 37 2856
18 38 1412
18 39 18932
18 40 916
18 41 513
18 42 8875
18 43 7598
18 44 7725
18 45 5896
18 46 1545
18 47 9351
18 48 2625
18 49 2065
18 50 8757
18 51 801
18 52 4997
18 53 1739
18 54 5779
18 55 10283
18 56 1047
18 57 2530
18 58 1728
18 59 2133
18 60 2898
18 61 3207
18 62 4567
18 63 30523
18 64 2308
18 65 4980
18 66 8988
18 67 4147
18 68 8145
18 69 2266
18 70 2329
18 71 6088
18 72 1134
18 73 2188
18 74 1687
18 75 3271
18 76 1362
18 77 3455
18 78 4077
19 0 11753
19 1 365
19 2 266
19 3 4809
19 4 788
19 5 560
19 6 3679
19 7 452
19 8 6698
19 9 3965
19 10 1270
19 11 1441
19 12 2725
19 13 1678
19 14 1204
19 15 4236
19 16 1265
19 17 320
19 18 1572
19 19 26538
19 20 200
19 21 265
19 22 13542
19 23 1771
19 24 3170
19 25 1863
19 26 3429
19 27 8481
19 28 1375
19 29 749
19 30 1561
19 31 481
19 32 3858
19 33 1591
19 34 6676
19 35 1076
19 36 1793
19 37 3631
19 38 1912
19 39 2134
19 40 1055
19 41 328
19 42 675
19 43 2607
19 44 3809
19 45 6057
19 46 1462
19 47 1467
19 48 1794
19 49 4044
19 50 1083
19 51 187
19 52 7042
19 53 6590
19 54 1301
19 55 3252
19 56 593
19 57 602
19 58 442
19 59 3762
19 60 3389
19 61 1969
19 62 3197
19 63 2691
19 64 1804
19 65 1751
19 66 3046
19 67 20836
19 68 13472
19 69 1365
19 70 4884
19 71 3620
19 72 910
19 73 16671
19 74 647
19 75 4363
19 76 1422
19 77 5589
19 78 10413
20 0 548
20 1 206
20 2 111
20 3 342
20 4 183
20 5 184
20 6 685
20 7 394
20 8 143
20 9 384
20 10 403
20 11 729
20 12 392
20 13 2541
20 14 72
20 15 337
20 16 420
20 17 114
20 18 305
20 19 194
20 20 0
20 21 210
20 22 523
20 23 614
20 24 560
20 25 472
20 26 325
20 27 630
20 28 466
20 29 931
20 30 342
20 31 557
20 32 406
20 33 673
20 34 847
20 35 427
20 36 161
20 37 448
20 38 237
20 39 352
20 40 435
20 41 799
20 42 294
20 43 224
20 44 500
20 45 541
20 46 386
20 47 222
20 48 506
20 49 271
20 50 245
20 51 1086
20 52 439
20 53 198
20 54 450
20 55 410
20 56 569
20 57 363
20 58 418
20 59 339
20 60 497
20 61 380
20 62 329
20 63 394
20 64 978
20 65 621
20 66 610
20 67 396
20 68 868
20 69 497
20 70 254
20 71 707
20 72 519
20 73 205
20 74 249
20 75 342
20 76 232
20 77 480
20 78 484
21 0 615
21 1 405
21 2 50
21 3 501
21 4 137
21 5 254
21 6 975
21 7 484
21 8 339
21 9 1131
21 10 865
21 11 1583
21 12 310
21 13 1795
21 14 285
21 15 775
21 16 627
21 17 42
21 18 758
21 19 334
21 20 184
21 21 0
21 22 1035
21 23 473
21 24 383
21 25 1199
21 26 580
21 27 834
21 28 1790
21 29 500
21 30 762
21 31 625
21 32 538
21 33 237
21 34 1157
21 35 1415
21 36 689
21 37 700
21 38 283
21 39 725
21 40 279
21 41 242
21 42 274
21 43 496
21 44 887
21 45 439
21 46 285
21 47 1295
21 48 911
21 49 259
21 50 464
21 51 146
21 52 737
21 53 242
21 54 727
21 55 747
21 56 789
21 57 796
21 58 612
21 59 470
21 60 600
21 61 1297
21 62 636
21 63 1230
21 64 1381
21 65 754
21 66 1026
21 67 726
21 68 1159
21 69 648
21 70 320
21 71 1098
21 72 297
21 73 282
21 74 2015
21 75 475
21 76 408
21 77 726
21 78 769
22 0 26510
22 1 1124
22 2 539
22 3 10424
22 4 1662
22 5 2020
22 6 9885
22 7 1115
22 8 9973
22 9 18026
22 10 4616
22 11 5284
22 12 8925
22 13 5472
22 14 4754
22 15 11733
22 16 3447
22 17 526
22 18 4687
22 19 10564
22 20 671
22 21 521
22 22 83353
22 23 6467
22 24 10643
22 25 5098
22 26 6867
22 27 16010
22 28 3327
22 29 2107
22 30 5534
22 31 1682
22 32 13277
22 33 4598
22 34 22899
22 35 3230
22 36 6555
22 37 17113
22 38 5959
22 39 6485
22 40 2034
22 41 1117
22 42 1752
22 43 6024
22 44 13129
22 45 12566
22 46 4053
22 47 4239
22 48 5282
22 49 12415
22 50 3247
22 51 1119
22 52 36478
22 53 11682
22 54 2719
22 55 9617
22 56 1991
22 57 2306
22 58 1932
22 59 11313
22 60 10315
22 61 5110
22 62 7537
22 63 7970
22 64 4694
22 65 4560
22 66 8894
22 67 36622
22 68 59938
22 69 5344
22 70 7824
22 71 12581
22 72 2007
22 73 18171
22 74 2793
22 75 7914
22 76 4182
22 77 35643
22 78 43697
23 0 5077
23 1 757
23 2 451
23 3 3393
23 4 2877
23 5 1557
23 6 4485
23 7 1021
23 8 2160
23 9 7969
23 10 8092
23 11 3008
23 12 8221
23 13 5128
23 14 1497
23 15 4112
23 16 2019
23 17 790
23 18 2786
23 19 1629
23 20 471
23 21 750
23 22 5533
23 23 38590
23 24 4323
23 25 3644
23 26 2323
23 27 5067
23 28 3247
23 29 2376
23 30 5306
23 31 2092
23 32 3788
23 33 6510
23 34 17624
23 35 3121
23 36 2883
23 37 8026
23 38 3917
23 39 3857
23 40 2714
23 41 1156
23 42 1059
23 43 3467
23 44 4086
23 45 3526
23 46 4928
23 47 2942
23 48 9039
23 49 3625
23 50 1640
23 51 1340
23 52 6692
23 53 1909
23 54 2256
23 55 4755
23 56 3526
23 57 2118
23 58 1666
23 59 3084
23 60 8492
23 61 4806
23 62 2579
23 63 4282
23 64 11481
23 65 3273
23 66 3514
23 67 5052
23 68 9149
23 69 21709
23 70 1820
23 71 9496
23 72 1454
23 73 3470
23 74 2564
23 75 2573
23 76 6551
23 77 6326
23 78 8564
24 0 14197
24 1 775
24 2 421
24 3 3935
24 4 1680
24 5 2696
24 6 4845
24 7 702
24 8 3789
24 9 7603
24 10 4846
24 11 3295
24 12 12448
24 13 4594
24 14 8126
24 15 4387
24 16 2339
24 17 669
24 18 2207
24 19 3037
24 20 351
24 21 515
24 22 9858
24 23 4713
24 24 95942
24 25 2938
24 26 2906
24 27 6899
24 28 2136
24 29 1703
24 30 2609
24 31 1388
24 32 5095
24 33 6943
24 34 14565
24 35 2078
24 36 2649
24 37 16531
24 38 20867
24 39 3479
24 40 2446
24 41 1005
24 42 998
24 43 3785
24 44 5535
24 45 5587
24 46 8025
24 47 2626
24 48 3974
24 49 12583
24 50 1881
24 51 647
24 52 9208
24 53 2890
24 54 2129
24 55 5186
24 56 2357
24 57 1233
24 58 1480
24 59 25955
24 60 29875
24 61 2851
24 62 3173
24 63 3597
24 64 3254
24 65 3051
24 66 3976
24 67 7516
24 68 12893
24 69 4326
24 70 2593
24 71 5610
24 72 1670
24 73 8909
24 74 2014
24 75 3319
24 76 5523
24 77 9380
24 78 22218
25 0 4018
25 1 1498
25 2 204
25 3 6415
25 4 1761
25 5 960
25 6 20842
25 7 895
25 8 3255
25 9 7254
25 10 2507
25 11 13444
25 12 3294
25 13 4789
25 14 1428
25 15 7713
25 16 4493
25 17 348
25 18 8592
25 19 1673
25 20 458
25 21 800
25 22 6009
25 23 2734
25 24 3430
25 25 50015
25 26 5663
25 27 7054
25 28 4389
25 29 1258
25 30 5829
25 31 1497
25 32 5995
25 33 2614
25 34 9025
25 35 6106
25 36 10081
25 37 4206
25 38 1791
25 39 8498
25 40 994
25 41 731
25 42 5288
25 43 7013
25 44 11302
25 45 6066
25 46 1591
25 47 10172
25 48 3515
25 49 2759
25 50 9294
25 51 788
25 52 7668
25 53 2322
25 54 5378
25 55 13622
25 56 1560
25 57 2992
25 58 2044
25 59 2310
25 60 3808
25 61 6072
25 62 4741
25 63 20440
25 64 2462
25 65 16452
25 66 24015
25 67 5257
25 68 11448
25 69 3772
25 70 2379
25 71 9987
25 72 1169
25 73 2589
25 74 2551
25 75 4515
25 76 1666
25 77 5255
25 78 6190
26 0 5510
26 1 1162
26 2 315
26 3 29318
26 4 960
26 5 792
26 6 17051
26 7 771
26 8 5105
26 9 7323
26 10 2151
26 11 4451
26 12 3017
26 13 3057
26 14 1227
26 15 21417
26 16 2885
26 17 313
26 18 6666
26 19 2950
26 20 291
26 21 391
26 22 7233
26 23 2994
26 24 3478
26 25 5715
26 26 109232
26 27 21001
26 28 2458
26 29 818
26 30 2558
26 31 922
26 32 6252
26 33 2640
26 34 6806
26 35 2186
26 36 3996
26 37 4211
26 38 1969
26 39 15111
26 40 913
26 41 594
26 42 2069
26 43 22076
26 44 12830
26 45 15961
26 46 1561
26 47 4515
26 48 2968
26 49 2890
26 50 4001
26 51 717
26 52 7011
26 53 3525
26 54 3245
26 55 22154
26 56 1221
26 57 1972
26 58 1070
26 59 2854
26 60 3665
26 61 3097
26 62 22243
26 63 10217
26 64 2447
26 65 3548
26 66 9166
26 67 7057
26 68 14737
26 69 2835
26 70 5858
26 71 5619
26 72 1064
26 73 4005
26 74 1352
26 75 10063
26 76 1622
26 77 5372
26 78 6207
27 0 12153
27 1 1717
27 2 575
27 3 65886
27 4 2188
27 5 1447
27 6 17013
27 7 1404
27 8 15812
27 9 13026
27 10 4817
27 11 6165
27 12 6766
27 13 5495
27 14 2664
27 15 24251
27 16 4489
27 17 838
27 18 8107
27 19 8189
27 20 691
27 21 892
27 22 15283
27 23 4905
27 24 7302
27 25 8281
27 26 21050
27 27 226392
27 28 3976
27 29 1975
27 30 3858
27 31 1658
27 32 12922
27 33 4456
27 34 13918
27 35 4157
27 36 5570
27 37 8128
27 38 4536
27 39 13879
27 40 1852
27 41 1041
27 42 2822
27 43 14766
27 44 15867
27 45 60321
27 46 3258
27 47 5643
27 48 4074
27 49 6641
27 50 5631
27 51 1548
27 52 14872
27 53 9077
27 54 4517
27 55 18076
27 56 2083
27 57 3133
27 58 1966
27 59 6482
27 60 7728
27 61 4569
27 62 24590
27 63 12012
27 64 4285
27 65 5746
27 66 11284
27 67 17222
27 68 35541
27 69 5260
27 70 24757
27 71 10552
27 72 1797
27 73 9292
27 74 2796
27 75 21979
27 76 2989
27 77 11068
27 78 13949
28 0 2878
28 1 1328
28 2 263
28 3 3303
28 4 1514
28 5 647
28 6 5720
28 7 3178
28 8 1400
28 9 3371
28 10 2568
28 11 7591
28 12 2504
28 13 5199
28 14 821
28 15 2954
28 16 6349
28 17 237
28 18 3856
28 19 1074
28 20 794
28 21 1269
28 22 2563
28 23 2821
28 24 2230
28 25 4744
28 26 2353
28 27 3574
28 28 39639
28 29 1513
28 30 3099
28 31 1554
28 32 2279
28 33 2412
28 34 4320
28 35 6726
28 36 2569
28 37 2576
28 38 1629
28 39 3898
28 40 1154
28 41 818
28 42 2472
28 43 3160
28 44 3965
28 45 3057
28 46 1199
28 47 7039
28 48 2784
28 49 1637
28 50 3950
28 51 1608
28 52 4095
28 53 1289
28 54 4799
28 55 4116
28 56 1791
28 57 10120
28 58 7000
28 59 1774
28 60 2779
28 61 6018
28 62 2390
28 63 5845
28 64 3054
28 65 5271
28 66 4304
28 67 2650
28 68 5812
28 69 3289
28 70 1429
28 71 4603
28 72 1331
28 73 2032
28 74 2370
28 75 1895
28 76 1434
28 77 3075
28 78 3962
29 0 1743
29 1 553
29 2 426
29 3 1461
29 4 847
29 5 829
29 6 2061
29 7 996
29 8 1037
29 9 2323
29 10 3426
29 11 1879
29 12 1819
29 13 11553
29 14 769
29 15 1490
29 16 1497
29 17 1077
29 18 1247
29 19 798
29 20 578
29 21 553
29 22 2048
29 23 1662
29 24 1175
29 25 1664
29 26 1171
29 27 1807
29 28 1732
29 29 3641
29 30 1559
29 31 1388
29 32 1520
29 33 2212
29 34 3274
29 35 1303
29 36 757
29 37 1940
29 38 1068
29 39 1607
29 40 1744
29 41 2644
29 42 566
29 43 940
29 44 1519
29 45 1376
29 46 2273
29 47 1108
29 48 1870
29 49 1166
29 50 831
29 51 669
29 52 2523
29 53 783
29 54 884
29 55 1649
29 56 4336
29 57 1388
29 58 1442
29 59 1429
29 60 2362
29 61 2660
29 62 1107
29 63 1675
29 64 3346
29 65 1578
29 66 1747
29 67 1556
29 68 2958
29 69 2647
29 70 962
29 71 2148
29 72 4565
29 73 1138
29 74 2109
29 75 722
29 76 698
29 77 2099
29 78 2105
30 0 4131
30 1 768
30 2 298
30 3 3256
30 4 4480
30 5 540
30 6 5589
30 7 1162
30 8 1835
30 9 8335
30 10 3060
30 11 5803
30 12 4251
30 13 5126
30 14 839
30 15 3460
30 16 2993
30 17 350
30 18 2590
30 19 1220
30 20 318
30 21 1231
30 22 5157
30 23 4656
30 24 2424
30 25 6210
30 26 2981
30 27 4334
30 28 2345
30 29 1301
30 30 16513
30 31 1742
30 32 4161
30 33 2717
30 34 8646
30 35 3738
30 36 4083
30 37 4632
30 38 2157
30 39 3003
30 40 1047
30 41 773
30 42 1843
30 43 3247
30 44 5225
30 45 3623
30 46 2002
30 47 3857
30 48 6785
30 49 2163
30 50 2657
30 51 832
30 52 6582
30 53 1379
30 54 2307
30 55 4842
30 56 1452
30 57 1648
30 58 1691
30 59 2240
30 60 3641
30 61 8523
30 62 2342
30 63 5013
30 64 3203
30 65 6939
30 66 5002
30 67 3793
30 68 9025
30 69 5316
30 70 1918
30 71 19409
30 72 771
30 73 2248
30 74 3626
30 75 2407
30 76 1494
30 77 4384
30 78 4914
31 0 1145
31 1 348
31 2 188
31 3 890
31 4 1388
31 5 476
31 6 1663
31 7 1011
31 8 498
31 9 1989
31 10 2508
31 11 1828
31 12 1934
31 13 6563
31 14 332
31 15 1527
31 16 998
31 17 430
31 18 743
31 19 592
31 20 273
31 21 380
31 22 1351
31 23 2287
31 24 1131
31 25 1482
31 26 923
31 27 1643
31 28 1587
31 29 1323
31 30 1951
31 31 1718
31 32 1073
31 33 1057
31 34 2940
31 35 1438
31 36 681
31 37 1067
31 38 1132
31 39 1432
31 40 1170
31 41 253
31 42 639
31 43 1118
31 44 1188
31 45 1266
31 46 992
31 47 1326
31 48 1781
31 49 738
31 50 876
31 51 557
31 52 2588
31 53 602
31 54 935
31 55 1647
31 56 3697
31 57 1156
31 58 1119
31 59 889
31 60 1869
31 61 2990
31 62 723
31 63 1922
31 64 4979
31 65 1108
31 66 1372
31 67 1683
31 68 2546
31 69 2188
31 70 565
31 71 2621
31 72 1403
31 73 1048
31 74 3323
31 75 865
31 76 1006
31 77 1164
31 78 1907
32 0 8091
32 1 1107
32 2 349
32 3 8341
32 4 1500
32 5 704
32 6 12633
32 7 868
32 8 8061
32 9 22257
32 10 2766
32 11 3614
32 12 4400
32 13 3095
32 14 1361
32 15 16065
32 16 2332
32 17 324
32 18 4224
32 19 3520
32 20 518
32 21 561
32 22 12646
32 23 2886
32 24 4569
32 25 6329
32 26 7816
32 27 13065
32 28 2735
32 29 1442
32 30 3102
32 31 1216
32 32 32936
32 33 2962
32 34 11777
32 35 2299
32 36 7036
32 37 6708
32 38 2867
32 39 8362
32 40 1209
32 41 745
32 42 2303
32 43 8385
32 44 29232
32 45 12417
32 46 2534
32 47 3255
32 48 3772
32 49 3827
32 50 2796
32 51 811
32 52 29471
32 53 5951
32 54 2406
32 55 14610
32 56 1467
32 57 1839
32 58 1228
32 59 3955
32 60 5960
32 61 3402
32 62 7759
32 63 7038
32 64 2991
32 65 4279
32 66 7887
32 67 10032
32 68 47540
32 69 4047
32 70 6290
32 71 10047
32 72 1027
32 73 5038
32 74 2061
32 75 10654
32 76 2132
32 77 9241
32 78 11678
33 0 5767
33 1 675
33 2 557
33 3 2646
33 4 1355
33 5 3273
33 6 3743
33 7 742
33 8 1698
33 9 4332
33 10 15468
33 11 2510
33 12 8173
33 13 5180
33 14 2043
33 15 3018
33 16 1355
33 17 448
33 18 2133
33 19 2065
33 20 598
33 21 590
33 22 4603
33 23 7727
33 24 6572
33 25 3248
33 26 2268
33 27 4148
33 28 2023
33 29 2540
33 30 2295
33 31 1954
33 32 3286
33 33 24023
33 34 9857
33 35 1995
33 36 1860
33 37 7335
33 38 4927
33 39 2576
33 40 3827
33 41 1411
33 42 931
33 43 2322
33 44 3344
33 45 3598
33 46 9875
33 47 2238
33 48 3405
33 49 3924
33 50 1509
33 51 738
33 52 5819
33 53 1599
33 54 1574
33 55 3125
33 56 2913
33 57 1429
33 58 1229
33 59 4443
33 60 12601
33 61 3272
33 62 1793
33 63 3363
33 64 6546
33 65 1982
33 66 3144
33 67 4234
33 68 7725
33 69 4660
33 70 2178
33 71 5410
33 72 2752
33 73 3526
33 74 2348
33 75 2253
33 76 9581
33 77 3980
33 78 8754
34 0 18284
34 1 1544
34 2 874
34 3 10180
34 4 4081
34 5 2785
34 6 12741
34 7 1658
34 8 6342
34 9 27428
34 10 7953
34 11 6976
34 12 29289
34 13 7972
34 14 3735
34 15 10504
34 16 4577
34 17 1340
34 18 5726
34 19 6313
34 20 661
34 21 1169
34 22 23553
34 23 19087
34 24 13973
34 25 7536
34 26 7194
34 27 12810
34 28 4749
34 29 3341
34 30 9246
34 31 3676
34 32 12043
34 33 10486
34 34 165747
34 35 5319
34 36 7100
34 37 44033
34 38 8684
34 39 7963
34 40 3914
34 41 1585
34 42 2518
34 43 6984
34 44 11358
34 45 9917
34 46 8891
34 47 5769
34 48 13721
34 49 8582
34 50 3481
34 51 1843
34 52 30155
34 53 5952
34 54 4285
34 55 10646
34 56 4207
34 57 3565
34 58 2660
34 59 10976
34 60 22065
34 61 8359
34 62 6831
34 63 9355
34 64 8708
34 65 7720
34 66 10217
34 67 16834
34 68 35628
34 69 13361
34 70 6072
34 71 25691
34 72 3302
34 73 10154
34 74 5233
34 75 6272
34 76 12761
34 77 31987
34 78 31524
35 0 2578
35 1 1268
35 2 153
35 3 2831
35 4 1727
35 5 729
35 6 5652
35 7 1092
35 8 1301
35 9 4193
35 10 2096
35 11 12914
35 12 2069
35 13 4529
35 14 1020
35 15 3296
35 16 4488
35 17 285
35 18 3416
35 19 1204
35 20 411
35 21 2020
35 22 3668
35 23 2690
35 24 1958
35 25 5431
35 26 2137
35 27 3670
35 28 7735
35 29 1325
35 30 5250
35 31 1130
35 32 2290
35 33 2237
35 34 5046
35 35 13646
35 36 3885
35 37 2394
35 38 1315
35 39 4175
35 40 910
35 41 898
35 42 2185
35 43 3212
35 44 3487
35 45 2974
35 46 1420
35 47 6231
35 48 2695
35 49 1424
35 50 3940
35 51 1326
35 52 4029
35 53 1048
35 54 3731
35 55 4923
35 56 1096
35 57 2640
35 58 2670
35 59 2034
35 60 2919
35 61 9590
35 62 2176
35 63 6186
35 64 2634
35 65 9779
35 66 4328
35 67 2663
35 68 5562
35 69 3448
35 70 1676
35 71 6532
35 72 1241
35 73 1453
35 74 2680
35 75 1724
35 76 1746
35 77 2756
35 78 3760
36 0 3160
36 1 580
36 2 296
36 3 4889
36 4 1141
36 5 486
36 6 8324
36 7 830
36 8 2456
36 9 14105
36 10 2386
36 11 4234
36 12 2927
36 13 3206
36 14 837
36 15 5815
36 16 2263
36 17 361
36 18 3310
36 19 1810
36 20 335
36 21 628
36 22 5426
36 23 3049
36 24 2272
36 25 9428
36 26 3977
36 27 5704
36 28 2270
36 29 930
36 30 5243
36 31 1208
36 32 7551
36 33 2359
36 34 8571
36 35 2853
36 36 14436
36 37 3124
36 38 1587
36 39 3715
36 40 858
36 41 456
36 42 1586
36 43 4736
36 44 10099
36 45 4371
36 46 1526
36 47 4802
36 48 3134
36 49 1977
36 50 3482
36 51 656
36 52 9237
36 53 1907
36 54 2419
36 55 10441
36 56 863
36 57 1407
36 58 1382
36 59 2324
36 60 3021
36 61 4354
36 62 3680
36 63 8027
36 64 2616
36 65 7715
36 66 15972
36 67 5588
36 68 12320
36 69 3104
36 70 3075
36 71 13180
36 72 932
36 73 2391
36 74 2187
36 75 3663
36 76 1466
36 77 4376
36 78 5937
37 0 11137
37 1 897
37 2 620
37 3 4952
37 4 1901
37 5 2617
37 6 6405
37 7 906
37 8 5187
37 9 11846
37 10 5688
37 11 3852
37 12 28508
37 13 4983
37 14 3771
37 15 6042
37 16 2275
37 17 762
37 18 2965
37 19 3571
37 20 634
37 21 797
37 22 13649
37 23 7503
37 24 15021
37 25 4424
37 26 3556
37 27 7883
37 28 2266
37 29 2095
37 30 3808
37 31 1630
37 32 5906
37 33 8341
37 34 39547
37 35 3059
37 36 3729
37 37 81798
37 38 8051
37 39 4164
37 40 2307
37 41 1081
37 42 1473
37 43 5088
37 44 7223
37 45 6449
37 46 6911
37 47 3470
37 48 5881
37 49 7845
37 50 1763
37 51 1082
37 52 12324
37 53 3506
37 54 2541
37 55 6911
37 56 2219
37 57 2218
37 58 1488
37 59 10293
37 60 22029
37 61 3680
37 62 3624
37 63 5274
37 64 5697
37 65 3923
37 66 5304
37 67 9980
37 68 17841
37 69 7139
37 70 4066
37 71 10487
37 72 2015
37 73 6734
37 74 2549
37 75 3763
37 76 7425
37 77 22824
37 78 32938
38 0 8566
38 1 540
38 2 454
38 3 3124
38 4 1245
38 5 3564
38 6 3270
38 7 581
38 8 2198
38 9 5139
38 10 3680
38 11 2018
38 12 8727
38 13 3093
38 14 5663
38 15 2639
38 16 1407
38 17 523
38 18 1737
38 19 2017
38 20 402
38 21 295
38 22 6231
38 23 3402
38 24 21745
38 25 1789
38 26 1833
38 27 4543
38 28 1506
38 29 1405
38 30 1628
38 31 709
38 32 2856
38 33 5027
38 34 10575
38 35 1405
38 36 1525
38 37 8767
38 38 21646
38 39 2602
38 40 1778
38 41 949
38 42 777
38 43 2041
38 44 3240
38 45 3291
38 46 5309
38 47 1866
38 48 2000
38 49 6204
38 50 1313
38 51 672
38 52 4944
38 53 1771
38 54 1074
38 55 3099
38 56 1656
38 57 1294
38 58 1023
38 59 9915
38 60 22298
38 61 1902
38 62 2149
38 63 2904
38 64 2757
38 65 1748
38 66 2176
38 67 5188
38 68 7532
38 69 2815
38 70 1636
38 71 4948
38 72 1679
38 73 4013
38 74 1407
38 75 2356
38 76 3812
38 77 6366
38 78 10665
39 0 4574
39 1 1829
39 2 402
39 3 13024
39 4 1504
39 5 1036
39 6 47397
39 7 1044
39 8 4584
39 9 9263
39 10 2314
39 11 6254
39 12 3686
39 13 4280
39 14 1256
39 15 12294
39 16 4278
39 17 508
39 18 17929
39 19 3067
39 20 377
39 21 959
39 22 7109
39 23 3225
39 24 3618
39 25 11311
39 26 15485
39 27 11855
39 28 3626
39 29 1363
39 30 3583
39 31 1263
39 32 5958
39 33 2150
39 34 7955
39 35 3715
39 36 5076
39 37 3372
39 38 2240
39 39 87084
39 40 1254
39 41 846
39 42 4626
39 43 34227
39 44 16540
39 45 9047
39 46 2075
39 47 7932
39 48 3244
39 49 2407
39 50 7380
39 51 939
39 52 8411
39 53 2515
39 54 4833
39 55 25841
39 56 1470
39 57 3342
39 58 1763
39 59 3171
39 60 3473
39 61 4619
39 62 10630
39 63 27552
39 64 2909
39 65 5807
39 66 15011
39 67 8053
39 68 14594
39 69 3519
39 70 4823
39 71 8055
39 72 1339
39 73 3626
39 74 1596
39 75 7027
39 76 2268
39 77 5173
39 78 7798
40 0 1920
40 1 329
40 2 647
40 3 1351
40 4 567
40 5 1386
40 6 1634
40 7 391
40 8 1040
40 9 1848
40 10 5230
40 11 1360
40 12 2207
40 13 4848
40 14 1002
40 15 1196
40 16 1000
40 17 1290
40 18 856
40 19 812
40 20 345
40 21 519
40 22 1995
40 23 2600
40 24 2546
40 25 1074
40 26 961
40 27 1909
40 28 1223
40 29 1760
40 30 1512
40 31 947
40 32 1404
40 33 3108
40 34 3150
40 35 888
40 36 849
40 37 2185
40 38 2205
40 39 1276
40 40 5822
40 41 1526
40 42 486
40 43 982
40 44 1532
40 45 1605
40 46 2596
40 47 1160
40 48 1591
40 49 1592
40 50 770
40 51 992
40 52 2362
40 53 644
40 54 656
40 55 1251
40 56 3084
40 57 817
40 58 1068
40 59 1954
40 60 3074
40 61 1649
40 62 672
40 63 1760
40 64 2990
40 65 949
40 66 1288
40 67 1785
40 68 2996
40 69 2027
40 70 785
40 71 1859
40 72 2714
40 73 1012
40 74 743
40 75 829
40 76 1347
40 77 1728
40 78 2997
41 0 1051
41 1 334
41 2 1196
41 3 895
41 4 419
41 5 344
41 6 1115
41 7 584
41 8 696
41 9 1237
41 10 1565
41 11 726
41 12 1033
41 13 4002
41 14 362
41 15 781
41 16 643
41 17 648
41 18 698
41 19 270
41 20 808
41 21 156
41 22 1055
41 23 951
41 24 752
41 25 883
41 26 577
41 27 1086
41 28 691
41 29 3371
41 30 520
41 31 562
41 32 744
41 33 939
41 34 1896
41 35 918
41 36 540
41 37 1206
41 38 876
41 39 697
41 40 612
41 41 1471
41 42 338
41 43 599
41 44 1095
41 45 869
41 46 664
41 47 579
41 48 936
41 49 633
41 50 506
41 51 1022
41 52 1492
41 53 507
41 54 640
41 55 1281
41 56 1388
41 57 487
41 58 1141
41 59 896
41 60 1357
41 61 1202
41 62 394
41 63 900
41 64 1166
41 65 689
41 66 706
41 67 1095
41 68 1763
41 69 1068
41 70 311
41 71 1304
41 72 1706
41 73 886
41 74 1103
41 75 659
41 76 652
41 77 818
41 78 1188
42 0 1388
42 1 1871
42 2 119
42 3 2505
42 4 648
42 5 263
42 6 5821
42 7 391
42 8 1077
42 9 2433
42 10 974
42 11 4651
42 12 977
42 13 1696
42 14 401
42 15 2323
42 16 2334
42 17 137
42 18 11008
42 19 590
42 20 284
42 21 482
42 22 2034
42 23 1157
42 24 1533
42 25 4472
42 26 3146
42 27 2907
42 28 1952
42 29 713
42 30 1375
42 31 401
42 32 2123
42 33 935
42 34 2747
42 35 2398
42 36 2190
42 37 1435
42 38 833
42 39 4510
42 40 428
42 41 249
42 42 4624
42 43 2896
42 44 2977
42 45 2525
42 46 768
42 47 9741
42 48 1371
42 49 1037
42 50 9181
42 51 481
42 52 2572
42 53 618
42 54 5641
42 55 4306
42 56 708
42 57 1880
42 58 1239
42 59 1003
42 60 1007
42 61 2012
42 62 1884
42 63 8468
42 64 848
42 65 2375
42 66 4336
42 67 1849
42 68 3583
42 69 1364
42 70 1270
42 71 2766
42 72 470
42 73 1048
42 74 1151
42 75 1330
42 76 557
42 77 1575
42 78 2197
43 0 5232
43 1 1762
43 2 405
43 3 14266
43 4 1072
43 5 784
43 6 33667
43 7 803
43 8 4009
43 9 7523
43 10 2337
43 11 5812
43 12 3291
43 13 4076
43 14 1157
43 15 20228
43 16 2678
43 17 328
43 18 7809
43 19 2788
43 20 311
43 21 859
43 22 7117
43 23 2888
43 24 2906
43 25 7704
43 26 26468
43 27 14690
43 28 3281
43 29 1398
43 30 2972
43 31 1249
43 32 7613
43 33 2483
43 34 7686
43 35 2781
43 36 5047
43 37 4046
43 38 2347
43 39 31447
43 40 982
43 41 725
43 42 3143
43 43 40091
43 44 15665
43 45 10735
43 46 1604
43 47 5686
43 48 2346
43 49 3078
43 50 5932
43 51 855
43 52 8336
43 53 3041
43 54 3652
43 55 34290
43 56 1190
43 57 2102
43 58 1567
43 59 2831
43 60 3663
43 61 3617
43 62 14390
43 63 16262
43 64 2248
43 65 4513
43 66 14390
43 67 7563
43 68 16409
43 69 2964
43 70 4816
43 71 7286
43 72 985
43 73 3609
43 74 1581
43 75 7432
43 76 1731
43 77 5337
43 78 6473
44 0 8111
44 1 1387
44 2 331
44 3 11915
44 4 1427
44 5 1227
44 6 28881
44 7 1205
44 8 7889
44 9 17346
44 10 3209
44 11 7070
44 12 4655
44 13 4634
44 14 1714
44 15 29469
44 16 3814
44 17 524
44 18 7558
44 19 3774
44 20 432
44 21 859
44 22 13239
44 23 3885
44 24 4952
44 25 11477
44 26 12943
44 27 15872
44 28 2572
44 29 1665
44 30 5910
44 31 1543
44 32 24377
44 33 3187
44 34 12917
44 35 3580
44 36 10718
44 37 6501
44 38 2927
44 39 13370
44 40 1626
44 41 823
44 42 3255
44 43 18369
44 44 73508
44 45 13826
44 46 2221
44 47 6817
44 48 4436
44 49 3422
44 50 5338
44 51 1230
44 52 18820
44 53 4675
44 54 4058
44 55 40067
44 56 1954
44 57 2839
44 58 1799
44 59 4718
44 60 5791
44 61 4609
44 62 12721
44 63 15778
44 64 3296
44 65 7301
44 66 19236
44 67 12605
44 68 32395
44 69 5763
44 70 6447
44 71 13611
44 72 1501
44 73 6043
44 74 2563
44 75 14583
44 76 2646
44 77 9147
44 78 11145
45 0 8710
45 1 1246
45 2 346
45 3 29916
45 4 1437
45 5 1310
45 6 14329
45 7 854
45 8 16384
45 9 10507
45 10 2438
45 11 4342
45 12 4565
45 13 4334
45 14 2422
45 15 25207
45 16 2809
45 17 420
45 18 4343
45 19 5635
45 20 531
45 21 618
45 22 12637
45 23 3653
45 24 5690
45 25 5972
45 26 14433
45 27 61342
45 28 2908
45 29 1499
45 30 3900
45 31 1348
45 32 13374
45 33 3073
45 34 11036
45 35 2670
45 36 5203
45 37 6052
45 38 3344
45 39 9255
45 40 1483
45 41 935
45 42 2258
45 43 11343
45 44 14968
45 45 118380
45 46 1646
45 47 4208
45 48 3518
45 49 5696
45 50 3273
45 51 909
45 52 14857
45 53 9887
45 54 3568
45 55 14673
45 56 1920
45 57 2496
45 58 1563
45 59 5725
45 60 5731
45 61 3145
45 62 21992
45 63 8923
45 64 2444
45 65 4212
45 66 7746
45 67 18485
45 68 29512
45 69 3534
45 70 25727
45 71 8742
45 72 1342
45 73 6632
45 74 1742
45 75 29691
45 76 2610
45 77 8894
45 78 12392
46 0 4388
46 1 304
46 2 313
46 3 2400
46 4 995
46 5 3421
46 6 2845
46 7 492
46 8 1325
46 9 3313
46 10 5907
46 11 1389
46 12 6933
46 13 3277
46 14 1295
46 15 2266
46 16 1147
46 17 558
46 18 1467
46 19 1588
46 20 300
46 21 494
46 22 3698
46 23 4470
46 24 6650
46 25 1352
46 26 1632
46 27 3224
46 28 1606
46 29 1564
46 30 2015
46 31 1003
46 32 2398
46 33 7149
46 34 8565
46 35 1260
46 36 1258
46 37 7119
46 38 6183
46 39 2052
46 40 1714
46 41 833
46 42 652
46 43 1811
46 44 3016
46 45 2325
46 46 13855
46 47 1358
46 48 2548
46 49 3174
46 50 806
46 51 753
46 52 3588
46 53 1595
46 54 1434
46 55 2224
46 56 1732
46 57 775
46 58 1061
46 59 4577
46 60 13875
46 61 1994
46 62 1668
46 63 2348
46 64 3515
46 65 1668
46 66 2108
46 67 3117
46 68 5646
46 69 3828
46 70 1276
46 71 3557
46 72 1774
46 73 2974
46 74 1592
46 75 1348
46 76 3880
46 77 4042
46 78 7599
47 0 3684
47 1 2943
47 2 318
47 3 4918
47 4 1442
47 5 593
47 6 11021
47 7 1671
47 8 2351
47 9 5288
47 10 2555
47 11 20381
47 12 2631
47 13 4571
47 14 1276
47 15 4711
47 16 7756
47 17 290
47 18 10026
47 19 1340
47 20 429
47 21 1126
47 22 4241
47 23 2735
47 24 2518
47 25 10979
47 26 4738
47 27 5392
47 28 6945
47 29 1290
47 30 3870
47 31 1325
47 32 2698
47 33 1843
47 34 6356
47 35 6626
47 36 4119
47 37 3248
47 38 1550
47 39 7629
47 40 1171
47 41 846
47 42 10362
47 43 5325
47 44 6609
47 45 4110
47 46 1403
47 47 39641
47 48 2600
47 49 2489
47 50 14711
47 51 1189
47 52 4878
47 53 1849
47 54 15997
47 55 7465
47 56 989
47 57 6325
47 58 2641
47 59 2053
47 60 3106
47 61 4821
47 62 3514
47 63 14692
47 64 2700
47 65 7225
47 66 8574
47 67 3872
47 68 8474
47 69 3775
47 70 1837
47 71 6214
47 72 1249
47 73 2395
47 74 2949
47 75 2477
47 76 1179
47 77 3607
47 78 4483
48 0 3042
48 1 459
48 2 419
48 3 3280
48 4 3941
48 5 662
48 6 5387
48 7 981
48 8 2003
48 9 10910
48 10 4615
48 11 4070
48 12 6727
48 13 3573
48 14 1059
48 15 3576
48 16 2532
48 17 271
48 18 2225
48 19 1394
48 20 327
48 21 1032
48 22 5527
48 23 8680
48 24 3325
48 25 4173
48 26 2846
48 27 4906
48 28 2328
48 29 1194
48 30 6699
48 31 1141
48 32 3980
48 33 4216
48 34 16882
48 35 3245
48 36 4571
48 37 5728
48 38 2562
48 39 3001
48 40 994
48 41 902
48 42 867
48 43 2369
48 44 4684
48 45 3357
48 46 2598
48 47 2756
48 48 18619
48 49 2521
48 50 2345
48 51 765
48 52 7463
48 53 1418
48 54 2014
48 55 4621
48 56 2231
48 57 1540
48 58 1488
48 59 2700
48 60 5091
48 61 6336
48 62 2402
48 63 4090
48 64 5834
48 65 4299
48 66 4780
48 67 4706
48 68 8868
48 69 13614
48 70 1685
48 71 18458
48 72 1387
48 73 2462
48 74 3768
48 75 2007
48 76 2637
48 77 6569
48 78 7373
49 0 31842
49 1 476
49 2 352
49 3 4457
49 4 945
49 5 1222
49 6 4631
49 7 760
49 8 4428
49 9 4436
49 10 2618
49 11 2504
49 12 6413
49 13 3336
49 14 6931
49 15 4246
49 16 1776
49 17 404
49 18 2065
49 19 4212
49 20 286
49 21 408
49 22 11101
49 23 3139
49 24 14184
49 25 2396
49 26 3031
49 27 7653
49 28 1546
49 29 1044
49 30 2054
49 31 973
49 32 3463
49 33 3421
49 34 8826
49 35 1855
49 36 2412
49 37 8035
49 38 5964
49 39 3232
49 40 1097
49 41 621
49 42 1163
49 43 2944
49 44 4198
49 45 5378
49 46 3325
49 47 1979
49 48 2539
49 49 41359
49 50 1282
49 51 781
49 52 6986
49 53 3020
49 54 1309
49 55 3784
49 56 962
49 57 1094
49 58 1067
49 59 14331
49 60 7855
49 61 1824
49 62 2248
49 63 3211
49 64 2853
49 65 2029
49 66 3339
49 67 8591
49 68 11854
49 69 2596
49 70 3454
49 71 4484
49 72 1031
49 73 11305
49 74 1552
49 75 2865
49 76 2413
49 77 8527
49 78 19408
50 0 1898
50 1 2060
50 2 261
50 3 3770
50 4 1342
50 5 432
50 6 10308
50 7 1076
50 8 1457
50 9 4435
50 10 1831
50 11 11317
50 12 1989
50 13 2549
50 14 793
50 15 3988
50 16 3774
50 17 361
50 18 9654
50 19 903
50 20 345
50 21 666
50 22 3102
50 23 1849
50 24 1984
50 25 11533
50 26 3282
50 27 4408
50 28 3154
50 29 885
50 30 2092
50 31 807
50 32 2539
50 33 1697
50 34 5165
50 35 3511
50 36 3242
50 37 2292
50 38 971
50 39 7498
50 40 863
50 41 479
50 42 7937
50 43 5028
50 44 5302
50 45 3071
50 46 687
50 47 16737
50 48 1400
50 49 1425
50 50 15614
50 51 651
50 52 3352
50 53 1358
50 54 6795
50 55 5777
50 56 1001
50 57 2980
50 58 1368
50 59 1386
50 60 2258
50 61 3260
50 62 2770
50 63 17177
50 64 1419
50 65 6240
50 66 6346
50 67 2765
50 68 5759
50 69 2506
50 70 1378
50 71 3556
50 72 840
50 73 1788
50 74 1695
50 75 2069
50 76 910
50 77 2416
50 78 3585
51 0 1079
51 1 134
51 2 290
51 3 767
51 4 634
51 5 220
51 6 967
51 7 1614
51 8 601
51 9 1373
51 10 1339
51 11 1192
51 12 992
51 13 4027
51 14 380
51 15 742
51 16 1121
51 17 108
51 18 688
51 19 444
51 20 1137
51 21 169
51 22 1117
51 23 1074
51 24 870
51 25 944
51 26 640
51 27 1103
51 28 1216
51 29 1072
51 30 818
51 31 610
51 32 974
51 33 971
51 34 1575
51 35 937
51 36 644
51 37 1044
51 38 605
51 39 1031
51 40 802
51 41 797
51 42 203
51 43 748
51 44 1095
51 45 804
51 46 794
51 47 1107
51 48 736
51 49 569
51 50 640
51 51 416
51 52 1268
51 53 321
51 54 1126
51 55 1344
51 56 1135
51 57 1082
51 58 1391
51 59 722
51 60 1272
51 61 1095
51 62 614
51 63 1555
51 64 1414
51 65 997
51 66 1182
51 67 774
51 68 1635
51 69 1041
51 70 503
51 71 1457
51 72 1146
51 73 656
51 74 1090
51 75 666
51 76 629
51 77 867
51 78 1192
52 0 15985
52 1 1177
52 2 603
52 3 9960
52 4 3168
52 5 1348
52 6 12740
52 7 1431
52 8 10207
52 9 35971
52 10 4623
52 11 6027
52 12 9061
52 13 5846
52 14 3220
52 15 12956
52 16 3424
52 17 705
52 18 5198
52 19 7498
52 20 716
52 21 1201
52 22 40023
52 23 7469
52 24 8530
52 25 7885
52 26 8232
52 27 14394
52 28 3558
52 29 1924
52 30 6674
52 31 1842
52 32 34513
52 33 5940
52 34 27285
52 35 4027
52 36 8876
52 37 16691
52 38 5442
52 39 7664
52 40 2130
52 41 1255
52 42 2575
52 43 8477
52 44 15401
52 45 13591
52 46 3829
52 47 4842
52 48 8457
52 49 8054
52 50 4051
52 51 1336
52 52 114222
52 53 7474
52 54 3695
52 55 13960
52 56 3120
52 57 2611
52 58 1908
52 59 8818
52 60 10510
52 61 6129
52 62 8570
52 63 9944
52 64 4990
52 65 6456
52 66 11601
52 67 20262
52 68 69472
52 69 6932
52 70 8001
52 71 21946
52 72 2141
52 73 9176
52 74 3063
52 75 8840
52 76 4653
52 77 32830
52 78 22591
53 0 6587
53 1 476
53 2 265
53 3 5492
53 4 530
53 5 456
53 6 4483
53 7 436
53 8 16236
53 9 5691
53 10 1373
53 11 1542
53 12 2904
53 13 2065
53 14 1344
53 15 5206
53 16 1089
53 17 253
53 18 1752
53 19 6629
53 20 174
53 21 251
53 22 11114
53 23 1735
53 24 2899
53 25 2033
53 26 3313
53 27 11256
53 28 1409
53 29 747
53 30 1755
53 31 520
53 32 4954
53 33 1930
53 34 5563
53 35 1154
53 36 1997
53 37 3728
53 38 1994
53 39 2974
53 40 828
53 41 235
53 42 955
53 43 3572
53 44 5642
53 45 10533
53 46 1353
53 47 828
53 48 1826
53 49 3975
53 50 1541
53 51 367
53 52 8523
53 53 20266
53 54 1391
53 55 4327
53 56 896
53 57 1018
53 58 721
53 59 2778
53 60 2986
53 61 1692
53 62 3904
53 63 2940
53 64 1369
53 65 1567
53 66 2912
53 67 23570
53 68 21785
53 69 1686
53 70 8042
53 71 4447
53 72 743
53 73 5636
53 74 810
53 75 3669
53 76 949
53 77 5527
53 78 7476
54 0 2646
54 1 4122
54 2 409
54 3 3724
54 4 1445
54 5 571
54 6 7149
54 7 1426
54 8 1725
54 9 3932
54 10 1820
54 11 7674
54 12 1926
54 13 3218
54 14 884
54 15 3700
54 16 14859
54 17 416
54 18 6074
54 19 1079
54 20 419
54 21 660
54 22 3252
54 23 1986
54 24 2023
54 25 5918
54 26 3136
54 27 3876
54 28 5881
54 29 1084
54 30 2592
54 31 1296
54 32 2094
54 33 1497
54 34 4088
54 35 3875
54 36 2506
54 37 2491
54 38 1548
54 39 5540
54 40 951
54 41 966
54 42 5421
54 43 3535
54 44 4078
54 45 3302
54 46 1245
54 47 16195
54 48 2349
54 49 1455
54 50 6271
54 51 979
54 52 3907
54 53 1182
54 54 28335
54 55 5141
54 56 1474
54 57 6595
54 58 1652
54 59 1752
54 60 2484
54 61 3726
54 62 2323
54 63 8715
54 64 1618
54 65 4700
54 66 4931
54 67 2808
54 68 5581
54 69 2097
54 70 1754
54 71 4357
54 72 967
54 73 1535
54 74 1738
54 75 2044
54 76 1005
54 77 2523
54 78 3171
55 0 7287
55 1 1956
55 2 444
55 3 14843
55 4 2361
55 5 987
55 6 59649
55 7 1252
55 8 7947
55 9 12348
55 10 3134
55 11 8167
55 12 5021
55 13 5195
55 14 1459
55 15 28771
55 16 4329
55 17 420
55 18 11714
55 19 3503
55 20 532
55 21 982
55 22 10532
55 23 4808
55 24 5269
55 25 13055
55 26 20187
55 27 19902
55 28 3956
55 29 1371
55 30 5064
55 31 1495
55 32 14394
55 33 3251
55 34 11383
55 35 3832
55 36 9710
55 37 6637
55 38 3149
55 39 26166
55 40 1711
55 41 1072
55 42 3590
55 43 46874
55 44 37094
55 45 16139
55 46 2774
55 47 6987
55 48 4236
55 49 3552
55 50 6192
55 51 1367
55 52 13989
55 53 4334
55 54 5697
55 55 83388
55 56 1666
55 57 2730
55 58 1875
55 59 3842
55 60 5608
55 61 4650
55 62 16118
55 63 20937
55 64 3838
55 65 7534
55 66 25700
55 67 10331
55 68 24507
55 69 4707
55 70 6054
55 71 11701
55 72 1725
55 73 5177
55 74 2787
55 75 13364
55 76 2673
55 77 7721
55 78 10538
56 0 1945
56 1 378
56 2 549
56 3 1805
56 4 1409
56 5 838
56 6 2232
56 7 424
56 8 950
56 9 2537
56 10 5377
56 11 1991
56 12 2688
56 13 7576
56 14 617
56 15 1307
56 16 1635
56 17 516
56 18 1019
56 19 1038
56 20 757
56 21 117
56 22 2097
56 23 4008
56 24 1979
56 25 1483
56 26 1518
56 27 2429
56 28 2157
56 29 4194
56 30 1503
56 31 2548
56 32 1577
56 33 2891
56 34 4555
56 35 1678
56 36 1516
56 37 2695
56 38 1441
56 39 1779
56 40 2395
56 41 1286
56 42 643
56 43 1224
56 44 2157
56 45 1576
56 46 1719
56 47 1587
56 48 2068
56 49 1522
56 50 950
56 51 1082
56 52 3133
56 53 809
56 54 1086
56 55 2296
56 56 3709
56 57 1297
56 58 1640
56 59 1523
56 60 2440
56 61 2804
56 62 1173
56 63 1534
56 64 7187
56 65 1694
56 66 1969
56 67 1552
56 68 3284
56 69 3324
56 70 867
56 71 3239
56 72 2464
56 73 1305
56 74 1334
56 75 803
56 76 1427
56 77 2005
56 78 3292
57 0 2045
57 1 1578
57 2 327
57 3 2481
57 4 868
57 5 612
57 6 3760
57 7 2777
57 8 1191
57 9 2883
57 10 1159
57 11 6082
57 12 1592
57 13 4426
57 14 732
57 15 2297
57 16 11503
57 17 312
57 18 3421
57 19 694
57 20 297
57 21 864
57 22 2648
57 23 2039
57 24 1862
57 25 3640
57 26 1671
57 27 2568
57 28 8490
57 29 608
57 30 2156
57 31 741
57 32 1644
57 33 1521
57 34 4196
57 35 3951
57 36 1665
57 37 1932
57 38 1097
57 39 2557
57 40 869
57 41 541
57 42 1723
57 43 1926
57 44 2539
57 45 2072
57 46 908
57 47 6141
57 48 1455
57 49 1212
57 50 2806
57 51 1264
57 52 2423
57 53 810
57 54 5566
57 55 3391
57 56 992
57 57 8428
57 58 2473
57 59 1272
57 60 2236
57 61 2597
57 62 1553
57 63 4383
57 64 1887
57 65 3082
57 66 3725
57 67 1935
57 68 3704
57 69 2035
57 70 1103
57 71 3099
57 72 759
57 73 1346
57 74 1968
57 75 1279
57 76 792
57 77 1551
57 78 2447
58 0 1624
58 1 664
58 2 284
58 3 1575
58 4 935
58 5 524
58 6 2007
58 7 3346
58 8 924
58 9 2268
58 10 1532
58 11 2660
58 12 1177
58 13 4270
58 14 500
58 15 1437
58 16 2774
58 17 255
58 18 1476
58 19 714
58 20 140
58 21 955
58 22 1853
58 23 1472
58 24 1349
58 25 2120
58 26 1339
58 27 2407
58 28 7051
58 29 1341
58 30 1649
58 31 1654
58 32 1351
58 33 1336
58 34 3132
58 35 2237
58 36 1172
58 37 1985
58 38 927
58 39 1954
58 40 833
58 41 792
58 42 1252
58 43 1218
58 44 2140
58 45 1445
58 46 651
58 47 2304
58 48 1686
58 49 972
58 50 1810
58 51 1851
58 52 2315
58 53 605
58 54 1975
58 55 1949
58 56 1283
58 57 1633
58 58 5249
58 59 1297
58 60 1898
58 61 3730
58 62 1269
58 63 2063
58 64 2141
58 65 2188
58 66 1816
58 67 1897
58 68 2916
58 69 1848
58 70 1011
58 71 2762
58 72 733
58 73 1064
58 74 1477
58 75 971
58 76 1193
58 77 1710
58 78 2162
59 0 21559
59 1 847
59 2 390
59 3 4187
59 4 1086
59 5 2010
59 6 4319
59 7 743
59 8 3419
59 9 5929
59 10 3645
59 11 2450
59 12 10718
59 13 3407
59 14 7060
59 15 3953
59 16 1725
59 17 449
59 18 2049
59 19 4251
59 20 481
59 21 423
59 22 10383
59 23 4227
59 24 24495
59 25 2822
59 26 3033
59 27 7199
59 28 2275
59 29 1458
59 30 2431
59 31 1030
59 32 5012
59 33 4718
59 34 12456
59 35 1887
59 36 2077
59 37 11818
59 38 10334
59 39 3466
59 40 1979
59 41 727
59 42 1050
59 43 2703
59 44 4639
59 45 4846
59 46 4791
59 47 2196
59 48 3388
59 49 19121
59 50 1165
59 51 749
59 52 8570
59 53 3083
59 54 1540
59 55 4708
59 56 1610
59 57 1179
59 58 899
59 59 25597
59 60 13309
59 61 2376
59 62 2729
59 63 3365
59 64 2862
59 65 2599
59 66 3490
59 67 9928
59 68 13762
59 69 3725
59 70 3072
59 71 5585
59 72 1237
59 73 9196
59 74 1527
59 75 2400
59 76 2717
59 77 10685
59 78 33272
60 0 12806
60 1 690
60 2 513
60 3 5432
60 4 2051
60 5 4567
60 6 5372
60 7 816
60 8 3690
60 9 10088
60 10 7842
60 11 3600
60 12 24522
60 13 5446
60 14 5236
60 15 5157
60 16 2232
60 17 1197
60 18 2792
60 19 4152
60 20 657
60 21 503
60 22 10478
60 23 7897
60 24 27158
60 25 4057
60 26 3115
60 27 7045
60 28 3436
60 29 2519
60 30 4083
60 31 2372
60 32 5478
60 33 9711
60 34 20677
60 35 2970
60 36 3414
60 37 24980
60 38 20466
60 39 4287
60 40 3046
60 41 1113
60 42 1276
60 43 4074
60 44 6100
60 45 5488
60 46 14888
60 47 3132
60 48 5266
60 49 9400
60 50 2164
60 51 1295
60 52 10958
60 53 2878
60 54 2739
60 55 5458
60 56 2594
60 57 2314
60 58 1958
60 59 12950
60 60 62548
60 61 3893
60 62 3399
60 63 4858
60 64 6195
60 65 3056
60 66 4420
60 67 9763
60 68 14856
60 69 5856
60 70 3687
60 71 7956
60 72 2930
60 73 6797
60 74 1854
60 75 4213
60 76 9381
60 77 10290
60 78 24146
61 0 3895
61 1 1035
61 2 426
61 3 3634
61 4 4898
61 5 969
61 6 6176
61 7 1644
61 8 2354
61 9 6816
61 10 3706
61 11 5310
61 12 2676
61 13 6511
61 14 793
61 15 4265
61 16 3668
61 17 429
61 18 3819
61 19 1521
61 20 706
61 21 1907
61 22 4657
61 23 5423
61 24 3206
61 25 5644
61 26 2609
61 27 5448
61 28 6033
61 29 2103
61 30 10815
61 31 2327
61 32 3708
61 33 3379
61 34 7562
61 35 12028
61 36 4267
61 37 3713
61 38 2055
61 39 4293
61 40 1654
61 41 1266
61 42 2311
61 43 2610
61 44 5676
61 45 3811
61 46 2065
61 47 6195
61 48 5742
61 49 2361
61 50 3178
61 51 1202
61 52 6433
61 53 1851
61 54 3885
61 55 5263
61 56 2559
61 57 2930
61 58 3090
61 59 2282
61 60 3465
61 61 21744
61 62 1988
61 63 7308
61 64 5712
61 65 8874
61 66 5094
61 67 3916
61 68 8386
61 69 6657
61 70 1805
61 71 10402
61 72 1604
61 73 2712
61 74 6377
61 75 2339
61 76 2543
61 77 4136
61 78 5189
62 0 5362
62 1 914
62 2 284
62 3 26146
62 4 997
62 5 836
62 6 13881
62 7 872
62 8 6625
62 9 7945
62 10 1558
62 11 3487
62 12 3002
62 13 2933
62 14 1374
62 15 44048
62 16 1788
62 17 297
62 18 4170
62 19 2866
62 20 376
62 21 525
62 22 6950
62 23 2515
62 24 2942
62 25 4812
62 26 21201
62 27 27620
62 28 2111
62 29 756
62 30 2945
62 31 1083
62 32 6129
62 33 1701
62 34 6348
62 35 1629
62 36 3361
62 37 4025
62 38 2182
62 39 9076
62 40 880
62 41 480
62 42 1922
62 43 10855
62 44 11748
62 45 22518
62 46 1498
62 47 3367
62 48 1830
62 49 2872
62 50 2473
62 51 754
62 52 8120
62 53 4568
62 54 1917
62 55 16960
62 56 1386
62 57 1411
62 58 964
62 59 2613
62 60 3569
62 61 2499
62 62 37552
62 63 7908
62 64 1924
62 65 3153
62 66 7550
62 67 8953
62 68 16407
62 69 2662
62 70 7912
62 71 5836
62 72 961
62 73 3703
62 74 1341
62 75 15889
62 76 1408
62 77 4663
62 78 5917
63 0 5248
63 1 2866
63 2 564
63 3 11332
63 4 1664
63 5 1185
63 6 41144
63 7 1184
63 8 4730
63 9 10529
63 10 3063
63 11 11650
63 12 3539
63 13 5894
63 14 1409
63 15 11561
63 16 6987
63 17 440
63 18 30042
63 19 3132
63 20 511
63 21 687
63 22 7602
63 23 5215
63 24 4164
63 25 24184
63 26 10653
63 27 12999
63 28 5547
63 29 1701
63 30 5583
63 31 1210
63 32 7968
63 33 3066
63 34 10454
63 35 6605
63 36 8231
63 37 5981
63 38 2881
63 39 26689
63 40 1482
63 41 1007
63 42 10620
63 43 15940
63 44 14415
63 45 8133
63 46 2709
63 47 15687
63 48 4694
63 49 3541
63 50 16260
63 51 1319
63 52 8833
63 53 2780
63 54 7793
63 55 23040
63 56 1916
63 57 4793
63 58 2570
63 59 4008
63 60 5156
63 61 5611
63 62 7012
63 63 95391
63 64 3916
63 65 10494
63 66 24745
63 67 7326
63 68 14354
63 69 4147
63 70 4683
63 71 10439
63 72 1698
63 73 4541
63 74 2627
63 75 5865
63 76 1547
63 77 5566
63 78 7713
64 0 3820
64 1 786
64 2 630
64 3 2906
64 4 2343
64 5 1396
64 6 4265
64 7 1221
64 8 1696
64 9 4777
64 10 10040
64 11 3551
64 12 6298
64 13 9224
64 14 1727
64 15 2647
64 16 1955
64 17 647
64 18 2133
64 19 1444
64 20 1015
64 21 919
64 22 4418
64 23 9861
64 24 4183
64 25 2881
64 26 2257
64 27 4671
64 28 3707
64 29 3810
64 30 3166
64 31 5892
64 32 3006
64 33 6504
64 34 8975
64 35 2347
64 36 2120
64 37 4718
64 38 3159
64 39 3032
64 40 3155
64 41 1640
64 42 1047
64 43 2116
64 44 4135
64 45 2959
64 46 3586
64 47 2721
64 48 5768
64 49 2594
64 50 1721
64 51 1445
64 52 4340
64 53 1289
64 54 2399
64 55 4041
64 56 7266
64 57 1852
64 58 2318
64 59 2451
64 60 5661
64 61 6767
64 62 2027
64 63 3683
64 64 27479
64 65 3716
64 66 4275
64 67 3799
64 68 6196
64 69 12190
64 70 1498
64 71 6986
64 72 3074
64 73 2331
64 74 5163
64 75 1715
64 76 3572
64 77 4660
64 78 4705
65 0 4511
65 1 1281
65 2 450
65 3 4515
65 4 1806
65 5 813
65 6 9243
65 7 1382
65 8 2656
65 9 8234
65 10 2117
65 11 12993
65 12 3150
65 13 4841
65 14 1046
65 15 5010
65 16 4023
65 17 539
65 18 6151
65 19 1474
65 20 586
65 21 419
65 22 5025
65 23 3466
65 24 2240
65 25 11261
65 26 3090
65 27 5357
65 28 4239
65 29 2011
65 30 8201
65 31 1297
65 32 5137
65 33 2407
65 34 7929
65 35 12296
65 36 7836
65 37 3818
65 38 2500
65 39 5205
65 40 1168
65 41 733
65 42 2895
65 43 4501
65 44 6956
65 45 4035
65 46 1888
65 47 8847
65 48 4342
65 49 2338
65 50 6073
65 51 897
65 52 7169
65 53 1625
65 54 5101
65 55 7567
65 56 1534
65 57 3006
65 58 1821
65 59 2366
65 60 3651
65 61 7971
65 62 3206
65 63 11048
65 64 3469
65 65 21272
65 66 10406
65 67 3435
65 68 8766
65 69 4777
65 70 1855
65 71 12263
65 72 996
65 73 2258
65 74 3524
65 75 2809
65 76 1475
65 77 4456
65 78 4718
66 0 5924
66 1 1850
66 2 365
66 3 8519
66 4 2600
66 5 932
66 6 35243
66 7 1379
66 8 5130
66 9 11685
66 10 2955
66 11 11026
66 12 4050
66 13 4927
66 14 1466
66 15 12447
66 16 4164
66 17 523
66 18 8441
66 19 2453
66 20 464
66 21 802
66 22 8058
66 23 4204
66 24 4205
66 25 26021
66 26 7943
66 27 10897
66 28 3648
66 29 1924
66 30 6340
66 31 1303
66 32 8954
66 33 2849
66 34 11353
66 35 5533
66 36 10268
66 37 5442
66 38 2128
66 39 13798
66 40 1370
66 41 938
66 42 3644
66 43 12781
66 44 25120
66 45 8431
66 46 2196
66 47 7731
66 48 4614
66 49 2903
66 50 6928
66 51 1247
66 52 11769
66 53 3103
66 54 5074
66 55 29326
66 56 2114
66 57 3037
66 58 1967
66 59 3426
66 60 4269
66 61 5419
66 62 8260
66 63 24343
66 64 3710
66 65 12186
66 66 58679
66 67 6856
66 68 17306
66 69 4977
66 70 3967
66 71 11950
66 72 1279
66 73 3781
66 74 2110
66 75 6288
66 76 2400
66 77 6019
66 78 8403
67 0 18956
67 1 1334
67 2 334
67 3 11480
67 4 1554
67 5 1451
67 6 10396
67 7 1235
67 8 22918
67 9 11700
67 10 3711
67 11 4561
67 12 6624
67 13 5032
67 14 3340
67 15 12426
67 16 2482
67 17 474
67 18 4560
67 19 21128
67 20 488
67 21 643
67 22 40997
67 23 4540
67 24 7884
67 25 5505
67 26 6105
67 27 19725
67 28 3084
67 29 1577
67 30 3818
67 31 1175
67 32 11046
67 33 4205
67 34 16325
67 35 2666
67 36 4268
67 37 9567
67 38 4765
67 39 7291
67 40 1626
67 41 1136
67 42 1887
67 43 6911
67 44 11980
67 45 17135
67 46 3604
67 47 3794
67 48 4295
67 49 8996
67 50 2835
67 51 664
67 52 22528
67 53 24570
67 54 2976
67 55 11279
67 56 1743
67 57 2196
67 58 1435
67 59 9028
67 60 7636
67 61 4081
67 62 7693
67 63 7177
67 64 3478
67 65 4165
67 66 7568
67 67 137184
67 68 56939
67 69 4101
67 70 11913
67 71 10009
67 72 1626
67 73 17886
67 74 1920
67 75 10415
67 76 2552
67 77 16055
67 78 25160
68 0 22534
68 1 1791
68 2 543
68 3 21082
68 4 3098
68 5 2570
68 6 22627
68 7 2162
68 8 32361
68 9 37044
68 10 7321
68 11 8755
68 12 12334
68 13 8171
68 14 4583
68 15 28702
68 16 4636
68 17 802
68 18 8535
68 19 14296
68 20 854
68 21 1310
68 22 65863
68 23 9460
68 24 11907
68 25 10942
68 26 15393
68 27 34583
68 28 5838
68 29 2686
68 30 7996
68 31 2428
68 32 45557
68 33 6146
68 34 30804
68 35 6209
68 36 12490
68 37 17658
68 38 8282
68 39 13294
68 40 2941
68 41 1809
68 42 3642
68 43 16805
68 44 29598
68 45 33751
68 46 5474
68 47 8553
68 48 9523
68 49 11423
68 50 5604
68 51 1738
68 52 72394
68 53 18179
68 54 5571
68 55 24800
68 56 3328
68 57 4313
68 58 2639
68 59 13230
68 60 14150
68 61 7771
68 62 16831
68 63 14957
68 64 6511
68 65 9174
68 66 18216
68 67 60878
68 68 264684
68 69 8316
68 70 20690
68 71 22663
68 72 2942
68 73 19597
68 74 4814
68 75 24915
68 76 5727
68 77 28671
68 78 34147
69 0 4457
69 1 924
69 2 709
69 3 3266
69 4 5586
69 5 824
69 6 4804
69 7 893
69 8 2321
69 9 7729
69 10 7811
69 11 3878
69 12 6380
69 13 7734
69 14 1228
69 15 4072
69 16 2251
69 17 518
69 18 2620
69 19 1857
69 20 603
69 21 1186
69 22 5802
69 23 20314
69 24 4227
69 25 4371
69 26 2307
69 27 5151
69 28 3446
69 29 2602
69 30 6164
69 31 3021
69 32 3046
69 33 4621
69 34 14192
69 35 3144
69 36 4109
69 37 6598
69 38 3135
69 39 2883
69 40 2414
69 41 889
69 42 1365
69 43 2695
69 44 4760
69 45 3952
69 46 3414
69 47 3643
69 48 13060
69 49 3152
69 50 2279
69 51 1180
69 52 6109
69 53 1704
69 54 2635
69 55 4463
69 56 3399
69 57 2045
69 58 2091
69 59 2802
69 60 6972
69 61 5831
69 62 2554
69 63 4479
69 64 11157
69 65 4432
69 66 4214
69 67 4255
69 68 9499
69 69 32041
69 70 1703
69 71 11087
69 72 1770
69 73 3267
69 74 4843
69 75 1933
69 76 4602
69 77 5470
69 78 6584
70 0 5883
70 1 469
70 2 201
70 3 12670
70 4 505
70 5 654
70 6 5728
70 7 435
70 8 18045
70 9 5623
70 10 1528
70 11 2719
70 12 2636
70 13 2335
70 14 1366
70 15 10389
70 16 1511
70 17 372
70 18 2419
70 19 4121
70 20 80
70 21 364
70 22 8236
70 23 1906
70 24 2803
70 25 2697
70 26 5826
70 27 26450
70 28 1487
70 29 624
70 30 1956
70 31 629
70 32 4295
70 33 2281
70 34 6603
70 35 1482
70 36 2370
70 37 4165
70 38 1970
70 39 4505
70 40 774
70 41 533
70 42 1136
70 43 5215
70 44 7151
70 45 27141
70 46 1512
70 47 1850
70 48 1764
70 49 3853
70 50 1593
70 51 564
70 52 6870
70 53 10678
70 54 1426
70 55 6232
70 56 1123
70 57 1075
70 58 773
70 59 2509
70 60 3275
70 61 1797
70 62 6569
70 63 3850
70 64 1757
70 65 1692
70 66 3973
70 67 14088
70 68 19278
70 69 1655
70 70 24867
70 71 4156
70 72 659
70 73 4920
70 74 1162
70 75 6750
70 76 1285
70 77 4747
70 78 6500
71 0 8419
71 1 898
71 2 602
71 3 7591
71 4 3503
71 5 1635
71 6 13392
71 7 1352
71 8 5188
71 9 32382
71 10 5479
71 11 6747
71 12 9025
71 13 6680
71 14 2314
71 15 8720
71 16 4502
71 17 1026
71 18 5811
71 19 3355
71 20 807
71 21 947
71 22 12907
71 23 9058
71 24 7257
71 25 10486
71 26 6471
71 27 10704
71 28 4099
71 29 2417
71 30 15495
71 31 2536
71 32 12303
71 33 4960
71 34 27340
71 35 6310
71 36 13035
71 37 8992
71 38 3857
71 39 8062
71 40 2432
71 41 1455
71 42 2704
71 43 6810
71 44 13821
71 45 7957
71 46 3409
71 47 5868
71 48 15312
71 49 4595
71 50 5131
71 51 1280
71 52 22804
71 53 3553
71 54 4240
71 55 11349
71 56 2723
71 57 3290
71 58 2609
71 59 5110
71 60 7725
71 61 8242
71 62 5737
71 63 11985
71 64 6210
71 65 11695
71 66 12414
71 67 9323
71 68 20792
71 69 10830
71 70 3655
71 71 69147
71 72 2342
71 73 6118
71 74 4334
71 75 5155
71 76 4789
71 77 13966
71 78 13951
72 0 1692
72 1 442
72 2 1099
72 3 1502
72 4 847
72 5 769
72 6 1917
72 7 642
72 8 1190
72 9 1566
72 10 3200
72 11 1523
72 12 1922
72 13 6418
72 14 775
72 15 1347
72 16 868
72 17 2191
72 18 1033
72 19 574
72 20 219
72 21 360
72 22 1871
72 23 2285
72 24 1748
72 25 1186
72 26 1273
72 27 1582
72 28 1267
72 29 4843
72 30 1122
72 31 1295
72 32 969
72 33 2093
72 34 3065
72 35 1024
72 36 1144
72 37 1426
72 38 1305
72 39 1403
72 40 1711
72 41 2340
72 42 529
72 43 1062
72 44 1583
72 45 1289
72 46 1600
72 47 1316
72 48 1293
72 49 1347
72 50 816
72 51 1068
72 52 1934
72 53 517
72 54 933
72 55 1010
72 56 2369
72 57 991
72 58 1009
72 59 1583
72 60 2692
72 61 1944
72 62 784
72 63 1841
72 64 2731
72 65 1490
72 66 1444
72 67 1526
72 68 2530
72 69 2420
72 70 814
72 71 1826
72 72 9616
72 73 1013
72 74 1142
72 75 717
72 76 1428
72 77 1285
72 78 2278
73 0 37721
73 1 669
73 2 474
73 3 5420
73 4 657
73 5 991
73 6 4742
73 7 529
73 8 6275
73 9 6804
73 10 2867
73 11 2417
73 12 4164
73 13 2849
73 14 2992
73 15 5411
73 16 1554
73 17 234
73 18 1942
73 19 14059
73 20 279
73 21 284
73 22 18397
73 23 3463
73 24 8664
73 25 2908
73 26 3320
73 27 9363
73 28 1882
73 29 1277
73 30 1986
73 31 866
73 32 5779
73 33 2766
73 34 8888
73 35 1847
73 36 2584
73 37 7960
73 38 4758
73 39 3116
73 40 1143
73 41 797
73 42 1108
73 43 3646
73 44 5295
73 45 6690
73 46 2853
73 47 2515
73 48 2570
73 49 9883
73 50 1843
73 51 677
73 52 10608
73 53 6002
73 54 1358
73 55 5110
73 56 1486
73 57 1619
73 58 885
73 59 9374
73 60 6935
73 61 2144
73 62 2877
73 63 3921
73 64 2439
73 65 2468
73 66 3314
73 67 18444
73 68 18247
73 69 2556
73 70 4815
73 71 5214
73 72 938
73 73 55382
73 74 1241
73 75 3711
73 76 2247
73 77 9702
73 78 24360
74 0 1777
74 1 671
74 2 263
74 3 1869
74 4 4841
74 5 849
74 6 2683
74 7 1012
74 8 938
74 9 3281
74 10 2867
74 11 3043
74 12 2296
74 13 7211
74 14 652
74 15 2390
74 16 2117
74 17 152
74 18 1823
74 19 837
74 20 449
74 21 1713
74 22 2216
74 23 3412
74 24 1947
74 25 2786
74 26 1727
74 27 2548
74 28 3237
74 29 1911
74 30 2970
74 31 2377
74 32 2018
74 33 1646
74 34 4645
74 35 1779
74 36 1610
74 37 1964
74 38 1429
74 39 1525
74 40 1077
74 41 1107
74 42 804
74 43 1895
74 44 2382
74 45 1843
74 46 1444
74 47 2364
74 48 2394
74 49 1153
74 50 1630
74 51 616
74 52 2935
74 53 641
74 54 1186
74 55 2948
74 56 2252
74 57 1158
74 58 2578
74 59 1706
74 60 2915
74 61 7043
74 62 1026
74 63 3343
74 64 5281
74 65 2997
74 66 2376
74 67 2365
74 68 4460
74 69 4440
74 70 1069
74 71 3829
74 72 1121
74 73 1367
74 74 10392
74 75 987
74 76 1386
74 77 2681
74 78 2889
75 0 5280
75 1 802
75 2 127
75 3 13865
75 4 866
75 5 342
75 6 9464
75 7 719
75 8 8918
75 9 7939
75 10 1368
75 11 2533
75 12 2604
75 13 2377
75 14 1184
75 15 30844
75 16 1718
75 17 156
75 18 2941
75 19 3408
75 20 155
75 21 308
75 22 7098
75 23 2363
75 24 2706
75 25 3680
75 26 8019
75 27 19460
75 28 1604
75 29 1174
75 30 2317
75 31 952
75 32 10133
75 33 2253
75 34 6135
75 35 2220
75 36 3645
75 37 3148
75 38 1413
75 39 6836
75 40 1036
75 41 450
75 42 966
75 43 6627
75 44 11063
75 45 26564
75 46 1358
75 47 3078
75 48 2289
75 49 2769
75 50 2026
75 51 410
75 52 8923
75 53 4536
75 54 2267
75 55 11463
75 56 950
75 57 1523
75 58 877
75 59 2973
75 60 3338
75 61 2125
75 62 14177
75 63 5222
75 64 1944
75 65 3013
75 66 6449
75 67 9064
75 68 23968
75 69 2563
75 70 8487
75 71 5872
75 72 984
75 73 3067
75 74 843
75 75 21674
75 76 763
75 77 4977
75 78 6611
76 0 2970
76 1 363
76 2 265
76 3 1738
76 4 564
76 5 1433
76 6 2811
76 7 542
76 8 1322
76 9 3614
76 10 3883
76 11 1727
76 12 11025
76 13 2596
76 14 598
76 15 2020
76 16 1062
76 17 408
76 18 1037
76 19 1255
76 20 340
76 21 409
76 22 4314
76 23 7818
76 24 4499
76 25 1559
76 26 1335
76 27 3101
76 28 1399
76 29 1271
76 30 1370
76 31 1370
76 32 2559
76 33 7660
76 34 11169
76 35 919
76 36 1688
76 37 6677
76 38 2512
76 39 1605
76 40 1968
76 41 924
76 42 730
76 43 1413
76 44 2530
76 45 2997
76 46 3510
76 47 1536
76 48 2691
76 49 2125
76 50 1030
76 51 573
76 52 4810
76 53 1033
76 54 903
76 55 2335
76 56 2303
76 57 751
76 58 754
76 59 2700
76 60 9860
76 61 2783
76 62 1318
76 63 1876
76 64 2642
76 65 1683
76 66 2387
76 67 3088
76 68 5640
76 69 4172
76 70 1268
76 71 4930
76 72 1405
76 73 2106
76 74 1552
76 75 1661
76 76 4785
76 77 3779
76 78 5736
77 0 12704
77 1 1083
77 2 506
77 3 6701
77 4 2119
77 5 1382
77 6 8550
77 7 896
77 8 5691
77 9 16958
77 10 3731
77 11 3866
77 12 12973
77 13 4602
77 14 2535
77 15 8036
77 16 2732
77 17 435
77 18 3420
77 19 6278
77 20 315
77 21 758
77 22 35019
77 23 7226
77 24 10047
77 25 4664
77 26 4462
77 27 9013
77 28 2865
77 29 1960
77 30 5040
77 31 1501
77 32 9155
77 33 4430
77 34 37695
77 35 3007
77 36 4984
77 37 21482
77 38 6059
77 39 5593
77 40 2057
77 41 825
77 42 1571
77 43 4229
77 44 8331
77 45 7733
77 46 3830
77 47 3802
77 48 7026
77 49 7305
77 50 2536
77 51 936
77 52 34361
77 53 4332
77 54 2424
77 55 7997
77 56 2040
77 57 2036
77 58 1466
77 59 7720
77 60 11357
77 61 4811
77 62 4013
77 63 5884
77 64 4769
77 65 4262
77 66 5643
77 67 16772
77 68 32366
77 69 5959
77 70 5043
77 71 13267
77 72 1700
77 73 10090
77 74 2322
77 75 5129
77 76 4426
77 77 50071
77 78 35466
78 0 44659
78 1 1555
78 2 642
78 3 8765
78 4 2337
78 5 2617
78 6 9867
78 7 1444
78 8 9855
78 9 15417
78 10 6292
78 11 4586
78 12 16647
78 13 6339
78 14 7090
78 15 9185
78 16 3241
78 17 622
78 18 4015
78 19 11837
78 20 588
78 21 802
78 22 43255
78 23 7699
78 24 24275
78 25 6031
78 26 6619
78 27 14520
78 28 3757
78 29 2445
78 30 4099
78 31 2051
78 32 11276
78 33 7728
78 34 29087
78 35 3522
78 36 5247
78 37 29705
78 38 10910
78 39 6780
78 40 3067
78 41 1448
78 42 2376
78 43 6936
78 44 11096
78 45 12451
78 46 6380
78 47 5139
78 48 6104
78 49 20285
78 50 2607
78 51 1180
78 52 24714
78 53 8188
78 54 3441
78 55 9857
78 56 3008
78 57 2795
78 58 2088
78 59 31515
78 60 22717
78 61 5057
78 62 6513
78 63 7977
78 64 6247
78 65 4928
78 66 8014
78 67 25437
78 68 34482
78 69 7470
78 70 7726
78 71 13537
78 72 2782
78 73 25410
78 74 3113
78 75 7785
78 76 6783
78 77 35644
78 78 122213
#Chi tiet cac cum
5.5046786144814694
9
26 7.794965374824183 58.62536625266552 0.0
95 4.856850514105543 60.238282994670996 0.0
156 10.050269826681383 61.59582131361119 0.0
222 1.2350348125652237 60.167723976742415 0.0
232 7.570175894777743 60.80950442530442 0.0
249 9.212465766455129 62.922064136894 0.0
274 7.847373663996528 63.13855966681798 0.0
363 3.915928382934573 62.21741266072047 0.0
375 6.008712336280281 66.28240085680602 0.0
1.7529748204046525
2
122 83.75113601409817 0.6787465470055289 0.0
212 86.57096607376715 2.7620711300885605 0.0
0.0
1
327 89.38088630530099 99.88822707383079 0.0
4.96634609176737
10
46 14.182795230844057 1.566237667003246 0.0
58 11.185913926155543 5.154356889316104 0.0
69 15.769505706244596 1.7419909103969267 0.0
128 10.772284937760757 0.5766735076118114 0.0
133 11.45409447043089 1.221569518502292 0.0
183 10.16189953279294 5.338034541039668 0.0
293 16.750803459692182 0.6819746210601753 0.0
371 12.785317261801069 3.9263886606152636 0.0
393 18.553423541310792 3.3911925853151637 0.0
426 14.73184881675847 3.4460133284209173 0.0
0.38545640179912966
2
11 62.55847493884347 53.40064078992601 0.0
204 63.01585158030091 52.780065928526646 0.0
2.4896174088892264
2
198 34.60835264902725 97.30907894355202 0.0
409 37.893295556311855 93.56716372986028 0.0
4.479752300893736
10
19 49.74433726139831 11.90714879490383 0.0
41 42.874180350341504 15.365697849811045 0.0
96 48.200022110929574 10.01771470382126 0.0
145 42.706015876100686 10.209210981678778 0.0
180 45.97799749702293 13.597869302772242 0.0
194 44.98932925569204 14.16830958379613 0.0
241 43.88533503636928 10.76751557626267 0.0
266 44.21113988572145 8.748598725093329 0.0
368 45.57198879500294 8.490476121935231 0.0
440 44.488442545680094 16.31208569345563 0.0
3.7440118880466358
2
56 99.43080319476142 39.53863967456926 0.0
189 98.90035389715932 47.007851387595714 0.0
3.9359789799742972
5
5 9.566124199941981 33.575921430069535 0.0
59 9.850500675956981 28.91984055182906 0.0
146 11.171314398160533 31.566333990177615 0.0
263 10.44683077510914 31.53042858996745 0.0
279 9.852133934327838 26.49498403104562 0.0
6.1573966602084
8
18 35.42903709629288 40.76185705079692 0.0
129 40.97989847066884 38.49107605134879 0.0
171 39.151141978379755 46.45910440946136 0.0
179 36.246933395590254 38.28741335988648 0.0
192 37.67404584376195 40.535493066891185 0.0
299 34.20692697880478 38.017643191766666 0.0
377 35.40076190990641 38.290835761183665 0.0
410 36.63233657611898 44.77906890612209 0.0
5.383934896702945
5
17 60.75668063393429 81.15651839261825 0.0
70 54.31097011924051 81.48074256291508 0.0
73 57.52865895096507 79.74065483847097 0.0
144 57.49734599740892 77.41109526380168 0.0
431 54.23210717127195 74.07706499113752 0.0
6.5387981463919855
6
7 73.75248496039211 26.56565363044519 0.0
89 67.02137774104808 25.809010384142113 0.0
99 76.9107616982449 29.235849604948765 0.0
186 70.46854594607879 22.64803849044573 0.0
210 69.37702527192698 23.089283293973654 0.0
427 70.15296396060381 28.116622629660398 0.0
3.7178896326277022
6
87 33.968250807279965 71.89863270128984 0.0
105 30.727409111741807 67.73563220898318 0.0
149 33.92794264290531 69.79813820541742 0.0
314 37.11141346096774 67.3997396581129 0.0
386 35.90576491868305 68.00536992758795 0.0
425 31.564150253767327 70.45989573319063 0.0
6.192783300337658
8
100 85.11202317546544 70.62381591956552 0.0
157 83.69624215695781 67.66173489302429 0.0
238 86.8224772928283 74.77163741709279 0.0
271 86.51877719016696 71.30624969164532 0.0
282 85.46700981629577 65.33354237450737 0.0
305 79.77494934174824 70.84109775288685 0.0
316 86.67020195778298 72.67052509725215 0.0
342 79.47832107221633 65.86882497145643 0.0
5.873395001155703
3
33 13.304134953357885 82.25468613912935 0.0
260 5.580056355190175 84.87883243402665 0.0
429 4.208464739532879 84.88096548963235 0.0
4.902084699582568
8
39 28.57399841324945 17.11657339094704 0.0
94 23.15637897846988 14.886247202272235 0.0
120 25.217804426488666 17.337131887140085 0.0
131 24.862886761207736 18.03613013367362 0.0
170 22.40274078535035 15.646980699971115 0.0
280 30.01707401926292 18.310561014033173 0.0
295 26.109237688147577 13.441243918489281 0.0
442 24.681742814980183 14.248129080043633 0.0
6.048125663071519
5
244 91.67745176586534 15.864985820991608 0.0
248 92.87709112964009 19.73724600761345 0.0
337 84.85039966509814 25.347612959919818 0.0
361 86.85281999648939 24.48307469383804 0.0
397 88.95446291292613 21.11174688967285 0.0
0.0
1
82 70.8250756287343 96.94951611141022 0.0
6.381963672121194
6
138 61.01026075277275 3.275310309422124 0.0
142 54.45703787761987 2.159343123443873 0.0
197 64.24267067429423 2.973386374660792 0.0
251 61.783238866012255 6.16266431117991 0.0
330 65.97130436668839 0.6306613726716626 0.0
369 57.470298951133486 0.5091590098413624 0.0
2.7222378973774837
4
36 1.111218651930562 46.81819811293535 0.0
81 0.3170914846428612 43.99902562396623 0.0
224 2.437391296859287 43.10708993260507 0.0
228 3.179947964561499 47.73934711416123 0.0
0.0
1
211 97.79271138719452 77.02043262674479 0.0
0.0
1
68 78.08961367545662 47.39157485148708 0.0
5.845911212588244
9
45 19.176890683303505 48.94753284037526 0.0
76 19.406445848570495 51.256833750381084 0.0
208 12.473716292378544 49.85786685283148 0.0
225 21.009073397881206 44.9674280706892 0.0
267 15.97256093035203 46.06145074296237 0.0
269 18.865881799231598 43.68612659498003 0.0
272 14.598110160413484 53.02474729185185 0.0
319 22.202522137596535 48.117023177657565 0.0
374 16.909475070741106 47.5583450114031 0.0
3.566802049521385
5
2 49.01927680948141 66.75599305928941 0.0
242 51.977239862091615 64.74999966851675 0.0
288 49.76851975535533 63.47677766999171 0.0
325 52.915713859107115 62.26136140864987 0.0
424 51.09657093256567 61.55813750566506 0.0
4.631291989239111
7
6 21.572592136099612 78.50107730234902 0.0
37 21.11146809050413 77.61116691685766 0.0
57 21.501899147146506 80.30933568737808 0.0
151 18.030138921011275 74.00362311010984 0.0
152 19.345427857109083 76.59042280289634 0.0
206 20.45466697071788 80.91109190096812 0.0
291 20.302758586555786 78.23274103381324 0.0
4.858048891800567
6
55 56.61945607416552 26.929997133790426 0.0
141 58.3993007445068 23.719768518210387 0.0
196 54.85801985183944 22.11566456790367 0.0
245 58.11429089368182 18.29473679863172 0.0
286 58.336768066604016 19.5860597374471 0.0
303 57.145433379104475 22.0285408018719 0.0
3.8450462404099315
7
172 24.40942101240513 1.532885307573705 0.0
252 24.25472772718692 0.9550383819883705 0.0
308 27.54264126115555 5.938337988762252 0.0
335 28.06856246302747 1.2231400482158516 0.0
391 25.313426500263883 2.3479379387596593 0.0
435 27.626472083647002 6.39666507736078 0.0
438 25.963966823778065 1.4774215700738953 0.0
5.980277592138398
14
3 2.9026031818715334 13.54252991083197 0.0
115 5.342351439828369 13.230281161954455 0.0
158 7.776841227048873 13.276986984591531 0.0
165 2.226456949591256 12.621421870896556 0.0
182 5.937789672669442 11.580616592993378 0.0
262 5.657017621415493 5.2881460471214865 0.0
283 6.188241710722811 3.9648088697204975 0.0
290 6.024914274090613 9.7918376280263 0.0
321 0.9875663639443214 5.510094838823382 0.0
324 1.8310943680341674 7.056819737141535 0.0
348 7.261243378284601 8.971438553592058 0.0
350 2.63429644414089 3.7222198804374873 0.0
389 0.5856010345700298 12.91172690220703 0.0
430 7.694442741507498 10.170785700127535 0.0
4.952577356818897
5
30 83.81113872687507 33.208437241912954 0.0
38 85.96332438722946 38.24113548277859 0.0
79 86.11186229728874 37.41601989257606 0.0
162 85.70950221379212 34.517167312851626 0.0
185 89.94903923623271 40.04352107827657 0.0
4.346743954902296
3
60 77.71828806925696 80.69722982053423 0.0
261 83.74066349102735 80.24108536503309 0.0
373 76.83628670035692 78.06833835696708 0.0
3.6022938225375967
4
88 58.46088552544556 46.575306398179265 0.0
190 58.624306018145205 45.24416551096775 0.0
287 53.872559419615754 42.706101554749594 0.0
423 55.736261272110006 40.20421500679923 0.0
2.5348232528257695
2
237 74.98208164973292 63.44380854461001 0.0
349 70.11146611789772 64.8503717437982 0.0
6.429425154151764
6
72 25.72787066045302 30.417628417296527 0.0
112 28.84230149815524 31.58143037162396 0.0
159 31.827232471498764 36.4970827899037 0.0
177 28.422475365294382 25.565544121252312 0.0
221 27.584862409795857 31.26608775957708 0.0
437 29.547179991228 36.6160060931812 0.0
5.11437258674673
5
22 42.565334308303925 77.38263536651489 0.0
121 48.95410662501144 81.37003728665599 0.0
217 48.53545872242321 84.49389990361061 0.0
376 50.404862068873 79.63809533416543 0.0
382 43.840743666613676 77.91355966882676 0.0
4.924045324384928
11
25 36.075005690463776 53.187756247506734 0.0
53 36.65308217908711 54.53101103890495 0.0
92 41.07225064342709 58.487628032858744 0.0
153 38.42121031803965 60.37362154029154 0.0
240 34.452642859494006 61.586349466660444 0.0
318 34.95316752155363 59.37571832708669 0.0
359 34.39702279669002 56.96570934703315 0.0
372 33.08341784085509 61.420290614881075 0.0
387 38.15623834367891 54.78871016069189 0.0
400 34.8482350584212 57.04361260642297 0.0
419 36.321631090733476 56.307679309412535 0.0
3.7818131992225648
4
116 69.81762227664449 38.015140537544085 0.0
168 67.70035395883947 35.90757042449606 0.0
188 72.49973447306775 35.81053802013279 0.0
199 74.38295661613283 34.074275700514384 0.0
3.626154159679607
4
101 48.03836385170097 30.533616131215602 0.0
135 46.46655962804724 32.73102151819792 0.0
254 43.03676034963702 30.77188918569323 0.0
257 47.77908795104399 35.12035702536944 0.0
3.923824045513269
7
110 27.175215134345642 64.86704802738863 0.0
136 26.900820036281864 66.05053157329256 0.0
175 27.33062061456603 66.74158351694209 0.0
191 29.77702471535266 62.24337033745101 0.0
250 27.09599262394936 68.4901684923742 0.0
362 31.214755086792394 63.48954664398017 0.0
404 31.155120369676585 62.371249162393916 0.0
3.970019148380455
5
93 25.738999226424564 87.73554678999164 0.0
193 26.320855924706557 84.76292014499982 0.0
309 23.49822773348658 82.61619968110047 0.0
394 21.448022961242557 83.39194455056591 0.0
406 27.454473712329253 88.32640357459243 0.0
4.373228210573802
8
10 45.187030629642535 6.588545685179991 0.0
62 43.77746355632299 3.6430140775620368 0.0
137 45.7120805516097 2.0057566264895366 0.0
154 43.01688774289963 4.789507653570224 0.0
333 49.228883045700755 2.9117905093380294 0.0
347 48.11291559182543 1.4657990044783498 0.0
351 41.66626813820767 1.6899022664876104 0.0
370 49.71755996674112 1.7884306356620598 0.0
6.4088600651494785
3
106 64.89163507265 89.09898424899707 0.0
143 60.84995806312433 97.11742296443506 0.0
273 59.91199969877631 98.05927660785123 0.0
4.612282801281356
2
298 89.21092386008614 83.78030846117217 0.0
383 93.8056150413368 91.77914734596791 0.0
3.8361861957361385
3
52 69.5394908733637 3.3894656067927187 0.0
233 73.33109497969242 3.318469129129393 0.0
353 68.59928813658007 8.360843342078468 0.0
5.6139552008231455
7
66 40.280005586641195 9.002560303150421 0.0
97 36.069974113657274 3.6377876180087796 0.0
294 33.28591797672704 4.080829562791567 0.0
307 36.52015588094726 9.655799963660995 0.0
358 38.929106594039936 5.493249032152852 0.0
403 34.66288503388603 8.213302994664664 0.0
415 34.0400795657374 0.6625055452465752 0.0
6.794778268094566
8
13 32.580541112640326 23.822910313820127 0.0
50 35.39412773163895 24.213157631996122 0.0
90 34.13538343265127 24.30516752382668 0.0
123 35.8601195530491 26.153374739488847 0.0
201 29.771756531186625 25.34439301665943 0.0
234 37.01848880660381 20.884857660974486 0.0
255 36.637285988694856 23.14311954761862 0.0
285 41.42657665261717 20.49929399204226 0.0
4.9260250209650644
9
31 7.954689205438574 17.730552064449867 0.0
85 9.907786297734551 15.245690618205805 0.0
91 10.538190973351291 18.26339558010092 0.0
200 12.617299415231928 20.367125356673036 0.0
230 12.514142383687348 21.479934241567914 0.0
334 13.29963375219219 19.364044152731783 0.0
366 11.395227026579473 21.13382268694227 0.0
416 6.9200302208907996 16.061658287070387 0.0
436 15.155195932030397 17.709071720090737 0.0
6.426537948625236
4
78 37.69368643228347 86.685030231669 0.0
336 36.57537970924434 79.44516769086164 0.0
367 45.23819879871456 87.72496128510166 0.0
418 39.94832603868415 86.0111771823314 0.0
4.373511179748049
6
83 70.10370790147931 19.773163919261336 0.0
109 75.60044734061643 20.02198200870044 0.0
132 76.15461160969876 18.826612153587966 0.0
239 72.36945895603684 12.72017272251564 0.0
317 71.22965164957535 13.693652536907203 0.0
414 75.10923675955586 16.550661701687144 0.0
3.8136329389182597
4
35 53.44419820869885 53.98049938228721 0.0
65 53.46265889754493 52.920829273007946 0.0
114 48.97118719967407 51.05804843979944 0.0
289 47.33610507400044 54.77002474659548 0.0
3.945173017408619
6
63 1.0965103407176668 67.19068714777818 0.0
113 6.307525354457392 71.48257102548068 0.0
119 0.9274195491909719 69.79081815679025 0.0
276 3.1487942172704755 68.59332726643177 0.0
296 5.537418050018522 71.66891470185442 0.0
392 3.1254436920350996 73.81715033359583 0.0
4.735456905689074
4
284 65.10172649529109 18.806773601640714 0.0
320 65.3728040550733 17.16319535144439 0.0
326 67.19114336182595 10.52640880634594 0.0
338 65.23434577196556 9.953677004148442 0.0
3.737671280607144
2
160 99.36125045369113 60.38863121159361 0.0
169 99.62881357580184 67.85918382724314 0.0
5.229950229490241
9
9 30.042740454600636 42.769163624670185 0.0
71 26.82310056032386 38.93848891525442 0.0
207 30.747296719214464 44.354887213013946 0.0
214 28.731275553296108 41.96619513418171 0.0
253 28.72559120704761 42.946099506084245 0.0
292 23.401498793558552 44.50102015308543 0.0
297 28.954910839920508 43.77680780712196 0.0
399 26.393426861812543 47.35479074672255 0.0
408 30.25188481946181 37.899612584802696 0.0
4.537312432723644
4
12 7.579323803483283 34.943485467291154 0.0
108 0.6921695849088683 37.564557487662675 0.0
226 6.651262300630301 35.421014843510214 0.0
384 4.92416357873406 36.186782340767294 0.0
4.335382038339211
5
75 85.57943796432076 17.300580274278026 0.0
134 84.24448069304317 15.516132323139498 0.0
161 80.87125199255526 10.351069126399011 0.0
203 80.66360877592258 11.978041576050572 0.0
247 80.7778058209232 16.474478201391875 0.0
4.984754784680365
9
139 41.34373448269579 16.90832786899387 0.0
150 41.15130196104158 15.05028301782981 0.0
163 40.40788241524924 12.517635336231058 0.0
187 33.594103326326845 11.712072175049697 0.0
229 36.36620525237294 15.183109080994743 0.0
235 33.46288549098886 17.102680128263298 0.0
301 37.043725729113824 10.671116536468217 0.0
354 37.196221902747844 17.769933475738007 0.0
411 38.57589394857541 14.160520768506066 0.0
4.964570981367298
3
32 70.44692109518586 75.62163901642934 0.0
140 71.81334290497861 71.52363983274468 0.0
339 67.25691532462632 79.93297462804108 0.0
4.599813259361328
4
42 97.83894497144958 27.025070260256314 0.0
205 90.70859651531197 27.865926165736656 0.0
388 91.35750418214842 31.461379918131538 0.0
402 93.24472213073787 24.407535546263922 0.0
6.360520814159553
3
14 87.1864124073902 44.61271346346814 0.0
256 91.43434155646085 51.68419535804651 0.0
380 94.4891317246922 52.72966615750013 0.0
6.112509179068686
6
28 10.251918236206075 71.56450087714725 0.0
54 15.553839884910488 66.75496865575431 0.0
220 15.931230925992613 73.57977535361326 0.0
231 13.603296638072006 76.64193911213371 0.0
264 11.729720743301481 74.9062910015954 0.0
434 13.160787375611374 71.3409529649729 0.0
4.428714593023476
8
29 26.681013747589734 75.11711083627753 0.0
34 30.04815505997029 73.57604951908945 0.0
74 28.27026622220693 79.74042680671688 0.0
80 32.334559472372646 78.85456740579522 0.0
218 27.468665647813484 73.61998273149312 0.0
306 33.54173282506224 77.58512202870446 0.0
341 26.568360388187113 80.51115565834473 0.0
364 29.384507138999332 82.06079587947754 0.0
5.396407556701393
5
48 68.38898449559494 47.09766673707723 0.0
64 67.95748645072295 42.336459254888474 0.0
126 69.53138991447331 50.28192612874539 0.0
130 66.59084974615915 42.824903328002755 0.0
385 62.992853298545015 44.79996248770626 0.0
4.700680256256527
6
27 20.628120047145035 8.716444487860144 0.0
77 21.28429646670165 9.566231789894491 0.0
104 22.9906275155976 9.28891565138409 0.0
315 24.426040977650132 11.442319693540645 0.0
352 20.181421992686126 13.223496224680288 0.0
395 16.487583437374667 8.865772415446067 0.0
5.356102015551434
9
8 59.25658092478988 8.32163901003822 0.0
40 59.30454722872517 11.568939229847508 0.0
103 51.86165456481838 13.792248437178301 0.0
213 54.47924503314903 14.25214130316067 0.0
390 60.12678742288377 12.59689320142093 0.0
398 52.84835889254929 12.568687793129167 0.0
405 56.32147559301192 11.534279321047476 0.0
422 58.002723619478424 6.752634003160996 0.0
433 55.81392675864119 7.817028194954026 0.0
5.780478285736425
5
4 62.43267143964824 67.72885820928298 0.0
202 61.17798104633947 74.27759106137434 0.0
209 62.276433803678714 63.211932969277626 0.0
223 65.44603973864787 69.60582697329896 0.0
439 61.16294690963426 68.42646160252816 0.0
5.642429066095963
5
0 62.30050863784616 33.53803270913736 0.0
173 59.28234587434989 34.61999115407376 0.0
176 57.54136203629963 29.821811991553666 0.0
184 60.226837674999025 31.660469058477503 0.0
396 66.58004734053137 30.339585736567354 0.0
5.381419031857044
7
258 52.45901258949478 25.260273280618183 0.0
278 44.807433326960094 20.804814235357984 0.0
310 44.618472568698735 21.807495162734217 0.0
344 52.18488636605423 23.014719967579317 0.0
378 49.23739518881117 21.037022887181703 0.0
401 48.6751378521802 22.162767879865168 0.0
420 45.92371456579621 19.067932781659074 0.0
4.474816754090871
9
24 10.153895572826947 37.967018533122236 0.0
148 7.755294618885226 42.434233454141214 0.0
181 8.662638512687813 39.65288624120686 0.0
215 8.109096225621164 40.9663682854452 0.0
277 9.125191906535642 41.847976020144316 0.0
304 10.02497761163871 45.95475282896267 0.0
332 11.845698938352601 41.043062912481105 0.0
346 10.532478647066089 38.56208256410396 0.0
357 12.595619322062404 45.04369413744808 0.0
5.487389303691488
15
21 18.842972892178842 36.86086518621574 0.0
84 25.010608229992986 35.649009814953374 0.0
86 18.82394970204033 34.19598645371442 0.0
111 16.363547147911188 36.43001897014064 0.0
117 22.409535092985873 34.75899107410921 0.0
124 19.17272141496491 38.84667194572904 0.0
167 17.75095375501123 41.660376968309535 0.0
216 22.326891561916696 33.012785403975805 0.0
300 25.514918224162518 37.69229617062456 0.0
311 15.609171682552592 37.09342319532914 0.0
322 20.883735223104726 41.60048731111621 0.0
328 22.07313932837027 36.97935922041815 0.0
379 18.707106538583187 38.41523473403594 0.0
417 16.873722110146826 32.53430314041902 0.0
441 21.34398518481128 35.11675309676385 0.0
4.296687237232521
5
47 57.22072037027283 60.46112781914412 0.0
102 55.784388124724764 56.681146088826665 0.0
343 56.91994177015614 64.35098222321542 0.0
360 56.54441565115978 59.61855558400275 0.0
428 54.48546718296233 59.47109807635197 0.0
5.135209592394758
5
1 7.410043653814512 22.3630471715802 0.0
51 6.796715499663034 26.76294674888226 0.0
98 1.9142208089483166 19.85971692782031 0.0
178 4.131449438898615 23.857136058419314 0.0
219 3.6619540499294128 27.751976245627514 0.0
4.575661823913445
8
44 47.41114923560483 41.44042498883113 0.0
125 46.320082793489554 44.19907008687337 0.0
164 42.68151027804984 46.39210401711535 0.0
243 45.703526645183985 48.25038608798768 0.0
259 50.52684634372362 46.319857355467796 0.0
275 49.862914921345926 43.37703731806866 0.0
313 42.94522527784668 42.644294469010916 0.0
432 46.337124446563436 40.95108057197307 0.0
3.5602078832870565
3
67 77.19259226374835 92.69022005539807 0.0
236 77.45118364223737 87.01524806798332 0.0
365 79.71259901235229 88.05233046136563 0.0
4.549376402655266
6
147 2.0338481507772146 59.079022239045614 0.0
265 5.2698333465467 54.40628142995185 0.0
270 4.247795106347758 57.15660500127655 0.0
281 4.784706374367977 53.51516425515091 0.0
340 5.1528293329431305 52.51926644396118 0.0
413 3.7810823945711585 53.83242148466667 0.0
2.0247728667744327
3
16 69.94074020577352 57.30757513494119 0.0
155 72.81983062993959 54.82550383109442 0.0
407 70.39979887914059 55.31271705942484 0.0
4.42857002696339
5
127 22.808396911646593 22.991103381938718 0.0
166 19.72393432699577 17.169853170652505 0.0
174 18.826915789031762 21.076284226130653 0.0
312 16.070346864985453 22.86300929936449 0.0
323 21.825335565207098 18.6833166412323 0.0
2.8945265760080807
3
15 41.25484123015241 70.19711859299717 0.0
355 44.03201018521663 69.00328784358894 0.0
381 38.83395614698546 71.24462449915038 0.0
5.551270971958033
7
20 23.809033832175334 51.77349922594295 0.0
23 30.842379935899302 50.39456957278665 0.0
49 21.920126061959706 53.55195150220338 0.0
61 28.351627837571606 53.732876245410154 0.0
246 25.296569369932072 50.68894752121717 0.0
268 23.245037527781726 52.95415679864784 0.0
356 28.01345056980063 57.70442380127123 0.0
6.018458053016248
11
43 21.132447534923873 57.059603424090696 0.0
107 15.065353611138011 58.081461413169244 0.0
118 18.444943276828955 65.54961946109107 0.0
195 11.584193338148548 57.40535159842951 0.0
227 16.4547545073085 63.02333973503667 0.0
302 21.89448937100673 62.49135053374817 0.0
329 16.39713869408604 64.47406792816881 0.0
331 15.981928675597011 60.656593903883234 0.0
345 14.017287766243019 59.27596325457485 0.0
412 17.17480407132794 55.92937356977343 0.0
421 17.083870284565272 59.78309771750911 0.0
