#He so k la
3.0
#Number of Nodes
76
# list of nodes
#x #y #z
49.08001439830736 79.89901690404729 0.0
3.7121747779129675 2.5894010873718245 0.0
93.73956599911607 8.694196295658305 0.0
95.85434711639938 69.60035978725682 0.0
2.547835663286653 54.80511166406135 0.0
47.778004279167945 12.957520575209374 0.0
2.2485976816810584 97.02603068584736 0.0
70.43772580229856 45.540128947172036 0.0
34.05895795751958 44.37353522781536 0.0
94.12371244943836 42.08971194339732 0.0
65.4064851915449 94.1722503061552 0.0
15.257545230484542 24.625546474373284 0.0
17.254268537386345 71.08378165132841 0.0
71.43915489377811 19.990402121787465 0.0
31.110717414545906 4.349336921486028 0.0
67.11532419197091 78.74414372519585 0.0
24.280247307022805 93.24478528777192 0.0
86.03805412715808 92.45862349501405 0.0
70.02554080360463 3.566091143322674 0.0
53.62904511130432 32.65718411171697 0.0
54.614142442558375 58.89743759273322 0.0
32.476132181998935 59.21968451627903 0.0
33.327808339099256 21.711055990625262 0.0
78.22396661613098 60.39906302118059 0.0
8.57286936199079 36.161315584453945 0.0
90.07542192924355 26.579267597172535 0.0
17.713317205952197 49.873927620711044 0.0
13.934094882348099 14.796477217918147 0.0
82.99832984740021 79.47662548166655 0.0
91.4136592910572 53.46043974829381 0.0
4.802103792417598 76.28289014652344 0.0
47.409498541361195 42.38021099140456 0.0
6.08001460147561 24.45827626710776 0.0
37.67383266129997 9.662920707771116 0.0
80.19308293241687 39.07641662447398 0.0
24.490628215358146 17.78934010743939 0.0
44.91368416084839 64.61456306097122 0.0
54.1096807057329 93.93286369280202 0.0
26.884718685975777 35.189073892088736 0.0
11.941016655465447 56.67122404057428 0.0
89.61236931501163 14.254782607951142 0.0
58.89105238409573 9.82332024173315 0.0
61.27181142720287 24.001311242233637 0.0
15.67916980104965 94.59252306437331 0.0
57.252910847583536 43.09149713595792 0.0
62.06285972647689 52.29968858317716 0.0
64.01255848803459 86.45935036192827 0.0
77.73179049875564 12.525331064682248 0.0
37.97756891406449 79.40439402135458 0.0
40.817705978364444 30.354277563398185 0.0
48.252349356477495 21.936285216998883 0.0
54.14459290761637 65.72531576439928 0.0
8.145517890553894 63.653259035018344 0.0
43.01058868422913 52.00237595377404 0.0
39.752668106391845 57.40619092321876 0.0
31.887919778980972 28.26196874122797 0.0
58.34975032928461 3.4404695720423604 0.0
86.08403792973272 67.34730803353101 0.0
29.776085669401226 87.80705215316338 0.0
74.87227524509166 94.1096781930587 0.0
5.1755077913239225 46.709991638970905 0.0
45.47548181086435 4.787850209934638 0.0
27.282351114413856 76.05555929850283 0.0
12.64196073604371 5.049026132510072 0.0
69.80742726378399 10.20339262208071 0.0
97.6015797397946 29.21359417501132 0.0
78.09670920090667 2.8859684686926004 0.0
27.091056043319433 65.78059883637886 0.0
64.6379503153608 36.372057469463485 0.0
21.472471002623656 3.2969780141789204 0.0
73.14714395415228 64.74352687040462 0.0
81.85801844463705 25.413180314306523 0.0
19.326080944093285 39.66382860825463 0.0
27.034035104822706 49.29241760488453 0.0
5.298110163630891 13.246914212383107 0.0
62.72170466015851 66.224894852689 0.0
#nguong BER
0.001
#Ma tran yeu cau D
#source_index dest_index bw don vi Mbps
0 0 41828
0 1 986
0 2 1042
0 3 1001
0 4 3943
0 5 5037
0 6 691
0 7 2655
0 8 5404
0 9 3195
0 10 4510
0 11 5669
0 12 4604
0 13 4639
0 14 6016
0 15 14361
0 16 5082
0 17 613
0 18 1584
0 19 5320
0 20 5269
0 21 8499
0 22 1486
0 23 3301
0 24 5048
0 25 1623
0 26 5832
0 27 2610
0 28 4424
0 29 1947
0 30 1792
0 31 5117
0 32 5426
0 33 3886
0 34 4511
0 35 4574
0 36 8960
0 37 9274
0 38 2954
0 39 4871
0 40 1434
0 41 1842
0 42 6656
0 43 1740
0 44 6296
0 45 7286
0 46 6756
0 47 1757
0 48 10575
0 49 5640
0 50 3697
0 51 3792
0 52 7381
0 53 6027
0 54 4447
0 55 2862
0 56 932
0 57 3831
0 58 5826
0 59 3367
0 60 8714
0 61 3865
0 62 2513
0 63 3329
0 64 985
0 65 898
0 66 694
0 67 7548
0 68 2327
0 69 2306
0 70 1677
0 71 2187
0 72 3206
0 73 4601
0 74 2295
0 75 8614
1 0 1207
1 1 10747
1 2 506
1 3 143
1 4 2165
1 5 2347
1 6 29
1 7 675
1 8 1775
1 9 898
1 10 495
1 11 7053
1 12 1075
1 13 1856
1 14 7255
1 15 1305
1 16 869
1 17 45
1 18 762
1 19 2588
1 20 776
1 21 2036
1 22 1467
1 23 572
1 24 4094
1 25 563
1 26 1832
1 27 4848
1 28 716
1 29 411
1 30 668
1 31 1415
1 32 8077
1 33 3233
1 34 1170
1 35 4729
1 36 918
1 37 772
1 38 1895
1 39 1938
1 40 459
1 41 1218
1 42 2446
1 43 387
1 44 1712
1 45 1143
1 46 417
1 47 693
1 48 892
1 49 2790
1 50 1992
1 51 315
1 52 2207
1 53 725
1 54 711
1 55 1644
1 56 491
1 57 503
1 58 710
1 59 312
1 60 5011
1 61 2965
1 62 504
1 63 12474
1 64 445
1 65 246
1 66 334
1 67 1353
1 68 570
1 69 6725
1 70 191
1 71 645
1 72 2055
1 73 1389
1 74 8397
1 75 724
2 0 1220
2 1 470
2 2 4948
2 3 336
2 4 781
2 5 3552
2 6 150
2 7 1001
2 8 1260
2 9 2622
2 10 345
2 11 1848
2 12 854
2 13 4656
2 14 3340
2 15 1241
2 16 537
2 17 283
2 18 1977
2 19 2402
2 20 1250
2 21 1551
2 22 730
2 23 630
2 24 1639
2 25 2527
2 26 1095
2 27 1157
2 28 1149
2 29 977
2 30 353
2 31 1589
2 32 1622
2 33 2343
2 34 2738
2 35 1965
2 36 406
2 37 722
2 38 1129
2 39 1224
2 40 5603
2 41 1776
2 42 4765
2 43 191
2 44 1734
2 45 1685
2 46 494
2 47 4525
2 48 484
2 49 1513
2 50 1670
2 51 392
2 52 1346
2 53 1031
2 54 513
2 55 982
2 56 527
2 57 915
2 58 768
2 59 693
2 60 1998
2 61 2741
2 62 255
2 63 1603
2 64 1192
2 65 1971
2 66 2414
2 67 891
2 68 1261
2 69 1415
2 70 536
2 71 3329
2 72 631
2 73 969
2 74 839
2 75 1146
3 0 742
3 1 68
3 2 221
3 3 0
3 4 281
3 5 513
3 6 51
3 7 516
3 8 328
3 9 1617
3 10 529
3 11 327
3 12 296
3 13 689
3 14 540
3 15 1042
3 16 398
3 17 34
3 18 231
3 19 713
3 20 469
3 21 512
3 22 171
3 23 686
3 24 492
3 25 487
3 26 335
3 27 161
3 28 2098
3 29 434
3 30 201
3 31 621
3 32 462
3 33 547
3 34 592
3 35 433
3 36 555
3 37 447
3 38 307
3 39 451
3 40 152
3 41 141
3 42 1151
3 43 112
3 44 641
3 45 750
3 46 637
3 47 368
3 48 287
3 49 691
3 50 376
3 51 154
3 52 369
3 53 454
3 54 227
3 55 189
3 56 93
3 57 1990
3 58 325
3 59 504
3 60 862
3 61 516
3 62 116
3 63 289
3 64 120
3 65 29
3 66 107
3 67 423
3 68 396
3 69 365
3 70 610
3 71 449
3 72 220
3 73 404
3 74 178
3 75 974
4 0 4106
4 1 1736
4 2 824
4 3 254
4 4 34527
4 5 3973
4 6 593
4 7 1090
4 8 5276
4 9 1877
4 10 1130
4 11 10285
4 12 7021
4 13 3162
4 14 6543
4 15 3724
4 16 2859
4 17 369
4 18 1050
4 19 4541
4 20 2570
4 21 6896
4 22 2024
4 23 1270
4 24 15080
4 25 935
4 26 14842
4 27 4047
4 28 2039
4 29 1017
4 30 4709
4 31 3844
4 32 10432
4 33 4247
4 34 1918
4 35 6419
4 36 3127
4 37 1891
4 38 5098
4 39 23042
4 40 697
4 41 1911
4 42 5087
4 43 1828
4 44 3493
4 45 3638
4 46 1107
4 47 1278
4 48 2477
4 49 5600
4 50 3690
4 51 1208
4 52 29911
4 53 2923
4 54 2234
4 55 3357
4 56 802
4 57 1470
4 58 2700
4 59 912
4 60 58789
4 61 3216
4 62 1852
4 63 4198
4 64 578
4 65 692
4 66 803
4 67 7529
4 68 1446
4 69 4182
4 70 978
4 71 1553
4 72 5027
4 73 4871
4 74 3494
4 75 2547
5 0 4542
5 1 2807
5 2 3146
5 3 502
5 4 5203
5 5 90952
5 6 517
5 7 4037
5 8 7927
5 9 4751
5 10 1374
5 11 13178
5 12 3531
5 13 15779
5 14 29710
5 15 4161
5 16 2147
5 17 420
5 18 5650
5 19 17078
5 20 3630
5 21 6292
5 22 8183
5 23 2402
5 24 9002
5 25 3507
5 26 6081
5 27 5478
5 28 3016
5 29 2364
5 30 1914
5 31 8852
5 32 10607
5 33 34526
5 34 6545
5 35 17573
5 36 3284
5 37 2287
5 38 6942
5 39 5271
5 40 3516
5 41 18379
5 42 30968
5 43 947
5 44 8363
5 45 5594
5 46 1282
5 47 5365
5 48 2060
5 49 18780
5 50 31865
5 51 1794
5 52 6155
5 53 4842
5 54 2665
5 55 9217
5 56 6147
5 57 2387
5 58 2462
5 59 1508
5 60 12132
5 61 46234
5 62 1312
5 63 10251
5 64 3353
5 65 1657
5 66 3031
5 67 5776
5 68 4807
5 69 12010
5 70 1165
5 71 5284
5 72 4786
5 73 5126
5 74 5582
5 75 3599
6 0 590
6 1 266
6 2 120
6 3 8
6 4 385
6 5 430
6 6 0
6 7 242
6 8 282
6 9 326
6 10 197
6 11 727
6 12 1088
6 13 483
6 14 701
6 15 434
6 16 724
6 17 5
6 18 136
6 19 382
6 20 260
6 21 662
6 22 174
6 23 153
6 24 809
6 25 178
6 26 537
6 27 347
6 28 243
6 29 155
6 30 502
6 31 492
6 32 626
6 33 627
6 34 284
6 35 639
6 36 337
6 37 394
6 38 405
6 39 915
6 40 96
6 41 162
6 42 599
6 43 750
6 44 447
6 45 303
6 46 52
6 47 186
6 48 601
6 49 320
6 50 174
6 51 79
6 52 1625
6 53 221
6 54 216
6 55 205
6 56 128
6 57 272
6 58 498
6 59 252
6 60 1174
6 61 329
6 62 398
6 63 462
6 64 75
6 65 70
6 66 88
6 67 841
6 68 177
6 69 336
6 70 169
6 71 106
6 72 204
6 73 474
6 74 363
6 75 295
7 0 2387
7 1 745
7 2 1145
7 3 111
7 4 1069
7 5 4170
7 6 191
7 7 6263
7 8 2862
7 9 4406
7 10 849
7 11 3210
7 12 934
7 13 5491
7 14 3906
7 15 2679
7 16 680
7 17 279
7 18 1271
7 19 5747
7 20 2786
7 21 2921
7 22 1483
7 23 2570
7 24 2612
7 25 1373
7 26 1771
7 27 1364
7 28 2230
7 29 2746
7 30 790
7 31 3870
7 32 1844
7 33 2053
7 34 7864
7 35 2416
7 36 1806
7 37 1163
7 38 1322
7 39 1876
7 40 1015
7 41 1689
7 42 7499
7 43 332
7 44 5489
7 45 8177
7 46 1296
7 47 1561
7 48 1192
7 49 3507
7 50 3289
7 51 1399
7 52 2406
7 53 1492
7 54 1414
7 55 1636
7 56 693
7 57 1746
7 58 1036
7 59 1258
7 60 3281
7 61 2155
7 62 659
7 63 1630
7 64 752
7 65 1054
7 66 538
7 67 1736
7 68 3434
7 69 1281
7 70 1924
7 71 3391
7 72 1215
7 73 1533
7 74 889
7 75 3125
8 0 5129
8 1 1713
8 2 1341
8 3 562
8 4 5691
8 5 7666
8 6 377
8 7 2494
8 8 50078
8 9 3070
8 10 1746
8 11 12763
8 12 4571
8 13 6208
8 14 9978
8 15 3949
8 16 2352
8 17 366
8 18 1296
8 19 8988
8 20 5943
8 21 16007
8 22 3372
8 23 1615
8 24 10782
8 25 1891
8 26 13404
8 27 4615
8 28 2551
8 29 1502
8 30 2448
8 31 13596
8 32 9029
8 33 6029
8 34 3707
8 35 9367
8 36 5630
8 37 2097
8 38 13317
8 39 8991
8 40 1567
8 41 2832
8 42 10194
8 43 1110
8 44 7374
8 45 6286
8 46 2301
8 47 1941
8 48 3107
8 49 15890
8 50 6359
8 51 1678
8 52 8345
8 53 9518
8 54 6027
8 55 7764
8 56 1234
8 57 1829
8 58 2393
8 59 1693
8 60 15519
8 61 5495
8 62 2591
8 63 5481
8 64 875
8 65 835
8 66 944
8 67 8698
8 68 2369
8 69 4842
8 70 1428
8 71 2620
8 72 8139
8 73 20957
8 74 2917
8 75 4358
9 0 3770
9 1 959
9 2 3229
9 3 1232
9 4 1728
9 5 4921
9 6 274
9 7 3462
9 8 3063
9 9 22863
9 10 1654
9 11 4408
9 12 1891
9 13 9556
9 14 5032
9 15 4796
9 16 1604
9 17 521
9 18 2328
9 19 5374
9 20 2891
9 21 3884
9 22 1253
9 23 2748
9 24 2539
9 25 6346
9 26 2801
9 27 1976
9 28 3671
9 29 5446
9 30 891
9 31 3516
9 32 3428
9 33 3896
9 34 13424
9 35 3273
9 36 1982
9 37 1905
9 38 1873
9 39 2355
9 40 3339
9 41 1841
9 42 8611
9 43 631
9 44 3898
9 45 5436
9 46 1477
9 47 2840
9 48 1960
9 49 4776
9 50 3398
9 51 1198
9 52 2939
9 53 2303
9 54 1453
9 55 1773
9 56 1215
9 57 4757
9 58 1173
9 59 1926
9 60 5405
9 61 3730
9 62 929
9 63 3105
9 64 1579
9 65 6487
9 66 1271
9 67 2666
9 68 2839
9 69 2573
9 70 1385
9 71 5851
9 72 1711
9 73 2059
9 74 1549
9 75 3557
10 0 5185
10 1 450
10 2 410
10 3 379
10 4 1135
10 5 1750
10 6 285
10 7 988
10 8 1547
10 9 1243
10 10 5785
10 11 2049
10 12 1210
10 13 2257
10 14 2124
10 15 6735
10 16 1304
10 17 511
10 18 422
10 19 1757
10 20 2048
10 21 2327
10 22 331
10 23 1045
10 24 1774
10 25 522
10 26 1759
10 27 764
10 28 2767
10 29 1066
10 30 825
10 31 1764
10 32 1963
10 33 1206
10 34 1382
10 35 1558
10 36 1647
10 37 6117
10 38 1315
10 39 1328
10 40 406
10 41 587
10 42 2769
10 43 636
10 44 1718
10 45 2304
10 46 5557
10 47 702
10 48 1753
10 49 1821
10 50 1126
10 51 1114
10 52 2160
10 53 1633
10 54 1128
10 55 916
10 56 283
10 57 1800
10 58 1961
10 59 5391
10 60 2980
10 61 1529
10 62 817
10 63 1157
10 64 393
10 65 346
10 66 284
10 67 2360
10 68 688
10 69 906
10 70 1269
10 71 778
10 72 680
10 73 792
10 74 822
10 75 2543
11 0 5728
11 1 5398
11 2 1911
11 3 551
11 4 10347
11 5 13466
11 6 618
11 7 2011
11 8 11409
11 9 4001
11 10 2115
11 11 125164
11 12 6917
11 13 8805
11 14 25880
11 15 4895
11 16 3304
11 17 439
11 18 2734
11 19 10048
11 20 3924
11 21 11161
11 22 8220
11 23 2112
11 24 40330
11 25 2328
11 26 16420
11 27 30458
11 28 3404
11 29 1779
11 30 3264
11 31 8713
11 32 61746
11 33 14877
11 34 4726
11 35 45775
11 36 4352
11 37 2722
11 38 17778
11 39 12069
11 40 2467
11 41 5554
11 42 13732
11 43 1393
11 44 6651
11 45 6076
11 46 2384
11 47 3580
11 48 3860
11 49 19594
11 50 10574
11 51 2099
11 52 12313
11 53 4930
11 54 3812
11 55 12715
11 56 2302
11 57 2346
11 58 3224
11 59 1804
11 60 33082
11 61 13065
11 62 2209
11 63 22207
11 64 2120
11 65 1481
11 66 1402
11 67 7977
11 68 2696
11 69 18525
11 70 1510
11 71 2932
11 72 11107
11 73 10280
11 74 19857
11 75 4413
12 0 6520
12 1 1220
12 2 836
12 3 364
12 4 7185
12 5 3267
12 6 557
12 7 1470
12 8 4726
12 9 2010
12 10 1520
12 11 5785
12 12 31962
12 13 2991
12 14 5168
12 15 3696
12 16 3875
12 17 335
12 18 1088
12 19 3303
12 20 2517
12 21 10117
12 22 1238
12 23 1114
12 24 6118
12 25 711
12 26 9461
12 27 2688
12 28 1834
12 29 699
12 30 6320
12 31 3811
12 32 4763
12 33 3234
12 34 1943
12 35 3440
12 36 3307
12 37 2204
12 38 2960
12 39 10754
12 40 895
12 41 1267
12 42 4505
12 43 2653
12 44 3190
12 45 3536
12 46 1270
12 47 853
12 48 4656
12 49 4124
12 50 2324
12 51 851
12 52 20783
12 53 3221
12 54 2501
12 55 2401
12 56 653
12 57 1389
12 58 5302
12 59 1100
12 60 14875
12 61 3084
12 62 5768
12 63 3095
12 64 609
12 65 582
12 66 529
12 67 13909
12 68 1473
12 69 2582
12 70 1048
12 71 1453
12 72 2856
12 73 5544
12 74 2084
12 75 3118
13 0 4707
13 1 1851
13 2 5155
13 3 915
13 4 3490
13 5 17573
13 6 424
13 7 3919
13 8 6152
13 9 8223
13 10 2062
13 11 8127
13 12 2802
13 13 94392
13 14 13720
13 15 4859
13 16 1885
13 17 701
13 18 9776
13 19 16137
13 20 3664
13 21 5873
13 22 4229
13 23 2972
13 24 5796
13 25 6989
13 26 5214
13 27 4191
13 28 4172
13 29 3732
13 30 1342
13 31 8634
13 32 7300
13 33 9615
13 34 13925
13 35 8300
13 36 3191
13 37 2180
13 38 4778
13 39 4965
13 40 7081
13 41 11024
13 42 47175
13 43 905
13 44 10821
13 45 8212
13 46 1959
13 47 17177
13 48 2644
13 49 10886
13 50 12184
13 51 1436
13 52 5156
13 53 3962
13 54 2791
13 55 4554
13 56 4160
13 57 3418
13 58 2113
13 59 1531
13 60 8804
13 61 11338
13 62 1238
13 63 6054
13 64 9977
13 65 3239
13 66 3330
13 67 4159
13 68 8277
13 69 5926
13 70 2140
13 71 18577
13 72 2879
13 73 4266
13 74 3819
13 75 4822
14 0 5984
14 1 7592
14 2 3534
14 3 835
14 4 6309
14 5 27992
14 6 675
14 7 3481
14 8 9810
14 9 4834
14 10 2163
14 11 30881
14 12 4687
14 13 13062
14 14 235068
14 15 5633
14 16 3018
14 17 621
14 18 4701
14 19 14199
14 20 4109
14 21 8674
14 22 10674
14 23 2956
14 24 15673
14 25 2886
14 26 10216
14 27 17030
14 28 3224
14 29 2112
14 30 2487
14 31 10589
14 32 20079
14 33 61070
14 34 6180
14 35 39653
14 36 4319
14 37 2915
14 38 11329
14 39 8240
14 40 3892
14 41 9435
14 42 19312
14 43 1341
14 44 8676
14 45 7165
14 46 2398
14 47 5303
14 48 3347
14 49 17776
14 50 16909
14 51 1832
14 52 9069
14 53 5231
14 54 3277
14 55 11646
14 56 4584
14 57 2972
14 58 3027
14 59 2076
14 60 19763
14 61 37402
14 62 1713
14 63 31171
14 64 3063
14 65 1798
14 66 2387
14 67 7193
14 68 3898
14 69 51335
14 70 2149
14 71 5001
14 72 7400
14 73 7485
14 74 12872
14 75 5337
15 0 13103
15 1 867
15 2 1209
15 3 926
15 4 3580
15 5 4358
15 6 507
15 7 3063
15 8 4615
15 9 4673
15 10 6842
15 11 5372
15 12 3022
15 13 5826
15 14 4852
15 15 55458
15 16 3609
15 17 1875
15 18 1250
15 19 5643
15 20 5690
15 21 5371
15 22 1954
15 23 4893
15 24 4128
15 25 1957
15 26 4274
15 27 2231
15 28 10863
15 29 2463
15 30 1397
15 31 5054
15 32 3942
15 33 3885
15 34 4222
15 35 4376
15 36 5690
15 37 6072
15 38 3440
15 39 3736
15 40 1582
15 41 2118
15 42 7033
15 43 1217
15 44 5317
15 45 8298
15 46 10565
15 47 1951
15 48 4897
15 49 4711
15 50 3738
15 51 4124
15 52 5213
15 53 4185
15 54 2808
15 55 2104
15 56 725
15 57 6900
15 58 3754
15 59 5178
15 60 7087
15 61 3569
15 62 2007
15 63 2983
15 64 1074
15 65 1669
15 66 767
15 67 5051
15 68 2524
15 69 2602
15 70 4017
15 71 2508
15 72 2351
15 73 3753
15 74 1951
15 75 13417
16 0 5069
16 1 728
16 2 603
16 3 381
16 4 3265
16 5 2109
16 6 925
16 7 960
16 8 2516
16 9 1154
16 10 1617
16 11 3110
16 12 4092
16 13 2093
16 14 3138
16 15 3205
16 16 15813
16 17 338
16 18 638
16 19 2755
16 20 1417
16 21 3330
16 22 792
16 23 1172
16 24 3291
16 25 606
16 26 3169
16 27 1152
16 28 1412
16 29 731
16 30 2234
16 31 2358
16 32 2903
16 33 2014
16 34 1637
16 35 2625
16 36 2223
16 37 2532
16 38 1928
16 39 3693
16 40 523
16 41 833
16 42 2746
16 43 4034
16 44 1666
16 45 2296
16 46 1190
16 47 957
16 48 3511
16 49 1932
16 50 1581
16 51 997
16 52 5362
16 53 1831
16 54 2054
16 55 1175
16 56 415
16 57 1097
16 58 12712
16 59 1220
16 60 5581
16 61 1917
16 62 2095
16 63 1803
16 64 456
16 65 445
16 66 343
16 67 4410
16 68 1150
16 69 1519
16 70 700
16 71 774
16 72 1556
16 73 2577
16 74 1224
16 75 2095
17 0 754
17 1 131
17 2 276
17 3 92
17 4 225
17 5 545
17 6 41
17 7 227
17 8 293
17 9 648
17 10 659
17 11 250
17 12 237
17 13 754
17 14 664
17 15 960
17 16 445
17 17 0
17 18 196
17 19 433
17 20 532
17 21 554
17 22 244
17 23 660
17 24 439
17 25 251
17 26 624
17 27 291
17 28 2213
17 29 462
17 30 130
17 31 402
17 32 418
17 33 395
17 34 624
17 35 396
17 36 298
17 37 527
17 38 223
17 39 418
17 40 210
17 41 128
17 42 621
17 43 147
17 44 498
17 45 666
17 46 682
17 47 157
17 48 397
17 49 700
17 50 264
17 51 56
17 52 544
17 53 387
17 54 260
17 55 276
17 56 78
17 57 1069
17 58 243
17 59 1242
17 60 833
17 61 465
17 62 184
17 63 295
17 64 49
17 65 141
17 66 98
17 67 559
17 68 168
17 69 333
17 70 490
17 71 262
17 72 279
17 73 532
17 74 245
17 75 703
18 0 1596
18 1 803
18 2 2380
18 3 115
18 4 1095
18 5 5277
18 6 109
18 7 1088
18 8 1408
18 9 2319
18 10 477
18 11 2433
18 12 861
18 13 8118
18 14 5340
18 15 1266
18 16 632
18 17 220
18 18 7979
18 19 3002
18 20 1144
18 21 1814
18 22 1192
18 23 745
18 24 1842
18 25 1009
18 26 1284
18 27 1251
18 28 965
18 29 997
18 30 372
18 31 1973
18 32 2529
18 33 3775
18 34 1973
18 35 3143
18 36 886
18 37 626
18 38 1397
18 39 1360
18 40 2124
18 41 5781
18 42 7451
18 43 288
18 44 1814
18 45 1639
18 46 581
18 47 5843
18 48 476
18 49 2838
18 50 3820
18 51 640
18 52 1660
18 53 904
18 54 793
18 55 1641
18 56 3423
18 57 1080
18 58 757
18 59 444
18 60 2904
18 61 4838
18 62 257
18 63 2047
18 64 4767
18 65 383
18 66 3330
18 67 1307
18 68 1266
18 69 2641
18 70 563
18 71 2848
18 72 794
18 73 1179
18 74 1177
18 75 1365
19 0 5543
19 1 2285
19 2 2779
19 3 848
19 4 4028
19 5 17848
19 6 499
19 7 5505
19 8 10142
19 9 5810
19 10 1932
19 11 11178
19 12 3415
19 13 17388
19 14 13764
19 15 5870
19 16 2600
19 17 635
19 18 4010
19 19 79303
19 20 6144
19 21 7772
19 22 4488
19 23 3097
19 24 7882
19 25 3078
19 26 7476
19 27 4601
19 28 3965
19 29 2242
19 30 2188
19 31 21527
19 32 7421
19 33 11853
19 34 10224
19 35 11362
19 36 4853
19 37 2671
19 38 7373
19 39 5558
19 40 2966
19 41 5899
19 42 45201
19 43 1188
19 44 23114
19 45 8976
19 46 1739
19 47 4577
19 48 3657
19 49 25841
19 50 17860
19 51 2640
19 52 6295
19 53 7174
19 54 4640
19 55 6051
19 56 2793
19 57 3891
19 58 2340
19 59 1692
19 60 12169
19 61 12265
19 62 1503
19 63 6054
19 64 3481
19 65 1953
19 66 1885
19 67 5980
19 68 10026
19 69 6630
19 70 2561
19 71 5067
19 72 4026
19 73 7043
19 74 4421
19 75 5246
20 0 6444
20 1 703
20 2 1099
20 3 549
20 4 2780
20 5 3553
20 6 330
20 7 3419
20 8 6059
20 9 2586
20 10 1426
20 11 4755
20 12 3042
20 13 4440
20 14 4562
20 15 6818
20 16 1805
20 17 249
20 18 901
20 19 4762
20 20 12868
20 21 6410
20 22 1305
20 23 2701
20 24 3893
20 25 1420
20 26 3463
20 27 1565
20 28 3022
20 29 1430
20 30 1050
20 31 8761
20 32 4086
20 33 3153
20 34 3748
20 35 3212
20 36 5961
20 37 2256
20 38 2977
20 39 3685
20 40 937
20 41 1689
20 42 6764
20 43 837
20 44 7380
20 45 8419
20 46 2564
20 47 1591
20 48 2934
20 49 4804
20 50 2611
20 51 5576
20 52 4074
20 53 8041
20 54 3295
20 55 1802
20 56 511
20 57 2953
20 58 1595
20 59 1595
20 60 5590
20 61 2733
20 62 1583
20 63 2420
20 64 843
20 65 460
20 66 686
20 67 4663
20 68 1350
20 69 2219
20 70 2140
20 71 1613
20 72 1994
20 73 3310
20 74 1456
20 75 11859
21 0 9946
21 1 1456
21 2 1687
21 3 589
21 4 6680
21 5 6337
21 6 794
21 7 2863
21 8 14921
21 9 3112
21 10 2506
21 11 9332
21 12 7788
21 13 5981
21 14 7923
21 15 7137
21 16 4188
21 17 698
21 18 1466
21 19 8460
21 20 6323
21 21 39628
21 22 3056
21 23 2722
21 24 8200
21 25 1509
21 26 14097
21 27 4002
21 28 2866
21 29 1972
21 30 3332
21 31 9664
21 32 8081
21 33 4839
21 34 4264
21 35 6818
21 36 9895
21 37 3270
21 38 7353
21 39 10231
21 40 1696
21 41 2667
21 42 8865
21 43 1733
21 44 6730
21 45 6591
21 46 2154
21 47 2311
21 48 8492
21 49 9096
21 50 4587
21 51 3599
21 52 11431
21 53 11246
21 54 14289
21 55 4791
21 56 1206
21 57 2554
21 58 4704
21 59 2025
21 60 17881
21 61 5438
21 62 4146
21 63 4518
21 64 1248
21 65 919
21 66 925
21 67 23362
21 68 3240
21 69 4109
21 70 1831
21 71 2363
21 72 6954
21 73 17361
21 74 2755
21 75 4683
22 0 1893
22 1 614
22 2 527
22 3 193
22 4 2150
22 5 7314
22 6 206
22 7 1127
22 8 3125
22 9 1762
22 10 470
22 11 9202
22 12 1371
22 13 3170
22 14 10759
22 15 1732
22 16 834
22 17 150
22 18 842
22 19 5624
22 20 1182
22 21 2333
22 22 7886
22 23 538
22 24 5065
22 25 925
22 26 3123
22 27 3531
22 28 995
22 29 583
22 30 683
22 31 4046
22 32 5257
22 33 10898
22 34 2058
22 35 13583
22 36 1683
22 37 923
22 38 4737
22 39 2417
22 40 914
22 41 2168
22 42 5913
22 43 325
22 44 2585
22 45 2577
22 46 659
22 47 1165
22 48 1222
22 49 11626
22 50 7058
22 51 521
22 52 3019
22 53 2085
22 54 1179
22 55 9304
22 56 685
22 57 651
22 58 810
22 59 534
22 60 6344
22 61 5098
22 62 525
22 63 4387
22 64 748
22 65 590
22 66 497
22 67 2448
22 68 1128
22 69 4576
22 70 457
22 71 1085
22 72 3504
22 73 2339
22 74 3200
22 75 1159
23 0 3211
23 1 458
23 2 1146
23 3 773
23 4 1214
23 5 2213
23 6 135
23 7 2923
23 8 1916
23 9 3338
23 10 849
23 11 2431
23 12 835
23 13 3104
23 14 2528
23 15 5503
23 16 1139
23 17 653
23 18 666
23 19 2536
23 20 2361
23 21 2601
23 22 809
23 23 7541
23 24 1988
23 25 1243
23 26 2298
23 27 792
23 28 3846
23 29 3209
23 30 568
23 31 2487
23 32 1846
23 33 1856
23 34 4360
23 35 2323
23 36 1569
23 37 1117
23 38 1405
23 39 1408
23 40 1013
23 41 1305
23 42 4035
23 43 411
23 44 3536
23 45 5468
23 46 1685
23 47 1100
23 48 1668
23 49 2900
23 50 1987
23 51 1413
23 52 1997
23 53 1360
23 54 968
23 55 1507
23 56 370
23 57 6146
23 58 1242
23 59 1460
23 60 3620
23 61 1791
23 62 397
23 63 1375
23 64 577
23 65 992
23 66 431
23 67 1326
23 68 1741
23 69 1367
23 70 4462
23 71 2125
23 72 867
23 73 1709
23 74 806
23 75 5171
24 0 4849
24 1 4122
24 2 1419
24 3 465
24 4 14149
24 5 9215
24 6 770
24 7 2457
24 8 10735
24 9 3088
24 10 1335
24 11 38209
24 12 5203
24 13 5960
24 14 14750
24 15 4392
24 16 2603
24 17 419
24 18 2092
24 19 7914
24 20 4045
24 21 7897
24 22 4033
24 23 1748
24 24 77241
24 25 1614
24 26 19125
24 27 10158
24 28 2525
24 29 1496
24 30 3115
24 31 6741
24 32 41647
24 33 8205
24 34 3519
24 35 18244
24 36 3736
24 37 2492
24 38 12408
24 39 15151
24 40 1676
24 41 3607
24 42 10122
24 43 1569
24 44 5813
24 45 5109
24 46 1714
24 47 2446
24 48 3337
24 49 9922
24 50 7097
24 51 1331
24 52 15344
24 53 5457
24 54 3496
24 55 6054
24 56 1211
24 57 1987
24 58 3212
24 59 1512
24 60 63384
24 61 7470
24 62 2166
24 63 10918
24 64 1413
24 65 769
24 66 1133
24 67 7438
24 68 2766
24 69 8431
24 70 1249
24 71 2334
24 72 14955
24 73 9627
24 74 10020
24 75 4045
25 0 1485
25 1 348
25 2 2147
25 3 395
25 4 838
25 5 2877
25 6 135
25 7 1747
25 8 1379
25 9 5252
25 10 460
25 11 1983
25 12 889
25 13 7394
25 14 2959
25 15 2008
25 16 631
25 17 235
25 18 1633
25 19 3431
25 20 1177
25 21 1774
25 22 828
25 23 1043
25 24 1365
25 25 7096
25 26 1254
25 27 1145
25 28 1512
25 29 1463
25 30 511
25 31 1858
25 32 1903
25 33 2251
25 34 4862
25 35 1975
25 36 1129
25 37 766
25 38 1356
25 39 1259
25 40 3091
25 41 2016
25 42 6597
25 43 194
25 44 2169
25 45 2597
25 46 518
25 47 2963
25 48 893
25 49 2273
25 50 2467
25 51 739
25 52 1407
25 53 1092
25 54 889
25 55 651
25 56 820
25 57 1758
25 58 678
25 59 555
25 60 2465
25 61 2572
25 62 552
25 63 1483
25 64 1343
25 65 4193
25 66 926
25 67 1188
25 68 1840
25 69 1767
25 70 594
25 71 8888
25 72 1073
25 73 1016
25 74 938
25 75 1736
26 0 5711
26 1 2410
26 2 1325
26 3 517
26 4 15923
26 5 6631
26 6 704
26 7 2322
26 8 13589
26 9 2959
26 10 1619
26 11 14251
26 12 7091
26 13 5263
26 14 8918
26 15 3994
26 16 3004
26 17 510
26 18 1537
26 19 6967
26 20 3977
26 21 15607
26 22 2862
26 23 1574
26 24 19127
26 25 1405
26 26 62228
26 27 4697
26 28 2447
26 29 1487
26 30 3909
26 31 5699
26 32 12957
26 33 6206
26 34 3348
26 35 10007
26 36 5750
26 37 2644
26 38 8990
26 39 27815
26 40 1200
26 41 3113
26 42 7378
26 43 1725
26 44 4199
26 45 4555
26 46 1666
26 47 2215
26 48 3600
26 49 9323
26 50 4972
26 51 1517
26 52 19083
26 53 5796
26 54 4758
26 55 4160
26 56 1161
26 57 1869
26 58 3454
26 59 1259
26 60 43646
26 61 5354
26 62 2810
26 63 5997
26 64 1162
26 65 765
26 66 1038
26 67 10302
26 68 2545
26 69 5325
26 70 1070
26 71 2015
26 72 13147
26 73 18563
26 74 5433
26 75 4237
27 0 2010
27 1 4400
27 2 1079
27 3 264
27 4 3611
27 5 6325
27 6 399
27 7 1048
27 8 4767
27 9 1727
27 10 889
27 11 29855
27 12 2240
27 13 4135
27 14 16312
27 15 2295
27 16 1147
27 17 291
27 18 1501
27 19 4877
27 20 1502
27 21 4177
27 22 3447
27 23 759
27 24 10950
27 25 1312
27 26 5213
27 27 16617
27 28 1052
27 29 1051
27 30 1503
27 31 3100
27 32 20209
27 33 7803
27 34 2288
27 35 23585
27 36 1803
27 37 1096
27 38 3857
27 39 4441
27 40 822
27 41 2533
27 42 6212
27 43 694
27 44 3223
27 45 2087
27 46 963
27 47 1333
27 48 1451
27 49 7005
27 50 3811
27 51 797
27 52 4860
27 53 1473
27 54 1665
27 55 4760
27 56 829
27 57 1311
27 58 897
27 59 817
27 60 11120
27 61 5141
27 62 661
27 63 19421
27 64 699
27 65 608
27 66 945
27 67 2792
27 68 1112
27 69 13460
27 70 603
27 71 1431
27 72 3894
27 73 3055
27 74 19323
27 75 1711
28 0 3585
28 1 583
28 2 1128
28 3 1694
28 4 1723
28 5 3259
28 6 253
28 7 1807
28 8 2165
28 9 4627
28 10 4159
28 11 3426
28 12 1608
28 13 3743
28 14 2923
28 15 12396
28 16 1699
28 17 1945
28 18 1051
28 19 3824
28 20 3134
28 21 2848
28 22 1000
28 23 4326
28 24 2810
28 25 1426
28 26 2197
28 27 1344
28 28 41009
28 29 2733
28 30 1046
28 31 2829
28 32 2410
28 33 2519
28 34 3342
28 35 2753
28 36 2810
28 37 2519
28 38 1893
28 39 2092
28 40 1285
28 41 1277
28 42 4710
28 43 659
28 44 3595
28 45 4217
28 46 3945
28 47 1425
28 48 1939
28 49 3534
28 50 2305
28 51 1612
28 52 3014
28 53 1996
28 54 1966
28 55 1181
28 56 597
28 57 5892
28 58 2166
28 59 5621
28 60 3960
28 61 2565
28 62 1020
28 63 1803
28 64 853
28 65 945
28 66 684
28 67 2575
28 68 1402
28 69 1957
28 70 2807
28 71 1659
28 72 1281
28 73 2208
28 74 1333
28 75 4816
29 0 2409
29 1 351
29 2 960
29 3 1181
29 4 1051
29 5 2405
29 6 205
29 7 2715
29 8 1610
29 9 8527
29 10 729
29 11 1789
29 12 1234
29 13 3843
29 14 2281
29 15 2344
29 16 946
29 17 418
29 18 936
29 19 2759
29 20 1462
29 21 1599
29 22 728
29 23 3105
29 24 1541
29 25 1543
29 26 1687
29 27 857
29 28 2929
29 29 2486
29 30 482
29 31 2397
29 32 1763
29 33 1914
29 34 4659
29 35 1915
29 36 1576
29 37 1004
29 38 1128
29 39 1366
29 40 1170
29 41 963
29 42 3907
29 43 281
29 44 2462
29 45 3132
29 46 1095
29 47 1358
29 48 1407
29 49 2167
29 50 1724
29 51 684
29 52 1423
29 53 1147
29 54 1019
29 55 858
29 56 386
29 57 4250
29 58 876
29 59 1034
29 60 2628
29 61 1804
29 62 551
29 63 1350
29 64 853
29 65 1308
29 66 472
29 67 1761
29 68 875
29 69 1364
29 70 1491
29 71 1902
29 72 722
29 73 1236
29 74 1058
29 75 2876
30 0 1842
30 1 488
30 2 408
30 3 166
30 4 3604
30 5 2169
30 6 777
30 7 496
30 8 2575
30 9 979
30 10 589
30 11 3348
30 12 4395
30 13 1478
30 14 2513
30 15 1872
30 16 1948
30 17 235
30 18 382
30 19 2156
30 20 1338
30 21 3522
30 22 525
30 23 603
30 24 3126
30 25 440
30 26 3700
30 27 1457
30 28 974
30 29 591
30 30 4183
30 31 1270
30 32 2346
30 33 1652
30 34 1045
30 35 2199
30 36 1360
30 37 1139
30 38 1470
30 39 3325
30 40 412
30 41 713
30 42 2109
30 43 1704
30 44 1326
30 45 1540
30 46 727
30 47 594
30 48 1758
30 49 2278
30 50 1237
30 51 688
30 52 11145
30 53 1517
30 54 1300
30 55 1381
30 56 388
30 57 615
30 58 2665
30 59 774
30 60 7362
30 61 1303
30 62 1959
30 63 1681
30 64 276
30 65 372
30 66 278
30 67 3169
30 68 575
30 69 1521
30 70 461
30 71 718
30 72 1758
30 73 2015
30 74 1167
30 75 1353
31 0 5925
31 1 1497
31 2 1544
31 3 613
31 4 4390
31 5 10571
31 6 506
31 7 3945
31 8 13228
31 9 4576
31 10 1768
31 11 11142
31 12 3443
31 13 8259
31 14 8733
31 15 5004
31 16 2133
31 17 472
31 18 1968
31 19 18834
31 20 6059
31 21 7316
31 22 3450
31 23 3107
31 24 6829
31 25 2160
31 26 6835
31 27 3056
31 28 2705
31 29 2085
31 30 1667
31 31 40569
31 32 6383
31 33 5903
31 34 5468
31 35 8005
31 36 6583
31 37 2598
31 38 7548
31 39 5459
31 40 1875
31 41 3289
31 42 14587
31 43 1145
31 44 19656
31 45 9198
31 46 1538
31 47 2486
31 48 2887
31 49 19460
31 50 7888
31 51 2719
31 52 5614
31 53 12327
31 54 6011
31 55 6471
31 56 1606
31 57 2551
31 58 2378
31 59 1305
31 60 10502
31 61 6547
31 62 1226
31 63 4453
31 64 1325
31 65 1093
31 66 1632
31 67 5714
31 68 5999
31 69 4185
31 70 1991
31 71 3730
31 72 4295
31 73 6194
31 74 2885
31 75 5527
32 0 5002
32 1 6307
32 2 1908
32 3 582
32 4 8882
32 5 10325
32 6 527
32 7 2252
32 8 7255
32 9 3181
32 10 1626
32 11 70200
32 12 5533
32 13 6847
32 14 20668
32 15 4587
32 16 2777
32 17 571
32 18 2446
32 19 8096
32 20 3130
32 21 7816
32 22 5668
32 23 2205
32 24 39900
32 25 1702
32 26 14569
32 27 20474
32 28 2718
32 29 1853
32 30 2859
32 31 7453
32 32 130778
32 33 11479
32 34 3967
32 35 23855
32 36 3650
32 37 2278
32 38 10222
32 39 11659
32 40 1951
32 41 3557
32 42 9589
32 43 1424
32 44 4872
32 45 4934
32 46 1881
32 47 2370
32 48 3133
32 49 11606
32 50 7984
32 51 1823
32 52 10577
32 53 3846
32 54 2956
32 55 6690
32 56 1327
32 57 2391
32 58 3585
32 59 1690
32 60 31720
32 61 9091
32 62 1270
32 63 19468
32 64 1404
32 65 1002
32 66 1325
32 67 6568
32 68 2795
32 69 13477
32 70 1193
32 71 2774
32 72 9472
32 73 8009
32 74 22512
32 75 3451
33 0 3473
33 1 3965
33 2 1888
33 3 336
33 4 3650
33 5 38132
33 6 291
33 7 2196
33 8 6786
33 9 3399
33 10 1315
33 11 17010
33 12 2997
33 13 9611
33 14 58312
33 15 4557
33 16 1893
33 17 586
33 18 4446
33 19 11837
33 20 2904
33 21 5933
33 22 10639
33 23 1559
33 24 7438
33 25 1958
33 26 6483
33 27 7626
33 28 2546
33 29 1542
33 30 1865
33 31 5898
33 32 12066
33 33 68403
33 34 4360
33 35 26146
33 36 2865
33 37 1933
33 38 7720
33 39 5553
33 40 2450
33 41 7197
33 42 17152
33 43 997
33 44 6214
33 45 5113
33 46 1671
33 47 3731
33 48 2113
33 49 15948
33 50 12922
33 51 1166
33 52 5386
33 53 4157
33 54 2046
33 55 9411
33 56 3196
33 57 2191
33 58 2133
33 59 1731
33 60 12628
33 61 41989
33 62 1291
33 63 13188
33 64 3094
33 65 1703
33 66 2066
33 67 4684
33 68 2961
33 69 16102
33 70 1095
33 71 3787
33 72 5114
33 73 4760
33 74 6190
33 75 3661
34 0 3937
34 1 980
34 2 2657
34 3 714
34 4 2434
34 5 6848
34 6 354
34 7 8344
34 8 3673
34 9 13234
34 10 1559
34 11 5083
34 12 2402
34 13 13110
34 14 7421
34 15 5404
34 16 1433
34 17 515
34 18 2378
34 19 8946
34 20 3291
34 21 4075
34 22 1799
34 23 4833
34 24 3452
34 25 6006
34 26 3333
34 27 1936
34 28 3763
34 29 5527
34 30 1021
34 31 5433
34 32 3715
34 33 4857
34 34 37612
34 35 4193
34 36 2753
34 37 1790
34 38 2669
34 39 2818
34 40 3492
34 41 3403
34 42 13069
34 43 737
34 44 8052
34 45 8168
34 46 2189
34 47 4681
34 48 2330
34 49 7202
34 50 4348
34 51 1810
34 52 3763
34 53 2495
34 54 2116
34 55 2612
34 56 1760
34 57 4061
34 58 1483
34 59 1587
34 60 5777
34 61 4460
34 62 704
34 63 3270
34 64 1353
34 65 3136
34 66 1363
34 67 2789
34 68 6740
34 69 2729
34 70 2672
34 71 9953
34 72 2111
34 73 2359
34 74 1679
34 75 5109
35 0 4508
35 1 6340
35 2 1898
35 3 369
35 4 6466
35 5 17174
35 6 467
35 7 2478
35 8 9634
35 9 3709
35 10 1425
35 11 47666
35 12 4122
35 13 9052
35 14 41837
35 15 4397
35 16 1988
35 17 402
35 18 2667
35 19 11356
35 20 3805
35 21 8682
35 22 14931
35 23 1968
35 24 17800
35 25 1937
35 26 9008
35 27 21502
35 28 2504
35 29 1700
35 30 2240
35 31 7426
35 32 21365
35 33 28741
35 34 3972
35 35 73023
35 36 2579
35 37 1927
35 38 11845
35 39 7565
35 40 2100
35 41 5380
35 42 15019
35 43 1109
35 44 6454
35 45 4859
35 46 1711
35 47 3113
35 48 2941
35 49 15919
35 50 12843
35 51 1760
35 52 8438
35 53 5910
35 54 3200
35 55 16596
35 56 3010
35 57 2268
35 58 2363
35 59 1411
35 60 17981
35 61 15745
35 62 1650
35 63 21902
35 64 2148
35 65 1116
35 66 1569
35 67 5853
35 68 2785
35 69 22741
35 70 1363
35 71 3297
35 72 7000
35 73 7247
35 74 12555
35 75 2928
36 0 7559
36 1 876
36 2 545
36 3 271
36 4 2112
36 5 3519
36 6 456
36 7 1717
36 8 5314
36 9 2056
36 10 1627
36 11 4337
36 12 3718
36 13 3648
36 14 4930
36 15 5344
36 16 2175
36 17 372
36 18 1207
36 19 5003
36 20 7953
36 21 10696
36 22 1658
36 23 1942
36 24 3221
36 25 1131
36 26 5080
36 27 1880
36 28 2916
36 29 1284
36 30 1764
36 31 4513
36 32 3455
36 33 3094
36 34 2272
36 35 4254
36 36 14855
36 37 2234
36 38 3027
36 39 4333
36 40 926
36 41 1647
36 42 4654
36 43 1286
36 44 4798
36 45 4855
36 46 1954
36 47 1279
36 48 6876
36 49 4568
36 50 3281
36 51 5255
36 52 5327
36 53 6263
36 54 7799
36 55 1414
36 56 570
36 57 2370
36 58 2604
36 59 1328
36 60 6209
36 61 2582
36 62 2037
36 63 2182
36 64 495
36 65 769
36 66 532
36 67 6773
36 68 1080
36 69 1954
36 70 1264
36 71 1171
36 72 2225
36 73 3656
36 74 1808
36 75 5841
37 0 10317
37 1 518
37 2 458
37 3 333
37 4 1840
37 5 2640
37 6 431
37 7 1011
37 8 2495
37 9 1749
37 10 5622
37 11 2787
37 12 2769
37 13 2357
37 14 2927
37 15 7144
37 16 2634
37 17 744
37 18 797
37 19 2762
37 20 2415
37 21 3424
37 22 1073
37 23 1239
37 24 2809
37 25 647
37 26 2352
37 27 1054
37 28 2602
37 29 1118
37 30 1152
37 31 2574
37 32 2622
37 33 2145
37 34 1750
37 35 1797
37 36 2637
37 37 13851
37 38 1716
37 39 2895
37 40 681
37 41 961
37 42 3147
37 43 1347
37 44 2327
37 45 3126
37 46 4990
37 47 1086
37 48 4130
37 49 2809
37 50 1742
37 51 1447
37 52 3572
37 53 1579
37 54 1261
37 55 1188
37 56 282
37 57 1661
37 58 3754
37 59 2950
37 60 4564
37 61 1737
37 62 1534
37 63 1818
37 64 383
37 65 642
37 66 448
37 67 3008
37 68 997
37 69 1304
37 70 1183
37 71 1050
37 72 1412
37 73 2027
37 74 875
37 75 2931
38 0 3295
38 1 1894
38 2 862
38 3 247
38 4 4946
38 5 7004
38 6 246
38 7 1627
38 8 12906
38 9 2358
38 10 1318
38 11 20984
38 12 3495
38 13 4602
38 14 10748
38 15 2887
38 16 1430
38 17 290
38 18 1240
38 19 7338
38 20 2970
38 21 7258
38 22 5453
38 23 1034
38 24 11392
38 25 1314
38 26 9087
38 27 6894
38 28 1783
38 29 1301
38 30 2067
38 31 7142
38 32 11397
38 33 7457
38 34 3091
38 35 12422
38 36 2756
38 37 1354
38 38 18252
38 39 7308
38 40 1004
38 41 2499
38 42 7255
38 43 689
38 44 4977
38 45 3638
38 46 1542
38 47 1350
38 48 2376
38 49 13449
38 50 5508
38 51 988
38 52 6784
38 53 4945
38 54 3212
38 55 10556
38 56 1218
38 57 1326
38 58 1937
38 59 940
38 60 15550
38 61 5426
38 62 1140
38 63 5887
38 64 855
38 65 622
38 66 921
38 67 4867
38 68 2423
38 69 5860
38 70 741
38 71 1899
38 72 13577
38 73 10594
38 74 4825
38 75 2701
39 0 5112
39 1 2180
39 2 1226
39 3 406
39 4 28217
39 5 5671
39 6 832
39 7 1796
39 8 8357
39 9 2368
39 10 1542
39 11 11081
39 12 10436
39 13 4273
39 14 8006
39 15 4124
39 16 3814
39 17 483
39 18 1210
39 19 6127
39 20 3270
39 21 11999
39 22 2200
39 23 1299
39 24 14776
39 25 1329
39 26 27147
39 27 4153
39 28 2274
39 29 936
39 30 5577
39 31 5974
39 32 11016
39 33 5353
39 34 3351
39 35 7773
39 36 4134
39 37 2754
39 38 7227
39 39 59084
39 40 1211
39 41 2037
39 42 6157
39 43 1808
39 44 3416
39 45 4451
39 46 1853
39 47 1818
39 48 4184
39 49 7264
39 50 4392
39 51 1362
39 52 49079
39 53 3973
39 54 4011
39 55 4388
39 56 922
39 57 2063
39 58 3965
39 59 1510
39 60 44595
39 61 4627
39 62 2541
39 63 5430
39 64 1049
39 65 586
39 66 791
39 67 13125
39 68 1521
39 69 4299
39 70 1276
39 71 1763
39 72 7951
39 73 9596
39 74 3761
39 75 3424
40 0 1437
40 1 527
40 2 7100
40 3 391
40 4 829
40 5 2552
40 6 57
40 7 1029
40 8 1238
40 9 2815
40 10 521
40 11 2444
40 12 639
40 13 7025
40 14 3445
40 15 1658
40 16 697
40 17 171
40 18 2276
40 19 2455
40 20 1233
40 21 1481
40 22 751
40 23 1028
40 24 1719
40 25 4443
40 26 1301
40 27 1026
40 28 1473
40 29 1546
40 30 406
40 31 1495
40 32 1637
40 33 1694
40 34 3399
40 35 1931
40 36 1006
40 37 671
40 38 1143
40 39 898
40 40 2513
40 41 2016
40 42 5748
40 43 287
40 44 2178
40 45 1916
40 46 409
40 47 6121
40 48 811
40 49 2343
40 50 2110
40 51 369
40 52 1211
40 53 1020
40 54 913
40 55 842
40 56 1198
40 57 1213
40 58 559
40 59 402
40 60 2681
40 61 2521
40 62 359
40 63 1386
40 64 1974
40 65 1091
40 66 1517
40 67 1233
40 68 1291
40 69 1382
40 70 435
40 71 5552
40 72 737
40 73 1277
40 74 945
40 75 1317
41 0 1949
41 1 1411
41 2 1865
41 3 323
41 4 1539
41 5 12749
41 6 202
41 7 1550
41 8 2974
41 9 2673
41 10 786
41 11 4172
41 12 1385
41 13 10167
41 14 9669
41 15 1734
41 16 773
41 17 204
41 18 4208
41 19 6919
41 20 1642
41 21 2339
41 22 2771
41 23 1192
41 24 3304
41 25 1151
41 26 2390
41 27 2724
41 28 1245
41 29 1019
41 30 744
41 31 2909
41 32 3130
41 33 7595
41 34 3516
41 35 5835
41 36 1441
41 37 1000
41 38 2404
41 39 2230
41 40 2359
41 41 22993
41 42 17619
41 43 344
41 44 3611
41 45 2082
41 46 575
41 47 4545
41 48 688
41 49 5553
41 50 7925
41 51 698
41 52 2570
41 53 1731
41 54 805
41 55 2315
41 56 10191
41 57 1483
41 58 749
41 59 518
41 60 5058
41 61 12827
41 62 495
41 63 3085
41 64 3801
41 65 733
41 66 1968
41 67 1762
41 68 1707
41 69 3263
41 70 678
41 71 3171
41 72 1522
41 73 1829
41 74 1696
41 75 1891
42 0 6472
42 1 2840
42 2 4028
42 3 927
42 4 5761
42 5 25764
42 6 552
42 7 5659
42 8 10144
42 9 8793
42 10 2113
42 11 12406
42 12 4630
42 13 39344
42 14 19839
42 15 7465
42 16 2289
42 17 580
42 18 7940
42 19 42624
42 20 6359
42 21 8717
42 22 6624
42 23 4593
42 24 9503
42 25 6252
42 26 8267
42 27 5822
42 28 4395
42 29 3979
42 30 2396
42 31 15566
42 32 10050
42 33 16930
42 34 14970
42 35 13285
42 36 5643
42 37 3012
42 38 7337
42 39 5820
42 40 6524
42 41 15537
42 42 148316
42 43 1440
42 44 16590
42 45 11428
42 46 2976
42 47 11776
42 48 3818
42 49 20785
42 50 27928
42 51 2684
42 52 8094
42 53 6453
42 54 3328
42 55 7848
42 56 5113
42 57 3815
42 58 3392
42 59 2033
42 60 13463
42 61 19994
42 62 1780
42 63 8814
42 64 8714
42 65 3407
42 66 3897
42 67 6358
42 68 11806
42 69 8301
42 70 2417
42 71 10356
42 72 4628
42 73 6624
42 74 4815
42 75 6243
43 0 1860
43 1 407
43 2 235
43 3 9
43 4 1477
43 5 971
43 6 686
43 7 349
43 8 1500
43 9 688
43 10 424
43 11 1985
43 12 2422
43 13 967
43 14 1588
43 15 1291
43 16 2428
43 17 29
43 18 274
43 19 1168
43 20 764
43 21 2091
43 22 350
43 23 314
43 24 1654
43 25 293
43 26 1468
43 27 652
43 28 931
43 29 249
43 30 2227
43 31 739
43 32 1343
43 33 821
43 34 638
43 35 1509
43 36 901
43 37 839
43 38 983
43 39 1966
43 40 151
43 41 431
43 42 1235
43 43 1231
43 44 1070
43 45 1058
43 46 500
43 47 418
43 48 1305
43 49 1021
43 50 910
43 51 619
43 52 3046
43 53 1045
43 54 820
43 55 542
43 56 313
43 57 507
43 58 2028
43 59 531
43 60 3003
43 61 668
43 62 1065
43 63 1091
43 64 111
43 65 177
43 66 60
43 67 1843
43 68 345
43 69 531
43 70 234
43 71 324
43 72 831
43 73 921
43 74 816
43 75 929
44 0 5909
44 1 1123
44 2 1801
44 3 485
44 4 2701
44 5 8116
44 6 334
44 7 7654
44 8 7226
44 9 4564
44 10 1296
44 11 6791
44 12 2570
44 13 11564
44 14 9168
44 15 5444
44 16 1947
44 17 314
44 18 2359
44 19 20748
44 20 8180
44 21 7462
44 22 3141
44 23 2869
44 24 5059
44 25 2399
44 26 4700
44 27 2842
44 28 3022
44 29 2928
44 30 908
44 31 19708
44 32 5795
44 33 6219
44 34 8537
44 35 6953
44 36 4761
44 37 2990
44 38 4857
44 39 4625
44 40 2326
44 41 3393
44 42 16935
44 43 897
44 44 49745
44 45 14232
44 46 1830
44 47 2364
44 48 2919
44 49 10864
44 50 7807
44 51 2984
44 52 4963
44 53 6911
44 54 3465
44 55 3530
44 56 1733
44 57 3031
44 58 2102
44 59 1968
44 60 7715
44 61 6090
44 62 1161
44 63 4739
44 64 1909
44 65 1534
44 66 1707
44 67 4769
44 68 13419
44 69 4393
44 70 1617
44 71 3991
44 72 3075
44 73 5137
44 74 2417
44 75 6704
45 0 7469
45 1 1246
45 2 1905
45 3 769
45 4 3546
45 5 5071
45 6 478
45 7 8063
45 8 5360
45 9 4925
45 10 2036
45 11 6078
45 12 3052
45 13 8705
45 14 6420
45 15 8033
45 16 2578
45 17 909
45 18 1772
45 19 9271
45 20 11637
45 21 7251
45 22 2067
45 23 5467
45 24 4800
45 25 3119
45 26 4037
45 27 1711
45 28 4468
45 29 2940
45 30 1269
45 31 11119
45 32 3795
45 33 4963
45 34 8591
45 35 5373
45 36 5009
45 37 2280
45 38 4221
45 39 4125
45 40 1806
45 41 3378
45 42 12558
45 43 1164
45 44 19849
45 45 46767
45 46 2956
45 47 3401
45 48 3316
45 49 7894
45 50 4389
45 51 5395
45 52 5185
45 53 6595
45 54 4508
45 55 2728
45 56 1118
45 57 4633
45 58 2347
45 59 2112
45 60 7985
45 61 4772
45 62 1121
45 63 3883
45 64 1375
45 65 1744
45 66 1223
45 67 4636
45 68 5917
45 69 3491
45 70 4354
45 71 3613
45 72 2356
45 73 4357
45 74 2511
45 75 12740
46 0 8089
46 1 274
46 2 643
46 3 151
46 4 1022
46 5 1592
46 6 231
46 7 890
46 8 1784
46 9 1565
46 10 6638
46 11 2209
46 12 1563
46 13 2103
46 14 2197
46 15 12105
46 16 1474
46 17 707
46 18 644
46 19 1836
46 20 1569
46 21 2169
46 22 429
46 23 1475
46 24 1541
46 25 719
46 26 1992
46 27 736
46 28 3761
46 29 1172
46 30 749
46 31 1892
46 32 1683
46 33 1410
46 34 1748
46 35 1707
46 36 1894
46 37 4698
46 38 1265
46 39 1517
46 40 623
46 41 642
46 42 2729
46 43 519
46 44 2600
46 45 2497
46 46 8610
46 47 937
46 48 1965
46 49 2371
46 50 1173
46 51 1395
46 52 2431
46 53 1210
46 54 1418
46 55 883
46 56 427
46 57 1804
46 58 1122
46 59 3562
46 60 3066
46 61 1261
46 62 760
46 63 1037
46 64 395
46 65 418
46 66 424
46 67 2715
46 68 1251
46 69 863
46 70 1641
46 71 1006
46 72 889
46 73 1171
46 74 781
46 75 3974
47 0 1970
47 1 911
47 2 3662
47 3 343
47 4 1610
47 5 6602
47 6 141
47 7 1503
47 8 2053
47 9 2512
47 10 725
47 11 3327
47 12 1223
47 13 21815
47 14 5671
47 15 1991
47 16 989
47 17 146
47 18 5447
47 19 4789
47 20 1601
47 21 2293
47 22 1393
47 23 1074
47 24 2405
47 25 2215
47 26 1723
47 27 1562
47 28 1135
47 29 1497
47 30 578
47 31 2795
47 32 2434
47 33 4078
47 34 5285
47 35 3304
47 36 1151
47 37 897
47 38 1484
47 39 2127
47 40 4536
47 41 3371
47 42 9582
47 43 375
47 44 3220
47 45 2505
47 46 1134
47 47 20100
47 48 1023
47 49 3577
47 50 3381
47 51 582
47 52 2212
47 53 1570
47 54 980
47 55 1688
47 56 2104
47 57 1630
47 58 765
47 59 594
47 60 3479
47 61 5222
47 62 675
47 63 2430
47 64 6710
47 65 1086
47 66 4401
47 67 2042
47 68 1948
47 69 2373
47 70 586
47 71 5501
47 72 1053
47 73 1868
47 74 1348
47 75 1990
48 0 11873
48 1 553
48 2 809
48 3 151
48 4 3115
48 5 2876
48 6 440
48 7 1334
48 8 3679
48 9 1513
48 10 1946
48 11 3716
48 12 2944
48 13 2677
48 14 3590
48 15 4611
48 16 4104
48 17 327
48 18 710
48 19 3046
48 20 3182
48 21 6319
48 22 846
48 23 1428
48 24 3153
48 25 864
48 26 4662
48 27 1340
48 28 1998
48 29 1252
48 30 2116
48 31 3689
48 32 3511
48 33 2746
48 34 2387
48 35 2961
48 36 5591
48 37 3519
48 38 2399
48 39 3516
48 40 997
48 41 1033
48 42 2670
48 43 1678
48 44 3084
48 45 3339
48 46 2074
48 47 1101
48 48 10309
48 49 3214
48 50 2079
48 51 2468
48 52 5086
48 53 2862
48 54 2179
48 55 1724
48 56 278
48 57 1352
48 58 6140
48 59 1311
48 60 6736
48 61 1634
48 62 3134
48 63 2042
48 64 628
48 65 650
48 66 547
48 67 6553
48 68 1544
48 69 1656
48 70 920
48 71 1076
48 72 1958
48 73 2793
48 74 1309
48 75 3086
49 0 5133
49 1 2353
49 2 2543
49 3 533
49 4 5751
49 5 18951
49 6 603
49 7 3664
49 8 14850
49 9 3926
49 10 1597
49 11 18078
49 12 4200
49 13 9359
49 14 18367
49 15 4070
49 16 2101
49 17 675
49 18 3410
49 19 24765
49 20 4436
49 21 7491
49 22 10413
49 23 2639
49 24 12626
49 25 2429
49 26 8193
49 27 7074
49 28 3395
49 29 2323
49 30 2215
49 31 19408
49 32 11873
49 33 17620
49 34 6057
49 35 19829
49 36 5511
49 37 2115
49 38 13037
49 39 6975
49 40 2437
49 41 6202
49 42 20030
49 43 905
49 44 10883
49 45 7823
49 46 1710
49 47 4557
49 48 3263
49 49 71836
49 50 22588
49 51 1856
49 52 8212
49 53 8051
49 54 4146
49 55 21457
49 56 2294
49 57 2662
49 58 2694
49 59 1384
49 60 16456
49 61 11713
49 62 1836
49 63 9131
49 64 2043
49 65 1138
49 66 1785
49 67 5441
49 68 5603
49 69 8961
49 70 1896
49 71 4553
49 72 6601
49 73 8456
49 74 5326
49 75 5190
50 0 3568
50 1 1494
50 2 1864
50 3 518
50 4 2111
50 5 29060
50 6 437
50 7 2323
50 8 6080
50 9 3395
50 10 1371
50 11 9365
50 12 2261
50 13 11039
50 14 16036
50 15 3594
50 16 1278
50 17 405
50 18 3111
50 19 17054
50 20 3326
50 21 5958
50 22 6461
50 23 1279
50 24 6473
50 25 2076
50 26 5194
50 27 4012
50 28 2347
50 29 1498
50 30 1236
50 31 9391
50 32 6411
50 33 16076
50 34 4868
50 35 8551
50 36 2448
50 37 1465
50 38 6283
50 39 3746
50 40 2481
50 41 7335
50 42 26841
50 43 624
50 44 7168
50 45 6118
50 46 1346
50 47 3651
50 48 1316
50 49 23158
50 50 32744
50 51 1709
50 52 4824
50 53 3668
50 54 2148
50 55 6175
50 56 1893
50 57 1926
50 58 2249
50 59 1266
50 60 9371
50 61 12694
50 62 985
50 63 5492
50 64 2674
50 65 1559
50 66 1944
50 67 3273
50 68 4911
50 69 7302
50 70 1219
50 71 3362
50 72 3502
50 73 4334
50 74 3409
50 75 3755
51 0 5413
51 1 441
51 2 351
51 3 319
51 4 1284
51 5 1710
51 6 222
51 7 1600
51 8 1993
51 9 1340
51 10 1076
51 11 1640
51 12 1342
51 13 1904
51 14 2578
51 15 4323
51 16 1069
51 17 451
51 18 613
51 19 2437
51 20 4365
51 21 1815
51 22 795
51 23 1491
51 24 1498
51 25 510
51 26 1887
51 27 1045
51 28 1320
51 29 634
51 30 475
51 31 2358
51 32 982
51 33 1251
51 34 1667
51 35 1275
51 36 4324
51 37 1323
51 38 984
51 39 1680
51 40 716
51 41 831
51 42 2269
51 43 249
51 44 2829
51 45 4022
51 46 1404
51 47 808
51 48 1559
51 49 2165
51 50 1095
51 51 1048
51 52 1910
51 53 2522
51 54 2772
51 55 1268
51 56 290
51 57 930
51 58 771
51 59 977
51 60 2360
51 61 1053
51 62 598
51 63 946
51 64 350
51 65 468
51 66 236
51 67 2709
51 68 993
51 69 1088
51 70 743
51 71 872
51 72 1163
51 73 1669
51 74 455
51 75 5758
52 0 7606
52 1 2343
52 2 1528
52 3 448
52 4 28183
52 5 6424
52 6 1123
52 7 1994
52 8 10092
52 9 2978
52 10 2313
52 11 10698
52 12 17973
52 13 5748
52 14 9788
52 15 4801
52 16 5042
52 17 312
52 18 1631
52 19 5871
52 20 3995
52 21 13940
52 22 3072
52 23 1691
52 24 14656
52 25 1206
52 26 19116
52 27 4376
52 28 3234
52 29 1710
52 30 14276
52 31 6471
52 32 11920
52 33 6089
52 34 3346
52 35 7631
52 36 5497
52 37 3517
52 38 5863
52 39 46697
52 40 1541
52 41 2327
52 42 6844
52 43 2982
52 44 5440
52 45 4062
52 46 2302
52 47 2739
52 48 4831
52 49 7712
52 50 4396
52 51 2173
52 52 96613
52 53 4390
52 54 3992
52 55 3592
52 56 1041
52 57 2573
52 58 5428
52 59 2042
52 60 40615
52 61 5093
52 62 4064
52 63 6256
52 64 1047
52 65 912
52 66 1223
52 67 14341
52 68 2108
52 69 5935
52 70 1267
52 71 1959
52 72 6172
52 73 9532
52 74 4872
52 75 4076
53 0 5135
53 1 860
53 2 1070
53 3 439
53 4 2809
53 5 3844
53 6 525
53 7 2240
53 8 11275
53 9 2528
53 10 1222
53 11 6137
53 12 3356
53 13 3364
53 14 5086
53 15 2968
53 16 1076
53 17 484
53 18 982
53 19 6195
53 20 7661
53 21 10530
53 22 1545
53 23 1727
53 24 4656
53 25 923
53 26 5442
53 27 1793
53 28 2368
53 29 1117
53 30 1134
53 31 12681
53 32 4626
53 33 3918
53 34 3136
53 35 3486
53 36 5791
53 37 2088
53 38 3572
53 39 5374
53 40 773
53 41 1531
53 42 6944
53 43 926
53 44 5871
53 45 6342
53 46 1464
53 47 1522
53 48 3460
53 49 6322
53 50 4784
53 51 2568
53 52 4312
53 53 26133
53 54 8790
53 55 2350
53 56 570
53 57 1918
53 58 2471
53 59 1076
53 60 7363
53 61 3185
53 62 1417
53 63 2611
53 64 935
53 65 804
53 66 897
53 67 6585
53 68 2530
53 69 3026
53 70 1577
53 71 1215
53 72 2822
53 73 5714
53 74 1802
53 75 4363
54 0 5297
54 1 810
54 2 621
54 3 422
54 4 1989
54 5 3368
54 6 308
54 7 1412
54 8 6584
54 9 1572
54 10 896
54 11 4076
54 12 2886
54 13 2753
54 14 3795
54 15 3148
54 16 1621
54 17 106
54 18 425
54 19 4368
54 20 4173
54 21 14331
54 22 841
54 23 1144
54 24 3118
54 25 608
54 26 4781
54 27 1516
54 28 1246
54 29 907
54 30 815
54 31 4234
54 32 2856
54 33 2848
54 34 2409
54 35 3691
54 36 7989
54 37 1442
54 38 3244
54 39 4220
54 40 488
54 41 1130
54 42 3961
54 43 798
54 44 3836
54 45 3766
54 46 924
54 47 1033
54 48 1774
54 49 4269
54 50 2507
54 51 1782
54 52 3799
54 53 9063
54 54 3479
54 55 2053
54 56 433
54 57 1527
54 58 2342
54 59 966
54 60 5421
54 61 2382
54 62 942
54 63 1794
54 64 414
54 65 495
54 66 399
54 67 6538
54 68 1384
54 69 2505
54 70 729
54 71 981
54 72 2430
54 73 5279
54 74 1417
54 75 3288
55 0 2101
55 1 1736
55 2 858
55 3 387
55 4 3039
55 5 10099
55 6 78
55 7 1243
55 8 8279
55 9 1952
55 10 673
55 11 13497
55 12 2521
55 13 5594
55 14 11484
55 15 2370
55 16 1059
55 17 85
55 18 1617
55 19 7572
55 20 2527
55 21 4952
55 22 8187
55 23 965
55 24 7152
55 25 1067
55 26 4755
55 27 4563
55 28 1321
55 29 889
55 30 715
55 31 5535
55 32 8523
55 33 7910
55 34 2264
55 35 13240
55 36 1859
55 37 1275
55 38 9651
55 39 3711
55 40 851
55 41 3220
55 42 7975
55 43 539
55 44 4020
55 45 3400
55 46 801
55 47 1274
55 48 1595
55 49 18806
55 50 7819
55 51 926
55 52 4758
55 53 2714
55 54 2123
55 55 21354
55 56 1145
55 57 857
55 58 1071
55 59 904
55 60 9506
55 61 5836
55 62 648
55 63 4960
55 64 964
55 65 682
55 66 736
55 67 3053
55 68 1730
55 69 5534
55 70 583
55 71 1191
55 72 3971
55 73 5293
55 74 3201
55 75 2153
56 0 981
56 1 551
56 2 790
56 3 122
56 4 591
56 5 6754
56 6 93
56 7 421
56 8 1508
56 9 1042
56 10 235
56 11 2004
56 12 611
56 13 3537
56 14 4085
56 15 932
56 16 517
56 17 53
56 18 3264
56 19 2919
56 20 739
56 21 1236
56 22 505
56 23 344
56 24 1555
56 25 698
56 26 1139
56 27 883
56 28 711
56 29 459
56 30 429
56 31 1273
56 32 1587
56 33 3933
56 34 1331
56 35 2172
56 36 613
56 37 389
56 38 1064
56 39 813
56 40 592
56 41 7441
56 42 5156
56 43 168
56 44 1548
56 45 1278
56 46 423
56 47 1271
56 48 689
56 49 1532
56 50 2231
56 51 353
56 52 982
56 53 785
56 54 695
56 55 1544
56 56 2605
56 57 679
56 58 513
56 59 321
56 60 1953
56 61 6102
56 62 299
56 63 1722
56 64 1297
56 65 426
56 66 1200
56 67 821
56 68 1142
56 69 1855
56 70 334
56 71 1319
56 72 758
56 73 1049
56 74 926
56 75 1130
57 0 4193
57 1 653
57 2 956
57 3 1113
57 4 1254
57 5 2989
57 6 262
57 7 1962
57 8 1972
57 9 4145
57 10 1614
57 11 2053
57 12 1007
57 13 2668
57 14 2767
57 15 5384
57 16 1346
57 17 1270
57 18 1161
57 19 3689
57 20 2768
57 21 2227
57 22 907
57 23 5983
57 24 2072
57 25 1577
57 26 2143
57 27 1212
57 28 6134
57 29 3978
57 30 622
57 31 2595
57 32 2330
57 33 1921
57 34 5247
57 35 2105
57 36 1728
57 37 1556
57 38 1442
57 39 1628
57 40 1327
57 41 1526
57 42 4134
57 43 319
57 44 4053
57 45 4856
57 46 2386
57 47 1695
57 48 1411
57 49 1891
57 50 1841
57 51 812
57 52 2011
57 53 1975
57 54 1358
57 55 1224
57 56 481
57 57 15418
57 58 1168
57 59 2407
57 60 3664
57 61 2048
57 62 747
57 63 1729
57 64 713
57 65 1080
57 66 634
57 67 2182
57 68 2119
57 69 1439
57 70 3539
57 71 1624
57 72 1171
57 73 1511
57 74 1062
57 75 4712
58 0 7154
58 1 657
58 2 490
58 3 298
58 4 2841
58 5 2535
58 6 515
58 7 1199
58 8 2890
58 9 1353
58 10 1692
58 11 3544
58 12 5498
58 13 2049
58 14 3079
58 15 3021
58 16 9270
58 17 211
58 18 551
58 19 2307
58 20 2287
58 21 4668
58 22 1039
58 23 1153
58 24 3239
58 25 683
58 26 4103
58 27 1323
58 28 1954
58 29 574
58 30 2930
58 31 2028
58 32 2627
58 33 2046
58 34 1625
58 35 2733
58 36 2767
58 37 2872
58 38 1950
58 39 3877
58 40 520
58 41 951
58 42 3072
58 43 2739
58 44 2049
58 45 2487
58 46 1242
58 47 712
58 48 5435
58 49 2532
58 50 1448
58 51 1680
58 52 5352
58 53 1042
58 54 1480
58 55 1620
58 56 307
58 57 1348
58 58 26838
58 59 958
58 60 6039
58 61 1898
58 62 3119
58 63 1961
58 64 554
58 65 410
58 66 474
58 67 5784
58 68 1150
58 69 1591
58 70 1184
58 71 872
58 72 2064
58 73 2465
58 74 1593
58 75 2757
59 0 3730
59 1 276
59 2 618
59 3 443
59 4 1191
59 5 1436
59 6 82
59 7 995
59 8 1145
59 9 1564
59 10 5036
59 11 1658
59 12 1646
59 13 2041
59 14 1848
59 15 7622
59 16 979
59 17 1253
59 18 444
59 19 1855
59 20 1296
59 21 1839
59 22 725
59 23 1623
59 24 1533
59 25 481
59 26 1649
59 27 765
59 28 5130
59 29 1032
59 30 333
59 31 1661
59 32 1457
59 33 1134
59 34 1328
59 35 1550
59 36 1524
59 37 2728
59 38 1217
59 39 1471
59 40 611
59 41 691
59 42 2171
59 43 254
59 44 1480
59 45 1931
59 46 3246
59 47 649
59 48 1569
59 49 1788
59 50 1056
59 51 565
59 52 1896
59 53 992
59 54 903
59 55 633
59 56 342
59 57 2423
59 58 1447
59 59 5174
59 60 3079
59 61 1228
59 62 420
59 63 1161
59 64 382
59 65 390
59 66 258
59 67 1171
59 68 578
59 69 936
59 70 1275
59 71 894
59 72 647
59 73 1084
59 74 522
59 75 2487
60 0 9021
60 1 5823
60 2 2362
60 3 830
60 4 49639
60 5 13066
60 6 2012
60 7 3483
60 8 15333
60 9 4657
60 10 3083
60 11 33731
60 12 14346
60 13 9011
60 14 19719
60 15 7583
60 16 5419
60 17 962
60 18 2737
60 19 10689
60 20 5680
60 21 18039
60 22 5928
60 23 2976
60 24 70434
60 25 2327
60 26 42519
60 27 10339
60 28 4423
60 29 2712
60 30 7626
60 31 11188
60 32 34988
60 33 12537
60 34 6008
60 35 18382
60 36 6885
60 37 4549
60 38 15311
60 39 47291
60 40 2722
60 41 5052
60 42 13429
60 43 2711
60 44 9480
60 45 7598
60 46 3014
60 47 3834
60 48 6008
60 49 15643
60 50 9737
60 51 2797
60 52 39296
60 53 7045
60 54 5212
60 55 9826
60 56 2632
60 57 3534
60 58 6370
60 59 2585
60 60 306631
60 61 9544
60 62 4455
60 63 15162
60 64 2168
60 65 1845
60 66 1934
60 67 14776
60 68 3836
60 69 12210
60 70 2389
60 71 3969
60 72 18919
60 73 14921
60 74 12266
60 75 6116
61 0 3693
61 1 2895
61 2 2835
61 3 583
61 4 3328
61 5 42565
61 6 432
61 7 2172
61 8 5871
61 9 3681
61 10 1356
61 11 11786
61 12 2923
61 13 12133
61 14 37026
61 15 3316
61 16 1435
61 17 275
61 18 4556
61 19 9097
61 20 3083
61 21 5223
61 22 6500
61 23 1756
61 24 6569
61 25 2214
61 26 4497
61 27 6312
61 28 2713
61 29 1684
61 30 1456
61 31 6864
61 32 9208
61 33 42345
61 34 4555
61 35 14193
61 36 2948
61 37 1601
61 38 5629
61 39 4394
61 40 2434
61 41 11968
61 42 18760
61 43 764
61 44 5993
61 45 4407
61 46 1456
61 47 5600
61 48 1726
61 49 12818
61 50 12613
61 51 1330
61 52 4860
61 53 4143
61 54 2460
61 55 6869
61 56 6713
61 57 1695
61 58 1924
61 59 1207
61 60 10254
61 61 83250
61 62 1072
61 63 8981
61 64 3495
61 65 1455
61 66 2525
61 67 3198
61 68 3104
61 69 11695
61 70 1174
61 71 4437
61 72 3258
61 73 3758
61 74 5051
61 75 3360
62 0 2657
62 1 523
62 2 301
62 3 89
62 4 1991
62 5 1411
62 6 324
62 7 736
62 8 1830
62 9 763
62 10 804
62 11 1991
62 12 5731
62 13 1056
62 14 1530
62 15 2153
62 16 1709
62 17 303
62 18 444
62 19 1375
62 20 1299
62 21 3741
62 22 427
62 23 632
62 24 1541
62 25 459
62 26 2303
62 27 550
62 28 981
62 29 483
62 30 1350
62 31 1446
62 32 1452
62 33 1370
62 34 784
62 35 1385
62 36 1923
62 37 895
62 38 1005
62 39 2558
62 40 441
62 41 478
62 42 1593
62 43 895
62 44 973
62 45 1560
62 46 719
62 47 470
62 48 2517
62 49 1422
62 50 651
62 51 973
62 52 3504
62 53 1106
62 54 1424
62 55 871
62 56 325
62 57 620
62 58 2642
62 59 527
62 60 4056
62 61 1239
62 62 5069
62 63 1299
62 64 265
62 65 260
62 66 56
62 67 5266
62 68 511
62 69 1128
62 70 352
62 71 237
62 72 1328
62 73 1209
62 74 931
62 75 1314
63 0 3248
63 1 12753
63 2 1527
63 3 329
63 4 4342
63 5 9739
63 6 395
63 7 1471
63 8 5104
63 9 3180
63 10 1213
63 11 23221
63 12 2639
63 13 6309
63 14 28131
63 15 3006
63 16 1583
63 17 271
63 18 1911
63 19 6715
63 20 2151
63 21 4923
63 22 4580
63 23 1361
63 24 10448
63 25 1469
63 26 6528
63 27 18321
63 28 2166
63 29 1388
63 30 2042
63 31 4967
63 32 20661
63 33 14776
63 34 3132
63 35 21989
63 36 2487
63 37 1835
63 38 6188
63 39 5780
63 40 1680
63 41 3762
63 42 8492
63 43 1093
63 44 4312
63 45 3203
63 46 1376
63 47 2470
63 48 2361
63 49 8567
63 50 5734
63 51 1105
63 52 6063
63 53 2720
63 54 1966
63 55 4290
63 56 1580
63 57 1578
63 58 1821
63 59 1119
63 60 15077
63 61 9799
63 62 1178
63 63 90110
63 64 1201
63 65 1013
63 66 1568
63 67 3564
63 68 2212
63 69 37805
63 70 1042
63 71 2178
63 72 5529
63 73 4553
63 74 20180
63 75 2491
64 0 589
64 1 643
64 2 1093
64 3 208
64 4 852
64 5 4441
64 6 167
64 7 890
64 8 1132
64 9 1656
64 10 437
64 11 1800
64 12 476
64 13 9767
64 14 3349
64 15 852
64 16 437
64 17 105
64 18 6305
64 19 2265
64 20 926
64 21 1082
64 22 604
64 23 617
64 24 1431
64 25 1254
64 26 1323
64 27 881
64 28 804
64 29 598
64 30 309
64 31 1821
64 32 1547
64 33 3249
64 34 2261
64 35 2287
64 36 517
64 37 424
64 38 1252
64 39 1018
64 40 1196
64 41 4700
64 42 8510
64 43 206
64 44 2066
64 45 1262
64 46 373
64 47 3643
64 48 653
64 49 2505
64 50 2908
64 51 276
64 52 970
64 53 762
64 54 450
64 55 1283
64 56 1624
64 57 533
64 58 503
64 59 246
64 60 1797
64 61 3584
64 62 291
64 63 1266
64 64 2065
64 65 962
64 66 2718
64 67 717
64 68 953
64 69 1345
64 70 243
64 71 1918
64 72 664
64 73 876
64 74 766
64 75 928
65 0 660
65 1 336
65 2 1270
65 3 155
65 4 722
65 5 1619
65 6 71
65 7 831
65 8 615
65 9 4511
65 10 365
65 11 1395
65 12 619
65 13 2904
65 14 1882
65 15 1263
65 16 304
65 17 57
65 18 1096
65 19 1412
65 20 704
65 21 1021
65 22 301
65 23 972
65 24 996
65 25 3878
65 26 930
65 27 511
65 28 1318
65 29 1440
65 30 197
65 31 901
65 32 1092
65 33 924
65 34 2818
65 35 1086
65 36 606
65 37 397
65 38 657
65 39 561
65 40 1958
65 41 1037
65 42 2622
65 43 156
65 44 1643
65 45 2018
65 46 569
65 47 861
65 48 597
65 49 1366
65 50 1312
65 51 484
65 52 1123
65 53 864
65 54 473
65 55 838
65 56 500
65 57 969
65 58 541
65 59 283
65 60 1694
65 61 1135
65 62 265
65 63 845
65 64 427
65 65 1537
65 66 368
65 67 738
65 68 743
65 69 696
65 70 302
65 71 1866
65 72 376
65 73 604
65 74 618
65 75 1258
66 0 1097
66 1 386
66 2 2012
66 3 236
66 4 711
66 5 2727
66 6 99
66 7 725
66 8 1130
66 9 1538
66 10 248
66 11 1451
66 12 455
66 13 5517
66 14 2920
66 15 1111
66 16 244
66 17 84
66 18 4671
66 19 2560
66 20 666
66 21 968
66 22 870
66 23 668
66 24 1238
66 25 1042
66 26 855
66 27 744
66 28 635
66 29 655
66 30 219
66 31 961
66 32 1177
66 33 2164
66 34 1645
66 35 1724
66 36 785
66 37 319
66 38 1004
66 39 703
66 40 2203
66 41 2380
66 42 4666
66 43 186
66 44 1333
66 45 1060
66 46 262
66 47 3812
66 48 558
66 49 1831
66 50 1825
66 51 267
66 52 905
66 53 523
66 54 484
66 55 787
66 56 1310
66 57 743
66 58 325
66 59 451
66 60 1731
66 61 2707
66 62 206
66 63 1012
66 64 2484
66 65 858
66 66 1976
66 67 726
66 68 888
66 69 1186
66 70 376
66 71 1504
66 72 507
66 73 730
66 74 710
66 75 552
67 0 9113
67 1 1125
67 2 898
67 3 557
67 4 6852
67 5 5674
67 6 644
67 7 1431
67 8 7602
67 9 2379
67 10 2326
67 11 7807
67 12 10918
67 13 4209
67 14 6519
67 15 5672
67 16 3157
67 17 442
67 18 1121
67 19 5981
67 20 4525
67 21 24702
67 22 2240
67 23 1550
67 24 8288
67 25 1094
67 26 11434
67 27 3258
67 28 2469
67 29 997
67 30 3109
67 31 4629
67 32 6677
67 33 3694
67 34 3114
67 35 5642
67 36 7155
67 37 3433
67 38 5262
67 39 11252
67 40 970
67 41 2089
67 42 5733
67 43 1541
67 44 4694
67 45 5350
67 46 2399
67 47 1731
67 48 6696
67 49 5781
67 50 3872
67 51 2460
67 52 14465
67 53 5980
67 54 3834
67 55 3029
67 56 857
67 57 2016
67 58 4252
67 59 1697
67 60 15452
67 61 4022
67 62 6804
67 63 3666
67 64 889
67 65 972
67 66 502
67 67 47626
67 68 2376
67 69 3119
67 70 1042
67 71 1520
67 72 3653
67 73 7895
67 74 2589
67 75 3518
68 0 2604
68 1 702
68 2 1105
68 3 376
68 4 1077
68 5 4227
68 6 176
68 7 4402
68 8 2632
68 9 4033
68 10 700
68 11 3345
68 12 974
68 13 7092
68 14 3473
68 15 2746
68 16 1102
68 17 201
68 18 1457
68 19 8311
68 20 2626
68 21 2741
68 22 1360
68 23 1612
68 24 3186
68 25 1494
68 26 1574
68 27 1085
68 28 1958
68 29 1384
68 30 573
68 31 3893
68 32 2564
68 33 3087
68 34 6610
68 35 3331
68 36 1247
68 37 1070
68 38 1781
68 39 1681
68 40 1289
68 41 1921
68 42 13587
68 43 308
68 44 6816
68 45 7485
68 46 544
68 47 2915
68 48 1102
68 49 4348
68 50 3611
68 51 977
68 52 2102
68 53 2071
68 54 1476
68 55 1931
68 56 896
68 57 1347
68 58 782
68 59 898
68 60 3553
68 61 3583
68 62 530
68 63 1895
68 64 1220
68 65 788
68 66 918
68 67 1682
68 68 5384
68 69 2216
68 70 1145
68 71 2205
68 72 955
68 73 2184
68 74 999
68 75 2607
69 0 3201
69 1 6113
69 2 1276
69 3 284
69 4 3977
69 5 10337
69 6 391
69 7 1972
69 8 4727
69 9 2462
69 10 1239
69 11 18609
69 12 2828
69 13 6279
69 14 48876
69 15 2937
69 16 1579
69 17 291
69 18 2346
69 19 6073
69 20 2348
69 21 3745
69 22 3733
69 23 1166
69 24 9757
69 25 1419
69 26 5599
69 27 13784
69 28 1713
69 29 1342
69 30 1369
69 31 4204
69 32 14569
69 33 17413
69 34 3101
69 35 21308
69 36 2531
69 37 1415
69 38 4933
69 39 4165
69 40 1845
69 41 3188
69 42 8550
69 43 721
69 44 4274
69 45 3222
69 46 906
69 47 2238
69 48 1589
69 49 7830
69 50 6252
69 51 1367
69 52 4947
69 53 2618
69 54 2098
69 55 5199
69 56 1462
69 57 1625
69 58 1638
69 59 1025
69 60 10996
69 61 11054
69 62 970
69 63 38091
69 64 1408
69 65 825
69 66 1186
69 67 2948
69 68 2242
69 69 74577
69 70 1248
69 71 2220
69 72 4512
69 73 3513
69 74 9628
69 75 2334
70 0 1851
70 1 443
70 2 571
70 3 153
70 4 966
70 5 1505
70 6 125
70 7 1632
70 8 1674
70 9 1958
70 10 808
70 11 1671
70 12 1299
70 13 1892
70 14 1809
70 15 4526
70 16 828
70 17 387
70 18 532
70 19 1851
70 20 2636
70 21 1805
70 22 291
70 23 3916
70 24 1006
70 25 764
70 26 1626
70 27 594
70 28 3610
70 29 1010
70 30 446
70 31 2452
70 32 1252
70 33 1324
70 34 2765
70 35 1460
70 36 1426
70 37 946
70 38 620
70 39 1053
70 40 613
70 41 732
70 42 2696
70 43 346
70 44 2163
70 45 2798
70 46 1266
70 47 856
70 48 822
70 49 1959
70 50 1304
70 51 1089
70 52 1397
70 53 1332
70 54 924
70 55 502
70 56 419
70 57 3217
70 58 1053
70 59 773
70 60 2016
70 61 1288
70 62 524
70 63 859
70 64 179
70 65 477
70 66 458
70 67 1196
70 68 522
70 69 883
70 70 3692
70 71 1209
70 72 782
70 73 881
70 74 658
70 75 4527
71 0 2401
71 1 562
71 2 2762
71 3 462
71 4 1172
71 5 5017
71 6 207
71 7 1676
71 8 2375
71 9 5782
71 10 913
71 11 2738
71 12 1205
71 13 17487
71 14 4453
71 15 2387
71 16 816
71 17 101
71 18 2964
71 19 6610
71 20 1360
71 21 2079
71 22 1140
71 23 1644
71 24 2494
71 25 10081
71 26 2053
71 27 1292
71 28 1725
71 29 1945
71 30 621
71 31 2616
71 32 2893
71 33 3057
71 34 7485
71 35 2378
71 36 1692
71 37 1357
71 38 2213
71 39 1718
71 40 3748
71 41 3903
71 42 11337
71 43 398
71 44 4435
71 45 3210
71 46 973
71 47 4944
71 48 1223
71 49 4250
71 50 3822
71 51 751
71 52 2030
71 53 1536
71 54 1370
71 55 1651
71 56 1341
71 57 1468
71 58 1076
71 59 1175
71 60 3824
71 61 4318
71 62 462
71 63 1943
71 64 2348
71 65 1757
71 66 1932
71 67 2112
71 68 3192
71 69 2242
71 70 913
71 71 12047
71 72 1002
71 73 1836
71 74 1526
71 75 2144
72 0 2750
72 1 1229
72 2 610
72 3 275
72 4 5290
72 5 4645
72 6 337
72 7 1193
72 8 7022
72 9 1574
72 10 1096
72 11 13991
72 12 3177
72 13 3125
72 14 6808
72 15 2252
72 16 1418
72 17 182
72 18 773
72 19 4730
72 20 1590
72 21 6178
72 22 2369
72 23 1083
72 24 14794
72 25 692
72 26 11817
72 27 3843
72 28 1663
72 29 850
72 30 2031
72 31 4379
72 32 9297
72 33 4281
72 34 1337
72 35 6876
72 36 2171
72 37 1340
72 38 14056
72 39 7956
72 40 662
72 41 1857
72 42 5053
72 43 975
72 44 2544
72 45 2933
72 46 887
72 47 1124
72 48 1593
72 49 7244
72 50 4745
72 51 740
72 52 7557
72 53 2569
72 54 2725
72 55 5429
72 56 578
72 57 1126
72 58 1788
72 59 980
72 60 17483
72 61 3265
72 62 1389
72 63 4391
72 64 788
72 65 500
72 66 598
72 67 5672
72 68 1569
72 69 4272
72 70 573
72 71 1157
72 72 20789
72 73 7743
72 74 5058
72 75 1718
73 0 4982
73 1 1546
73 2 905
73 3 458
73 4 5023
73 5 4527
73 6 565
73 7 1883
73 8 18059
73 9 2306
73 10 1150
73 11 8806
73 12 4708
73 13 4073
73 14 7197
73 15 3280
73 16 2341
73 17 380
73 18 1343
73 19 6778
73 20 3627
73 21 17690
73 22 2691
73 23 1529
73 24 9287
73 25 1089
73 26 19261
73 27 4066
73 28 2295
73 29 876
73 30 2243
73 31 7891
73 32 8546
73 33 4183
73 34 2703
73 35 6752
73 36 4658
73 37 1773
73 38 10032
73 39 10142
73 40 1053
73 41 1689
73 42 6502
73 43 822
73 44 4684
73 45 4135
73 46 1388
73 47 1571
73 48 3616
73 49 8371
73 50 3802
73 51 1505
73 52 9573
73 53 7485
73 54 4775
73 55 6318
73 56 799
73 57 1747
73 58 2756
73 59 1147
73 60 15727
73 61 4451
73 62 2590
73 63 4453
73 64 975
73 65 982
73 66 625
73 67 9467
73 68 1633
73 69 4178
73 70 1096
73 71 1643
73 72 7687
73 73 23742
73 74 2701
73 75 3194
74 0 1972
74 1 9696
74 2 949
74 3 221
74 4 3367
74 5 5683
74 6 421
74 7 901
74 8 3650
74 9 1711
74 10 697
74 11 21875
74 12 2193
74 13 3449
74 14 13359
74 15 1849
74 16 1478
74 17 207
74 18 1001
74 19 4132
74 20 1509
74 21 3588
74 22 2882
74 23 850
74 24 11468
74 25 696
74 26 4722
74 27 19661
74 28 1455
74 29 891
74 30 1393
74 31 3485
74 32 26575
74 33 5851
74 34 1867
74 35 11628
74 36 1540
74 37 975
74 38 4207
74 39 4144
74 40 928
74 41 1609
74 42 5205
74 43 575
74 44 1939
74 45 1923
74 46 771
74 47 1134
74 48 1312
74 49 5349
74 50 3460
74 51 703
74 52 4234
74 53 2188
74 54 1102
74 55 3386
74 56 855
74 57 809
74 58 1229
74 59 656
74 60 10635
74 61 4807
74 62 825
74 63 20529
74 64 312
74 65 667
74 66 924
74 67 2371
74 68 1483
74 69 8892
74 70 636
74 71 1333
74 72 3249
74 73 3263
74 74 27318
74 75 1691
75 0 8783
75 1 821
75 2 1116
75 3 654
75 4 1951
75 5 3896
75 6 294
75 7 3149
75 8 4416
75 9 4143
75 10 3222
75 11 4570
75 12 2759
75 13 4220
75 14 4437
75 15 16303
75 16 2381
75 17 736
75 18 1123
75 19 5256
75 20 10053
75 21 5237
75 22 1319
75 23 4662
75 24 3263
75 25 1349
75 26 3497
75 27 1578
75 28 4918
75 29 2354
75 30 1135
75 31 5806
75 32 3634
75 33 3688
75 34 5293
75 35 3219
75 36 6158
75 37 3435
75 38 2179
75 39 3159
75 40 1199
75 41 1520
75 42 6903
75 43 892
75 44 7732
75 45 12549
75 46 3189
75 47 1621
75 48 2965
75 49 4210
75 50 3988
75 51 5139
75 52 4168
75 53 4253
75 54 3226
75 55 2167
75 56 602
75 57 4400
75 58 2545
75 59 2343
75 60 5339
75 61 2918
75 62 1038
75 63 2366
75 64 964
75 65 1082
75 66 635
75 67 4400
75 68 3030
75 69 1990
75 70 4320
75 71 2724
75 72 1579
75 73 2856
75 74 1673
75 75 22951
#Chi tiet cac cum
5.904794044627509
7
8 48.2408324555676 74.0541587897345 0.0
31 47.30959407740344 83.88805332492211 0.0
210 51.15579659183382 76.06467179904624 0.0
237 49.08760761790053 83.39077723846698 0.0
261 45.148185021961865 77.69560607377103 0.0
292 50.666475584239286 81.1912838144174 0.0
385 51.951609439245054 83.00856728797265 0.0
4.030380077429687
3
2 1.9730402331087542 4.378736279496109 0.0
91 6.804224526767791 0.004214069156518008 0.0
121 2.3592595738623583 3.385252913462847 0.0
5.8666316835642975
3
60 98.72126713360117 11.699789134019285 0.0
177 92.92612795161479 9.816914267821216 0.0
305 89.57130291213223 4.565885485134418 0.0
0.0
1
185 95.85434711639938 69.60035978725682 0.0
5.322180550378749
6
3 2.0709135637351395 51.44240026581909 0.0
12 1.214404311488213 54.16747588747993 0.0
87 0.6989138389630554 52.78711545304022 0.0
219 6.716190655788546 55.17931574336907 0.0
335 4.504340063909032 55.732631336728794 0.0
354 0.08225154583593064 59.52173129793099 0.0
5.6009414810914215
9
36 42.70428544000866 15.329844881827407 0.0
44 49.94449965968688 10.537107388422045 0.0
65 51.76998037761126 10.544970661062044 0.0
82 47.3711308006766 16.698126462111468 0.0
148 52.631367397117415 10.275927337601189 0.0
176 44.72655261711349 14.850280729506492 0.0
186 47.051232767634296 9.467770305870788 0.0
198 49.54873209757533 13.478183856689755 0.0
208 44.25425735508757 15.435473553793198 0.0
0.0
1
255 2.2485976816810584 97.02603068584736 0.0
3.8017091435274413
3
324 74.10704540261601 46.534657017518136 0.0
355 68.47820927000106 44.108798911271705 0.0
382 68.72792273427862 45.97693091272626 0.0
5.215418070760608
6
75 35.78291884138764 42.622110027441046 0.0
100 39.27070126988148 44.56928327727523 0.0
136 35.61403404958713 44.113534718478455 0.0
172 31.868378059001724 43.93226714604789 0.0
218 30.609928970346843 45.75030383773049 0.0
387 31.207786554912726 45.25371235991905 0.0
6.55280880289271
6
74 89.252734165271 43.07500245283478 0.0
184 97.36788958300843 42.16002038392691 0.0
312 90.7954844294981 37.32890672495873 0.0
331 91.5784875778148 45.160523319204124 0.0
365 96.58811960438447 46.9169041523887 0.0
388 99.15955933665333 37.89691462707073 0.0
3.4113176737660447
3
96 63.84346516692772 97.20442059721643 0.0
214 67.25939014594667 94.23351455010449 0.0
294 65.11660026176034 91.0788157711447 0.0
5.54630178629252
11
11 10.941387676203291 24.33371971799317 0.0
17 17.505458759375365 29.695886529168543 0.0
83 19.725670978304752 27.539367089338867 0.0
86 12.403825038104937 25.63456073579338 0.0
204 17.667798844285702 23.21932206927769 0.0
211 12.870393146809375 21.676128342591937 0.0
248 15.23186373495582 25.93486601763363 0.0
257 15.392170411270703 21.831884014439318 0.0
321 17.576780016869524 20.817555050958486 0.0
328 17.700123053192485 24.174087479547822 0.0
351 10.817525875958 26.023634171363227 0.0
4.118031042015118
5
43 16.557364004166004 72.6136509333312 0.0
80 19.82495597178315 74.18058280933784 0.0
256 14.13080715179689 68.40009600734331 0.0
291 18.053738864511985 70.35544734606493 0.0
323 17.70447669467368 69.86913116056472 0.0
6.167210791822277
9
102 73.50991096778195 19.891313646556316 0.0
108 70.29846354270887 16.682288420919583 0.0
113 72.24503239211973 16.95114131146232 0.0
128 71.35493387807064 22.448857015668636 0.0
170 74.28358632543939 25.462485708625895 0.0
265 71.22618523061405 18.033613465563796 0.0
297 66.93660573968644 20.332034456883953 0.0
337 69.19527794380753 19.723575586595647 0.0
343 73.9023980237746 20.38830948381104 0.0
5.615004682409473
13
7 31.237938325721707 4.694638159275024 0.0
38 33.290456860933986 3.6850844668966873 0.0
61 31.5771274203682 6.706735920366436 0.0
89 34.32913216176359 4.2214668790928265 0.0
105 33.244882867631084 1.4794282255045248 0.0
157 31.975023812864446 3.2360097835106556 0.0
158 29.557728809154977 6.321827156852162 0.0
164 35.569415243812166 2.9236529097676898 0.0
199 28.03152606971008 1.2566396076811117 0.0
201 28.553227656700734 6.109417860852179 0.0
222 29.97856813427665 4.327678483772331 0.0
311 29.187742749371058 2.6184302074219215 0.0
340 27.906556276788066 8.96037031832482 0.0
6.1492712178120765
7
49 63.30791001255677 79.20300305673452 0.0
79 63.59078523847708 78.18500079435042 0.0
173 67.71917407308823 75.89368143694388 0.0
196 65.41699677237845 81.52501225117487 0.0
206 67.6851996838872 74.1830885490702 0.0
231 72.48917859209969 81.73332846295105 0.0
346 69.59802497130899 80.48589152514609 0.0
3.6472706052942487
4
13 26.79474170868235 95.8867354713042 0.0
175 21.89684854546018 92.56520417612235 0.0
250 25.646246329558192 90.82797135942147 0.0
275 22.783152644390505 93.69923014423965 0.0
0.0
1
141 86.03805412715808 92.45862349501405 0.0
3.3566019713679016
3
150 71.96915636781158 5.182373298666516 0.0
336 67.89615443506305 0.9713868272858334 0.0
360 70.21131160793928 4.544513304015672 0.0
5.131336662484178
8
33 53.07162369214338 33.16050222300811 0.0
63 53.526139433007934 31.33151327515485 0.0
84 54.10372201988405 34.787911257025804 0.0
205 56.307270395820304 31.443984810290416 0.0
282 55.595830651959254 35.712761607939065 0.0
319 50.00054234908451 31.718328941932135 0.0
342 51.33387270283176 35.36325361329408 0.0
379 55.0933596457034 27.73921716509138 0.0
5.116158108613265
4
19 53.77039271805922 57.12325248775077 0.0
56 59.18581502818169 61.19414905963311 0.0
140 54.958576141123125 60.80760493735203 0.0
325 50.54178588286945 56.46474388619696 0.0
6.611667478003503
7
66 31.305742044337308 55.0539498630596 0.0
70 30.378867341513025 60.181558748136176 0.0
190 33.68244169957328 53.79046403487586 0.0
220 34.8411417106253 61.048724235164244 0.0
287 26.891059333552843 57.068904561449436 0.0
350 34.35163899661589 65.55976503848177 0.0
390 35.88203414777491 61.83442513278616 0.0
3.8126314879041336
3
235 36.485473203638996 23.84771493996868 0.0
246 31.934681463930758 21.02894229790841 0.0
290 31.56327034972802 20.2565107339987 0.0
2.127809933943297
3
195 79.93150572731146 59.12946257270211 0.0
252 78.40301486904782 61.99933803809969 0.0
318 76.3373792520337 60.06838845273997 0.0
5.984345928545993
9
131 11.842610647415624 31.203641442083374 0.0
179 6.255067033709829 34.34478939014035 0.0
236 7.1649124281969465 39.54259464323673 0.0
238 13.044560918471282 36.118122212313914 0.0
273 11.294084824061718 34.397148824114126 0.0
281 7.423672783782219 38.75812302474849 0.0
288 2.685914498279435 35.08606741536449 0.0
367 7.283727007085861 35.75460459938502 0.0
375 10.161274116914194 40.246748708699045 0.0
2.457343131221826
3
92 90.23285448720097 28.564515091883163 0.0
118 88.4470050403126 26.56245612189291 0.0
181 91.54640626021711 24.61083157774154 0.0
4.591779124483402
7
26 14.670892490362368 50.81468939554283 0.0
32 17.616725791960057 53.09014335038544 0.0
161 19.352651013955313 52.7440183982895 0.0
188 20.41821722185976 46.52121180745386 0.0
207 13.134902786594136 49.52384629779343 0.0
356 18.83778420128485 50.36535411816813 0.0
373 19.962046935648903 46.058229977344205 0.0
4.551722201227801
5
20 15.572113049628353 16.522226717746822 0.0
138 9.985943291102972 13.742231760222113 0.0
144 17.419922933779592 17.62613900362636 0.0
213 15.075810727452462 10.390270240688446 0.0
260 11.616684409777115 15.701518367306996 0.0
5.893595032382472
5
37 80.872614415887 73.97973578748949 0.0
132 84.70158122030236 81.60222391181054 0.0
163 84.49797898471031 82.78091552483468 0.0
203 83.44918656813373 81.85895975909537 0.0
362 81.47028804796763 77.16129242510257 0.0
6.440797412508007
3
64 89.20469133830005 55.774804115278606 0.0
145 87.21923596070351 51.83922138638262 0.0
370 97.81705057416808 52.76729374322022 0.0
5.987642059730552
3
78 6.394959080334868 74.41754600718846 0.0
94 4.163970380404599 72.23719684940755 0.0
279 3.8473819165133287 82.19392758297435 0.0
5.361656730682236
6
4 48.887064499479166 44.010930621033275 0.0
53 45.748380682021626 41.40811353459729 0.0
58 48.846210178756685 46.57303266178078 0.0
258 49.396608202710276 43.56250950007713 0.0
358 48.203011476737004 39.878601562919854 0.0
378 43.37571620846246 38.848078068019014 0.0
5.490394098931406
10
85 7.274530657942392 19.904942897321888 0.0
103 6.368258370393821 20.50914238581062 0.0
166 8.380910911440884 22.132050876631688 0.0
217 9.10723937130072 27.000699133939236 0.0
268 7.316234545399983 26.239185498746547 0.0
270 1.3624834935645938 26.73296506321389 0.0
301 2.7000243841173273 28.784948601840668 0.0
322 2.194692189231246 23.565450762594455 0.0
338 7.096571300931381 20.892016444357694 0.0
368 8.99920079043374 28.821361006620922 0.0
5.596752955489487
8
47 41.699420250865444 10.464981369665198 0.0
51 39.97959855894905 10.890495419613774 0.0
191 35.17999225272334 11.258752679345527 0.0
310 38.5275047835543 4.49700657882752 0.0
327 36.54866086493096 10.955789047815765 0.0
330 32.91684450534765 12.611599620252033 0.0
347 37.05004222629567 8.384424929300023 0.0
389 39.48859784773331 8.240316017349087 0.0
5.3764737464682675
6
10 84.84777786344753 36.38563884741769 0.0
24 82.92186579519345 40.006911860505916 0.0
99 75.5572533357022 39.093140630716746 0.0
124 79.37611259314258 38.84229650995312 0.0
315 81.57157535320407 41.408164900619326 0.0
357 76.88391265381138 38.72234699763105 0.0
6.146867991687935
9
41 27.29509604557985 20.44390733185605 0.0
114 22.25047835624838 22.554851550083416 0.0
135 25.975652342221338 16.85972207305626 0.0
160 23.63637684038396 19.168616532476577 0.0
277 26.270622511811478 13.87147442278119 0.0
317 21.715632416835064 14.342086450196023 0.0
333 30.38531359948264 16.04673564014719 0.0
352 20.578064291133828 18.721384350056457 0.0
386 22.308417534526757 18.09528261630134 0.0
6.207895061372405
4
6 46.3332024279278 65.65437507329572 0.0
29 47.18210997999158 61.068593228394114 0.0
165 45.58634577331828 62.70222803484028 0.0
243 40.55307846215591 69.03305590735476 0.0
4.62935035749426
4
98 54.59759313229136 97.69770282837108 0.0
125 56.78394453009166 95.19140311598117 0.0
253 53.424096976329395 92.82067091522232 0.0
289 51.6330881842192 90.02167791163352 0.0
4.925458275781949
5
156 26.61937690055376 37.23576965576305 0.0
168 25.6036350483659 32.54408325294862 0.0
180 24.687276302977445 35.63562011838271 0.0
264 26.79037239989568 32.25403589337012 0.0
276 30.722932778086083 38.275860539979185 0.0
4.914990046011491
7
18 7.236848118349468 58.09527654199414 0.0
22 13.06321947940508 55.1311525392359 0.0
76 15.686819884169294 55.912947370508306 0.0
111 8.96169090975027 57.64124770245314 0.0
249 11.627486880220403 59.991624664297746 0.0
254 14.986322548666795 53.73980179182014 0.0
314 12.024728767696814 56.186517673710654 0.0
4.751965759095781
3
117 92.63091198924937 15.202593094224849 0.0
216 88.0691737189607 17.824109442426558 0.0
363 88.13702223682488 9.737645287202023 0.0
2.837800498027954
4
1 59.69934538545957 8.74986089620665 0.0
127 59.567106330092706 12.57941580043746 0.0
271 56.58499421232218 8.298855918757923 0.0
364 59.71276360850846 9.665148351530569 0.0
5.81287976300909
11
48 56.71327082578038 26.262737586634984 0.0
112 67.03636939432273 24.74927018690609 0.0
129 60.71188883965317 18.45755278406422 0.0
139 59.24301822020661 23.665193639941567 0.0
151 62.801112696608584 21.19300087174479 0.0
178 59.469254503659684 26.877175823778483 0.0
182 62.90300241598747 26.84854197216357 0.0
233 60.60680920591163 25.30869598895153 0.0
303 62.431444816499656 25.03471592205207 0.0
332 61.31566803976181 23.73997274554459 0.0
366 60.75808674083983 21.877566142788112 0.0
4.923081537596339
2
133 14.520154455955494 89.807816672581 0.0
153 16.838185146143804 99.37722945616562 0.0
4.718055585738569
6
52 54.80562897575737 45.03349128401207 0.0
93 57.60507256633038 43.85290235260404 0.0
106 56.24997260150069 40.718477190858906 0.0
200 59.32923724113984 41.30668017742629 0.0
241 59.77525809458719 40.07288175686874 0.0
293 55.752295606185704 47.5645500539775 0.0
5.908366237744288
6
23 59.94024695055476 54.55011504309499 0.0
167 67.02706704560278 55.50366069479947 0.0
259 59.717219521152415 51.24623563953698 0.0
274 61.55785032553054 52.26086256657384 0.0
280 62.56278794561819 49.76560588577369 0.0
341 61.571986570402665 50.47165166928396 0.0
4.038801159522533
3
159 62.698205723469066 88.98805004934712 0.0
226 63.795651063311155 82.42637801200317 0.0
283 65.54381867732357 87.96362302443455 0.0
2.726199039563662
4
15 76.1526557873918 11.33593130387752 0.0
197 77.52270109175987 14.317883834794195 0.0
223 79.34234178589274 14.642581254969391 0.0
371 77.90946332997818 9.804927865087894 0.0
6.930025452953561
4
25 37.23312232447339 79.17870321598286 0.0
251 37.07674333849316 72.53316661564453 0.0
278 37.70626074671137 80.6180146367131 0.0
286 39.89414924658006 85.28769161707781 0.0
4.594507022640525
8
57 44.05470502366069 30.245841328686016 0.0
62 36.527662396846466 30.99788903015976 0.0
72 43.446940156500936 27.35801664877381 0.0
101 39.28711311669083 29.513291098275435 0.0
104 40.16074487618981 30.20986175064477 0.0
194 43.46453826590409 31.451523976050623 0.0
232 36.8236285212289 32.62514524943688 0.0
298 42.776315469893824 30.43265142515819 0.0
6.6897408125556534
6
27 51.83383514346705 23.04904680495071 0.0
95 43.55124236264259 22.51552405561642 0.0
244 45.49883078529153 23.83310387354615 0.0
300 54.87783088159259 21.011284298333727 0.0
334 47.396620424864466 21.44369433171008 0.0
369 46.35573654100681 19.765057937836225 0.0
2.5123400074173308
2
39 54.8888741639288 68.12487775033999 0.0
212 53.40031165130395 63.325753778458584 0.0
4.63662257414036
9
30 6.9957778689045975 61.2282132607541 0.0
146 10.626080497628 67.57053845413229 0.0
171 8.128080320769833 59.93129698344895 0.0
230 7.6742533617105435 65.69133214920613 0.0
245 8.049008137168391 61.568834229982414 0.0
284 9.072508331501165 64.51756584625704 0.0
313 4.813287607672469 66.55274708672609 0.0
344 6.1471628980426765 62.30206284568615 0.0
381 11.803501991587366 63.516740458971995 0.0
3.152194047986431
4
14 44.10741443557377 52.6171143192408 0.0
97 45.91328008517684 52.06967172550513 0.0
239 39.86091889549732 52.128501042916604 0.0
349 42.160741320668556 51.19421672743363 0.0
4.808262719261252
3
155 40.96644995763177 59.01011869524007 0.0
162 42.68279818400221 58.24098911025272 0.0
215 35.608756177541565 54.967464964163504 0.0
3.166548872105868
4
42 32.75181221672469 28.722217845494264 0.0
88 29.67523009103384 28.92847092373533 0.0
119 30.08808353348197 26.798856236155217 0.0
169 35.0365532746834 28.598329959527078 0.0
2.1734700334928454
2
9 58.55484352530894 1.2766976877079892 0.0
73 58.14465713326028 5.604241456376731 0.0
4.829918480649253
4
149 86.17625671990623 64.27604805991893 0.0
242 82.59444014541499 70.68659236305463 0.0
266 85.99325087465117 65.44387600005187 0.0
376 89.5722039789585 68.98271571109858 0.0
3.4553572157771324
4
5 32.515032842512305 88.81466591389162 0.0
116 26.604372098022104 86.71500353574247 0.0
147 26.75538119606145 87.7773273515723 0.0
192 33.22955654100904 87.92121181144717 0.0
5.437736723479413
3
45 73.68281320811614 97.10521893391416 0.0
50 78.28242286020443 89.87412936002451 0.0
308 72.65158966695442 95.34968628523742 0.0
6.527589927689863
15
81 6.471023649445001 47.29670738231431 0.0
90 0.5093022126371259 42.145349729520575 0.0
120 6.271784419631931 44.17715669376912 0.0
189 5.732888035349245 47.48044045479442 0.0
202 4.701037180100791 44.72371267885193 0.0
224 5.511287842182725 46.98790267347417 0.0
247 7.212229626969789 51.080774864438666 0.0
269 5.479415880053733 45.69241796136254 0.0
302 2.5517900900814947 47.57526168777542 0.0
304 8.62653344566941 50.37719449387102 0.0
306 3.55767569319627 43.46399869522869 0.0
309 1.5922575466472666 44.19512116190872 0.0
345 8.807172101058232 44.73582819329947 0.0
380 5.726129102216366 50.9316765520406 0.0
391 4.882090044619464 49.786331361914 0.0
5.175445218362416
8
34 49.231664246060035 6.536314028242681 0.0
46 48.03697288156347 5.566679861898124 0.0
59 45.02421021911802 4.390207857755638 0.0
71 42.37941642749195 2.9934783500246556 0.0
109 48.20507297333683 7.62720722747167 0.0
137 42.2495736547088 6.019771081285817 0.0
225 47.850171274915986 2.656098072298142 0.0
228 40.826772809719714 2.5130452005003763 0.0
1.3513274532710353
2
316 27.38003539594323 74.70776715313839 0.0
348 27.18466683288448 77.40335144386727 0.0
4.519717108338293
8
55 13.56829825385562 2.5069309356071896 0.0
110 16.08678957590317 3.8599170077201133 0.0
142 14.534747189798264 2.534116477965923 0.0
209 9.691703995597303 7.605932851253293 0.0
320 12.196604434340008 4.576147698439611 0.0
339 8.647890790011285 7.164504330366623 0.0
374 14.161756380544018 5.9795652042108856 0.0
377 12.247895268300006 6.165094554516943 0.0
2.1730900877948254
2
122 71.91246008890622 10.742982591251817 0.0
193 67.70239443866177 9.663802652909602 0.0
2.9071098886309894
2
68 97.89640866490438 26.321473186965576 0.0
115 97.3067508146848 32.10571516305706 0.0
2.60080814335514
2
21 80.69625106073484 2.8048197315276653 0.0
359 75.4971673410785 2.967117205857536 0.0
7.18390686991752
6
67 30.789060599277658 66.53134942312559 0.0
69 27.9590470686616 65.38175857244802 0.0
130 27.95995436365237 67.57548858128615 0.0
229 25.473501091092313 67.81455967205498 0.0
285 29.73627781481651 64.73732527865708 0.0
329 20.62849532241617 62.64311149070136 0.0
3.6717919533234813
3
107 63.295322441607205 34.29202283861008 0.0
187 67.08676368677409 34.95089090740348 0.0
353 63.53176481770109 39.87325866237691 0.0
3.809945017956593
7
54 20.5244696382389 5.126315171409112 0.0
77 21.75287705787208 5.310688746451605 0.0
134 19.738132877753618 1.0756371057864669 0.0
227 24.05548492287837 3.3834812522527664 0.0
267 22.571490250312344 1.620672922271093 0.0
307 18.280388809067194 5.376952126862063 0.0
384 23.38445346224311 1.185098774219341 0.0
1.5601403177260744
2
126 74.62441657689753 65.24522738772725 0.0
221 71.66987133140705 64.24182635308199 0.0
4.237415805024137
4
154 83.99067277362471 25.372345794498127 0.0
174 77.95294534218979 27.058202128511816 0.0
361 85.0518729131994 24.987382232808407 0.0
372 80.43658274953432 24.234791101407758 0.0
4.3334052696629835
4
234 22.39803363052472 38.48777595995691 0.0
262 21.208275720876706 39.126268788485916 0.0
296 15.270354494043302 41.19009339311599 0.0
383 18.42765993092842 39.8511762914597 0.0
5.71648183188714
5
28 29.528825630729923 47.55773129079972 0.0
143 24.75700398263381 46.87225476755649 0.0
272 27.503490840210144 54.98959022354438 0.0
295 27.15751766477357 46.83531750510415 0.0
326 26.223337405766067 50.20719423741789 0.0
5.325546858539839
5
0 6.810606335468912 13.659833869631916 0.0
35 0.9864259263739666 10.121081782342475 0.0
40 5.778662918311849 15.968126494163908 0.0
183 8.155213735900636 15.294426584617685 0.0
299 4.759641902099094 11.191102331159556 0.0
5.549177562009687
5
16 60.35749552489705 63.616558641215384 0.0
123 62.061511257897386 71.73466039092406 0.0
152 63.80166378658792 68.57773126028641 0.0
240 64.55464535468471 65.41408392266166 0.0
263 62.833207376725404 61.781440048357474 0.0
