#He so k la
3.0
#Number of Nodes
77
# list of nodes
#x #y #z
36.45948814753357 18.924517588709943 0.0
97.33133315837244 98.91093668301671 0.0
8.008926354825515 90.94652716265205 0.0
96.23397361391122 33.587827121910166 0.0
58.625496766960794 65.04411942144044 0.0
3.061971914694235 47.44718800022603 0.0
75.33559922968007 1.685531081485342 0.0
0.8421746609321334 3.3641964758268994 0.0
55.73433518090245 98.4687680807017 0.0
61.19198697565562 36.91318849558682 0.0
32.124698014205926 77.51830476967022 0.0
85.5264030447026 73.03028137960891 0.0
28.028720050810627 55.935391759088255 0.0
10.171722343191984 24.559784535566678 0.0
4.409837611151531 75.35840668057772 0.0
47.697401440423356 4.678708647226242 0.0
91.53113908548096 13.609075090534319 0.0
21.201041508733674 4.40054472884018 0.0
45.347629035988554 39.5304177366401 0.0
74.90319182285495 87.65824541917476 0.0
75.14607444110123 50.07843042219788 0.0
94.44130315590041 59.797203449449796 0.0
15.27649049526288 64.90001230155752 0.0
43.89229385283034 89.86086815512529 0.0
17.661634258262087 79.88940177028847 0.0
81.5729898501966 33.53034114300134 0.0
46.658907614982404 76.23495735613766 0.0
70.9090653561556 15.10776045507036 0.0
69.36152023913321 94.7805409633623 0.0
54.596676038216664 18.22982017689499 0.0
51.29862410698827 51.84791744688047 0.0
96.51693795914694 75.10871166633524 0.0
21.366575645818948 18.407005952373638 0.0
17.40412183510598 31.49515574682251 0.0
83.86299415430005 99.25234471588395 0.0
44.893582708493014 62.29057622422238 0.0
27.47368953618969 65.11697152832011 0.0
93.04446081997811 86.98796684590027 0.0
29.69951106853606 32.26631699749706 0.0
86.13308000816801 22.635361575693285 0.0
1.536973385535147 85.14540751445122 0.0
38.65734713959174 9.330048981859878 0.0
12.16995380472084 41.459200070327576 0.0
6.03397368254859 32.558556438875456 0.0
85.15738089366815 43.05380843289076 0.0
8.040649467883755 13.892555638759083 0.0
5.195677688787715 67.07439901098246 0.0
57.96423759290085 45.4952243308332 0.0
56.18974180897487 84.98513975037594 0.0
60.99302127744828 6.682345130857607 0.0
78.43050530363641 79.50598884700611 0.0
66.28991910581267 55.5237128934119 0.0
61.05356610153852 27.168671492749084 0.0
10.184115041802116 51.867522482160766 0.0
13.430068214032628 71.91995316209547 0.0
10.177135027901423 3.497231530526438 0.0
26.028584695182694 41.57072370613888 0.0
74.76686032441623 68.51583458258506 0.0
38.04109823077885 57.335242386507076 0.0
22.752443104581154 95.94266006401264 0.0
96.43387459878961 23.788442461468996 0.0
47.370683741656755 22.432962000365315 0.0
84.33085321738696 62.186457123383846 0.0
36.44855526639329 40.014153779311556 0.0
38.594407409108854 76.24124254433171 0.0
35.84712637564576 67.58714165808594 0.0
73.76802230244724 25.494921885793147 0.0
80.89290458332574 4.076973138249238 0.0
54.27412031380092 37.15462262568417 0.0
50.08499284392312 11.780282490467679 0.0
69.5202259018719 36.47766940816299 0.0
97.22078250833086 45.156848546860914 0.0
39.91783071596475 2.9709220529845277 0.0
28.200263374653414 13.610020091458304 0.0
2.8039620831894934 57.5400710025248 0.0
40.64633607298527 31.34338858170424 0.0
19.32880529450011 49.220857176477814 0.0
#nguong BER
0.001
#Ma tran yeu cau D
#source_index dest_index bw don vi Mbps
0 0 70524
0 1 437
0 2 1242
0 3 1173
0 4 3172
0 5 5423
0 6 1386
0 7 1848
0 8 1176
0 9 4529
0 10 2928
0 11 1556
0 12 7788
0 13 5322
0 14 2966
0 15 7910
0 16 2166
0 17 7686
0 18 10119
0 19 986
0 20 2840
0 21 934
0 22 6252
0 23 1520
0 24 2621
0 25 5269
0 26 566
0 27 2150
0 28 1213
0 29 5824
0 30 4931
0 31 846
0 32 38059
0 33 16323
0 34 423
0 35 5269
0 36 3750
0 37 329
0 38 26990
0 39 6478
0 40 1961
0 41 32528
0 42 6314
0 43 11878
0 44 2115
0 45 10053
0 46 3511
0 47 6081
0 48 2578
0 49 14178
0 50 3054
0 51 5261
0 52 8985
0 53 4988
0 54 3179
0 55 8889
0 56 11211
0 57 1170
0 58 6778
0 59 1639
0 60 2714
0 61 28655
0 62 2279
0 63 9099
0 64 1645
0 65 2777
0 66 4159
0 67 5455
0 68 5098
0 69 20605
0 70 6203
0 71 559
0 72 13459
0 73 13484
0 74 1313
0 75 20454
0 76 7818
1 0 419
1 1 0
1 2 90
1 3 223
1 4 480
1 5 267
1 6 150
1 7 83
1 8 69
1 9 188
1 10 239
1 11 362
1 12 564
1 13 160
1 14 277
1 15 195
1 16 95
1 17 263
1 18 457
1 19 192
1 20 285
1 21 135
1 22 467
1 23 259
1 24 261
1 25 541
1 26 45
1 27 113
1 28 707
1 29 90
1 30 509
1 31 186
1 32 575
1 33 527
1 34 248
1 35 399
1 36 415
1 37 3
1 38 637
1 39 749
1 40 274
1 41 389
1 42 319
1 43 460
1 44 356
1 45 398
1 46 421
1 47 433
1 48 359
1 49 545
1 50 929
1 51 338
1 52 381
1 53 369
1 54 75
1 55 235
1 56 352
1 57 73
1 58 547
1 59 387
1 60 312
1 61 619
1 62 226
1 63 339
1 64 221
1 65 380
1 66 468
1 67 348
1 68 292
1 69 436
1 70 147
1 71 10
1 72 262
1 73 159
1 74 93
1 75 358
1 76 536
2 0 1336
2 1 109
2 2 21715
2 3 125
2 4 1498
2 5 3002
2 6 206
2 7 378
2 8 369
2 9 694
2 10 2708
2 11 594
2 12 3129
2 13 1122
2 14 5800
2 15 631
2 16 410
2 17 1051
2 18 1447
2 19 389
2 20 661
2 21 479
2 22 4540
2 23 1576
2 24 3733
2 25 1058
2 26 510
2 27 300
2 28 799
2 29 520
2 30 1604
2 31 317
2 32 3218
2 33 2410
2 34 128
2 35 1769
2 36 2063
2 37 221
2 38 2388
2 39 1407
2 40 8269
2 41 1647
2 42 1791
2 43 3212
2 44 644
2 45 1350
2 46 3933
2 47 1459
2 48 1421
2 49 1750
2 50 1234
2 51 1575
2 52 1133
2 53 2269
2 54 4379
2 55 1378
2 56 2021
2 57 268
2 58 2025
2 59 4548
2 60 446
2 61 2110
2 62 663
2 63 1319
2 64 1085
2 65 1571
2 66 811
2 67 1047
2 68 838
2 69 1157
2 70 1004
2 71 122
2 72 892
2 73 816
2 74 714
2 75 1542
2 76 3606
3 0 1124
3 1 223
3 2 223
3 3 2015
3 4 1090
3 5 844
3 6 450
3 7 134
3 8 262
3 9 1004
3 10 618
3 11 517
3 12 1283
3 13 761
3 14 642
3 15 930
3 16 1458
3 17 658
3 18 1025
3 19 440
3 20 1500
3 21 500
3 22 1042
3 23 516
3 24 574
3 25 5008
3 26 184
3 27 433
3 28 492
3 29 780
3 30 975
3 31 461
3 32 1949
3 33 1086
3 34 205
3 35 1006
3 36 819
3 37 112
3 38 1687
3 39 6839
3 40 148
3 41 1478
3 42 408
3 43 1340
3 44 2071
3 45 1032
3 46 405
3 47 1165
3 48 819
3 49 2325
3 50 1237
3 51 2028
3 52 1851
3 53 721
3 54 534
3 55 886
3 56 1002
3 57 379
3 58 1675
3 59 506
3 60 4059
3 61 1874
3 62 1611
3 63 998
3 64 335
3 65 668
3 66 1797
3 67 2045
3 68 1024
3 69 1751
3 70 1766
3 71 759
3 72 995
3 73 476
3 74 251
3 75 1514
3 76 1157
4 0 3566
4 1 436
4 2 1518
4 3 737
4 4 39782
4 5 3345
4 6 855
4 7 610
4 8 1994
4 9 3799
4 10 5012
4 11 2533
4 12 7676
4 13 1937
4 14 2481
4 15 1773
4 16 1297
4 17 2047
4 18 4651
4 19 2211
4 20 4823
4 21 1660
4 22 4993
4 23 2551
4 24 2879
4 25 4153
4 26 1365
4 27 907
4 28 1927
4 29 1567
4 30 9937
4 31 1406
4 32 6890
4 33 5247
4 34 667
4 35 12001
4 36 4798
4 37 536
4 38 6155
4 39 5030
4 40 1621
4 41 3054
4 42 2952
4 43 4529
4 44 1636
4 45 3322
4 46 2819
4 47 7498
4 48 6930
4 49 4989
4 50 6095
4 51 15629
4 52 4826
4 53 2979
4 54 2390
4 55 3035
4 56 4819
4 57 3100
4 58 8748
4 59 2194
4 60 2274
4 61 5594
4 62 3877
4 63 3278
4 64 2983
4 65 4982
4 66 2406
4 67 2684
4 68 2981
4 69 3722
4 70 5239
4 71 392
4 72 2400
4 73 1681
4 74 1149
4 75 5721
4 76 5444
5 0 5771
5 1 403
5 2 2830
5 3 709
5 4 2920
5 5 116187
5 6 873
5 7 1891
5 8 1273
5 9 3085
5 10 5218
5 11 1697
5 12 12730
5 13 8009
5 14 7102
5 15 2450
5 16 1212
5 17 4843
5 18 5257
5 19 896
5 20 2046
5 21 898
5 22 14831
5 23 2367
5 24 5456
5 25 3364
5 26 853
5 27 1013
5 28 1433
5 29 1486
5 30 3838
5 31 799
5 32 16733
5 33 20529
5 34 372
5 35 5297
5 36 8992
5 37 401
5 38 16325
5 39 3990
5 40 4562
5 41 7264
5 42 21604
5 43 35135
5 44 1667
5 45 11169
5 46 11724
5 47 4467
5 48 3299
5 49 7155
5 50 3037
5 51 4742
5 52 4341
5 53 24574
5 54 8134
5 55 7017
5 56 13253
5 57 1070
5 58 8458
5 59 3162
5 60 1715
5 61 7128
5 62 1857
5 63 5537
5 64 1991
5 65 3785
5 66 2380
5 67 2967
5 68 3005
5 69 5751
5 70 3521
5 71 387
5 72 3653
5 73 3770
5 74 5618
5 75 7965
5 76 22343
6 0 1532
6 1 86
6 2 304
6 3 277
6 4 1000
6 5 1099
6 6 3909
6 7 322
6 8 177
6 9 1022
6 10 573
6 11 268
6 12 1411
6 13 644
6 14 425
6 15 1298
6 16 983
6 17 926
6 18 1117
6 19 130
6 20 619
6 21 436
6 22 864
6 23 280
6 24 670
6 25 2130
6 26 31
6 27 1213
6 28 499
6 29 958
6 30 707
6 31 237
6 32 3103
6 33 2040
6 34 144
6 35 898
6 36 654
6 37 119
6 38 2427
6 39 3906
6 40 320
6 41 2127
6 42 791
6 43 1098
6 44 697
6 45 1297
6 46 713
6 47 1071
6 48 613
6 49 8164
6 50 748
6 51 1416
6 52 2756
6 53 636
6 54 454
6 55 1082
6 56 925
6 57 146
6 58 1253
6 59 362
6 60 1683
6 61 2748
6 62 683
6 63 910
6 64 267
6 65 448
6 66 1897
6 67 8243
6 68 1074
6 69 2675
6 70 1914
6 71 137
6 72 1783
6 73 823
6 74 239
6 75 1633
6 76 1293
7 0 1742
7 1 14
7 2 373
7 3 248
7 4 355
7 5 1030
7 6 78
7 7 2373
7 8 153
7 9 427
7 10 536
7 11 246
7 12 1641
7 13 2255
7 14 730
7 15 995
7 16 437
7 17 2711
7 18 1103
7 19 118
7 20 465
7 21 186
7 22 1535
7 23 247
7 24 559
7 25 645
7 26 95
7 27 223
7 28 200
7 29 588
7 30 624
7 31 140
7 32 5607
7 33 3246
7 34 76
7 35 666
7 36 865
7 37 41
7 38 2643
7 39 994
7 40 479
7 41 2755
7 42 1366
7 43 4118
7 44 314
7 45 9085
7 46 943
7 47 863
7 48 498
7 49 2221
7 50 413
7 51 1062
7 52 1381
7 53 817
7 54 574
7 55 8913
7 56 1556
7 57 204
7 58 1326
7 59 446
7 60 425
7 61 1953
7 62 359
7 63 1160
7 64 325
7 65 398
7 66 729
7 67 954
7 68 693
7 69 1353
7 70 714
7 71 113
7 72 1470
7 73 1154
7 74 223
7 75 1735
7 76 1616
8 0 707
8 1 151
8 2 695
8 3 195
8 4 1091
8 5 1087
8 6 313
8 7 311
8 8 767
8 9 854
8 10 1863
8 11 819
8 12 1730
8 13 734
8 14 1024
8 15 289
8 16 125
8 17 551
8 18 1019
8 19 741
8 20 824
8 21 595
8 22 1561
8 23 2149
8 24 1272
8 25 1076
8 26 281
8 27 240
8 28 2574
8 29 511
8 30 1171
8 31 426
8 32 1644
8 33 1404
8 34 509
8 35 1333
8 36 1557
8 37 127
8 38 1613
8 39 1110
8 40 957
8 41 934
8 42 799
8 43 1320
8 44 254
8 45 888
8 46 917
8 47 1029
8 48 4024
8 49 1281
8 50 2089
8 51 1503
8 52 893
8 53 1033
8 54 1110
8 55 643
8 56 1205
8 57 580
8 58 1957
8 59 1146
8 60 661
8 61 1012
8 62 794
8 63 932
8 64 1187
8 65 1091
8 66 638
8 67 507
8 68 657
8 69 812
8 70 889
8 71 275
8 72 701
8 73 460
8 74 284
8 75 1282
8 76 1663
9 0 4935
9 1 310
9 2 874
9 3 1461
9 4 3239
9 5 3154
9 6 554
9 7 648
9 8 657
9 9 15725
9 10 1671
9 11 1092
9 12 3756
9 13 2145
9 14 1597
9 15 2137
9 16 1479
9 17 2190
9 18 6821
9 19 855
9 20 4038
9 21 877
9 22 3076
9 23 1095
9 24 1650
9 25 5806
9 26 400
9 27 1725
9 28 658
9 29 3410
9 30 5478
9 31 818
9 32 7203
9 33 4551
9 34 80
9 35 3815
9 36 3152
9 37 305
9 38 7340
9 39 5704
9 40 979
9 41 5167
9 42 2505
9 43 4729
9 44 2610
9 45 3158
9 46 1775
9 47 10950
9 48 2195
9 49 7810
9 50 2759
9 51 7666
9 52 12328
9 53 2492
9 54 1899
9 55 2411
9 56 4022
9 57 804
9 58 5365
9 59 1357
9 60 2707
9 61 12034
9 62 2422
9 63 3925
9 64 1635
9 65 1816
9 66 6007
9 67 4502
9 68 13530
9 69 5822
9 70 14479
9 71 663
9 72 3484
9 73 1865
9 74 693
9 75 7469
9 76 4620
10 0 2587
10 1 378
10 2 3005
10 3 755
10 4 4677
10 5 4315
10 6 441
10 7 646
10 8 1553
10 9 2315
10 10 29122
10 11 1452
10 12 9459
10 13 2124
10 14 4728
10 15 1281
10 16 683
10 17 1833
10 18 3807
10 19 980
10 20 2106
10 21 472
10 22 8956
10 23 3901
10 24 8448
10 25 2563
10 26 1832
10 27 642
10 28 1763
10 29 1265
10 30 4331
10 31 963
10 32 6924
10 33 5244
10 34 420
10 35 8785
10 36 11767
10 37 180
10 38 6434
10 39 3041
10 40 3115
10 41 3329
10 42 3251
10 43 6037
10 44 1178
10 45 3398
10 46 5486
10 47 3784
10 48 4951
10 49 3659
10 50 3608
10 51 4574
10 52 3111
10 53 5051
10 54 7006
10 55 2945
10 56 5421
10 57 1303
10 58 9026
10 59 5099
10 60 1128
10 61 4120
10 62 1397
10 63 3094
10 64 7570
10 65 9818
10 66 1685
10 67 1653
10 68 1998
10 69 3178
10 70 2769
10 71 343
10 72 2080
10 73 1553
10 74 1324
10 75 4169
10 76 7169
11 0 1097
11 1 500
11 2 363
11 3 829
11 4 1450
11 5 1245
11 6 399
11 7 270
11 8 899
11 9 1255
11 10 1478
11 11 4295
11 12 2517
11 13 697
11 14 996
11 15 946
11 16 535
11 17 850
11 18 1473
11 19 1924
11 20 2839
11 21 2160
11 22 1819
11 23 961
11 24 964
11 25 2853
11 26 589
11 27 506
11 28 1413
11 29 665
11 30 2529
11 31 1400
11 32 2827
11 33 1627
11 34 493
11 35 2315
11 36 1594
11 37 1079
11 38 1941
11 39 2958
11 40 584
11 41 1875
11 42 1181
11 43 2114
11 44 1479
11 45 1273
11 46 1061
11 47 2046
11 48 2998
11 49 2490
11 50 10528
11 51 4301
11 52 1836
11 53 1201
11 54 1055
11 55 1171
11 56 1746
11 57 1498
11 58 2087
11 59 911
11 60 1537
11 61 2162
11 62 6327
11 63 1306
11 64 976
11 65 1005
11 66 1571
11 67 1634
11 68 1106
11 69 1541
11 70 1778
11 71 585
11 72 1344
11 73 657
11 74 277
11 75 1984
11 76 2048
12 0 9041
12 1 401
12 2 3098
12 3 1090
12 4 6992
12 5 15038
12 6 1036
12 7 1556
12 8 1899
12 9 4119
12 10 10715
12 11 2333
12 12 78082
12 13 6618
12 14 8661
12 15 3432
12 16 1710
12 17 5585
12 18 11159
12 19 1461
12 20 3820
12 21 1493
12 22 25136
12 23 4129
12 24 8418
12 25 6075
12 26 1773
12 27 1742
12 28 2488
12 29 2099
12 30 10161
12 31 1415
12 32 17028
12 33 18472
12 34 479
12 35 16893
12 36 33627
12 37 770
12 38 24214
12 39 6080
12 40 4358
12 41 8407
12 42 14468
12 43 16373
12 44 2622
12 45 8932
12 46 8523
12 47 8703
12 48 5774
12 49 9665
12 50 5170
12 51 7597
12 52 7261
12 53 15011
12 54 10747
12 55 6716
12 56 26686
12 57 1719
12 58 51037
12 59 4005
12 60 3367
12 61 12165
12 62 2913
12 63 12360
12 64 4316
12 65 14315
12 66 4541
12 67 3820
12 68 6100
12 69 7868
12 70 6413
12 71 524
12 72 4663
12 73 3998
12 74 2973
12 75 14093
12 76 39850
13 0 7391
13 1 210
13 2 1036
13 3 443
13 4 1591
13 5 7490
13 6 357
13 7 2131
13 8 619
13 9 1603
13 10 2683
13 11 811
13 12 5966
13 13 33397
13 14 2235
13 15 2354
13 16 832
13 17 5963
13 18 4266
13 19 560
13 20 982
13 21 571
13 22 4741
13 23 1050
13 24 2356
13 25 2597
13 26 411
13 27 891
13 28 720
13 29 1751
13 30 2510
13 31 402
13 32 31362
13 33 21623
13 34 307
13 35 3092
13 36 3120
13 37 239
13 38 14238
13 39 2587
13 40 1779
13 41 6073
13 42 10188
13 43 33013
13 44 993
13 45 20942
13 46 3772
13 47 2677
13 48 1909
13 49 4952
13 50 1743
13 51 2684
13 52 3680
13 53 5856
13 54 2272
13 55 8907
13 56 7392
13 57 833
13 58 5155
13 59 1379
13 60 1524
13 61 7187
13 62 1176
13 63 4414
13 64 1031
13 65 1854
13 66 1885
13 67 2327
13 68 2249
13 69 4988
13 70 2115
13 71 249
13 72 4391
13 73 5528
13 74 1634
13 75 6473
13 76 10182
14 0 2899
14 1 163
14 2 5370
14 3 548
14 4 2267
14 5 7363
14 6 563
14 7 476
14 8 986
14 9 1268
14 10 3818
14 11 954
14 12 7198
14 13 2675
14 14 39855
14 15 1487
14 16 585
14 17 1913
14 18 2727
14 19 514
14 20 1399
14 21 682
14 22 15682
14 23 1402
14 24 10775
14 25 2314
14 26 580
14 27 531
14 28 1030
14 29 1130
14 30 2495
14 31 494
14 32 6611
14 33 6078
14 34 416
14 35 3342
14 36 6540
14 37 193
14 38 6114
14 39 2546
14 40 9533
14 41 2763
14 42 3783
14 43 7080
14 44 912
14 45 3795
14 46 19135
14 47 2019
14 48 2568
14 49 3258
14 50 2072
14 51 2423
14 52 2018
14 53 5943
14 54 14115
14 55 2445
14 56 4260
14 57 690
14 58 4657
14 59 3561
14 60 1128
14 61 3750
14 62 1231
14 63 2602
14 64 2335
14 65 3328
14 66 1623
14 67 1482
14 68 1104
14 69 2831
14 70 2193
14 71 283
14 72 2066
14 73 1469
14 74 3241
14 75 3503
14 76 7393
15 0 6473
15 1 190
15 2 660
15 3 608
15 4 1653
15 5 2481
15 6 1532
15 7 719
15 8 370
15 9 2389
15 10 947
15 11 788
15 12 3991
15 13 2328
15 14 1088
15 15 33699
15 16 1887
15 17 4866
15 18 2864
15 19 383
15 20 1329
15 21 494
15 22 2393
15 23 653
15 24 999
15 25 2686
15 26 171
15 27 1408
15 28 727
15 29 4099
15 30 2028
15 31 560
15 32 10747
15 33 4547
15 34 196
15 35 2292
15 36 1870
15 37 206
15 38 6909
15 39 5170
15 40 699
15 41 17527
15 42 2521
15 43 4569
15 44 975
15 45 4297
15 46 1946
15 47 3533
15 48 1212
15 49 16608
15 50 1475
15 51 2611
15 52 5149
15 53 1988
15 54 1320
15 55 4515
15 56 3667
15 57 559
15 58 2658
15 59 861
15 60 2128
15 61 10839
15 62 1051
15 63 2314
15 64 754
15 65 1158
15 66 2934
15 67 4437
15 68 2799
15 69 19006
15 70 3049
15 71 387
15 72 17602
15 73 3847
15 74 921
15 75 6502
15 76 3336
16 0 1548
16 1 217
16 2 457
16 3 1987
16 4 1146
16 5 1472
16 6 1791
16 7 300
16 8 285
16 9 2058
16 10 787
16 11 629
16 12 2113
16 13 780
16 14 1020
16 15 1651
16 16 3660
16 17 1099
16 18 1921
16 19 417
16 20 1995
16 21 709
16 22 1069
16 23 466
16 24 693
16 25 3895
16 26 270
16 27 843
16 28 746
16 29 1414
16 30 1204
16 31 618
16 32 3231
16 33 1729
16 34 213
16 35 1103
16 36 1075
16 37 185
16 38 3054
16 39 15783
16 40 454
16 41 2162
16 42 992
16 43 2040
16 44 1523
16 45 1605
16 46 950
16 47 1741
16 48 887
16 49 6078
16 50 1452
16 51 2389
16 52 3722
16 53 1187
16 54 707
16 55 1386
16 56 952
16 57 500
16 58 1701
16 59 605
16 60 7514
16 61 3297
16 62 1164
16 63 1339
16 64 530
16 65 779
16 66 3983
16 67 8345
16 68 1361
16 69 2559
16 70 3298
16 71 388
16 72 1359
16 73 1115
16 74 267
16 75 2322
16 76 1546
17 0 9051
17 1 263
17 2 1093
17 3 623
17 4 2056
17 5 4912
17 6 1138
17 7 2880
17 8 535
17 9 2366
17 10 1496
17 11 1057
17 12 5159
17 13 6340
17 14 2292
17 15 4571
17 16 1332
17 17 24694
17 18 4648
17 19 658
17 20 1674
17 21 667
17 22 3715
17 23 821
17 24 1680
17 25 3200
17 26 379
17 27 1290
17 28 842
17 29 2654
17 30 2669
17 31 615
17 32 34902
17 33 11778
17 34 285
17 35 3175
17 36 3214
17 37 344
17 38 11086
17 39 3886
17 40 1264
17 41 14597
17 42 4998
17 43 11618
17 44 1755
17 45 17404
17 46 3050
17 47 3652
17 48 1902
17 49 9688
17 50 2076
17 51 3011
17 52 4419
17 53 3975
17 54 1740
17 55 23594
17 56 6576
17 57 553
17 58 4190
17 59 1263
17 60 2009
17 61 10065
17 62 1596
17 63 3170
17 64 1166
17 65 1434
17 66 2936
17 67 2938
17 68 2220
17 69 7477
17 70 3360
17 71 190
17 72 8670
17 73 11304
17 74 1331
17 75 7170
17 76 6736
18 0 9683
18 1 369
18 2 1406
18 3 1182
18 4 4834
18 5 4683
18 6 1177
18 7 968
18 8 960
18 9 7447
18 10 3723
18 11 1784
18 12 11467
18 13 3928
18 14 2681
18 15 3754
18 16 1843
18 17 3573
18 18 32497
18 19 1119
18 20 3961
18 21 1193
18 22 6313
18 23 1579
18 24 2840
18 25 6087
18 26 332
18 27 1510
18 28 1733
18 29 4313
18 30 12610
18 31 1175
18 32 14477
18 33 10963
18 34 532
18 35 6844
18 36 6731
18 37 519
18 38 21992
18 39 5839
18 40 2015
18 41 8783
18 42 5057
18 43 8555
18 44 2321
18 45 6220
18 46 4023
18 47 13669
18 48 3305
18 49 8919
18 50 2992
18 51 7852
18 52 11204
18 53 4144
18 54 3652
18 55 5090
18 56 12607
18 57 1115
18 58 14762
18 59 1881
18 60 2711
18 61 17091
18 62 2962
18 63 18658
18 64 1955
18 65 3974
18 66 5041
18 67 3874
18 68 13757
18 69 7907
18 70 6879
18 71 455
18 72 4704
18 73 3312
18 74 1700
18 75 25011
18 76 10421
19 0 819
19 1 585
19 2 642
19 3 317
19 4 1297
19 5 875
19 6 269
19 7 238
19 8 821
19 9 908
19 10 1247
19 11 2372
19 12 1811
19 13 508
19 14 784
19 15 450
19 16 333
19 17 558
19 18 1154
19 19 4168
19 20 1266
19 21 444
19 22 855
19 23 681
19 24 824
19 25 1117
19 26 234
19 27 96
19 28 2672
19 29 361
19 30 1143
19 31 488
19 32 1566
19 33 1339
19 34 947
19 35 1437
19 36 1062
19 37 264
19 38 1714
19 39 1342
19 40 650
19 41 1017
19 42 570
19 43 1182
19 44 680
19 45 806
19 46 747
19 47 1491
19 48 3021
19 49 1102
19 50 6192
19 51 1542
19 52 1298
19 53 590
19 54 703
19 55 903
19 56 1068
19 57 1291
19 58 1724
19 59 663
19 60 898
19 61 1366
19 62 2120
19 63 770
19 64 907
19 65 1036
19 66 891
19 67 719
19 68 455
19 69 837
19 70 1096
19 71 150
19 72 586
19 73 481
19 74 175
19 75 738
19 76 1326
20 0 2922
20 1 336
20 2 943
20 3 1563
20 4 4321
20 5 2132
20 6 803
20 7 402
20 8 679
20 9 3984
20 10 1882
20 11 2062
20 12 4081
20 13 1567
20 14 1551
20 15 1293
20 16 1843
20 17 1380
20 18 4057
20 19 728
20 20 10326
20 21 1715
20 22 2796
20 23 1213
20 24 1470
20 25 9909
20 26 562
20 27 1192
20 28 1382
20 29 1431
20 30 4932
20 31 1569
20 32 4372
20 33 3430
20 34 270
20 35 3882
20 36 2600
20 37 299
20 38 4523
20 39 6040
20 40 1190
20 41 2923
20 42 2090
20 43 3733
20 44 4546
20 45 2448
20 46 1602
20 47 6239
20 48 2150
20 49 4765
20 50 3948
20 51 13436
20 52 5225
20 53 2283
20 54 1654
20 55 2081
20 56 2931
20 57 2479
20 58 4443
20 59 1260
20 60 2865
20 61 4765
20 62 5006
20 63 2152
20 64 1579
20 65 2188
20 66 3917
20 67 3327
20 68 3564
20 69 2710
20 70 8599
20 71 1008
20 72 2160
20 73 1167
20 74 574
20 75 3919
20 76 3082
21 0 617
21 1 273
21 2 323
21 3 914
21 4 1487
21 5 582
21 6 222
21 7 195
21 8 459
21 9 979
21 10 631
21 11 2036
21 12 1297
21 13 574
21 14 538
21 15 348
21 16 608
21 17 685
21 18 1026
21 19 402
21 20 2035
21 21 1735
21 22 1002
21 23 411
21 24 543
21 25 2373
21 26 313
21 27 533
21 28 594
21 29 648
21 30 1099
21 31 1215
21 32 2202
21 33 1177
21 34 245
21 35 1092
21 36 805
21 37 224
21 38 1586
21 39 2326
21 40 446
21 41 1199
21 42 746
21 43 1600
21 44 1034
21 45 855
21 46 842
21 47 1864
21 48 1512
21 49 2025
21 50 2388
21 51 2393
21 52 1421
21 53 768
21 54 708
21 55 857
21 56 1324
21 57 661
21 58 1197
21 59 375
21 60 1243
21 61 1250
21 62 5762
21 63 577
21 64 565
21 65 838
21 66 1104
21 67 1003
21 68 600
21 69 1478
21 70 1185
21 71 596
21 72 763
21 73 474
21 74 244
21 75 1412
21 76 1076
22 0 5749
22 1 476
22 2 4377
22 3 1081
22 4 5120
22 5 15143
22 6 920
22 7 1471
22 8 1276
22 9 2773
22 10 11773
22 11 1765
22 12 23480
22 13 5518
22 14 13356
22 15 2301
22 16 1539
22 17 3583
22 18 4614
22 19 1081
22 20 2766
22 21 1295
22 22 93319
22 23 2466
22 24 12451
22 25 3991
22 26 1010
22 27 987
22 28 2222
22 29 2228
22 30 5482
22 31 947
22 32 12542
22 33 11052
22 34 587
22 35 7056
22 36 22490
22 37 445
22 38 13666
22 39 3910
22 40 6757
22 41 5288
22 42 11275
22 43 13533
22 44 1892
22 45 6912
22 46 21533
22 47 4280
22 48 4426
22 49 6552
22 50 3585
22 51 5479
22 52 3885
22 53 19140
22 54 24795
22 55 5558
22 56 14021
22 57 1492
22 58 12861
22 59 5341
22 60 2485
22 61 7755
22 62 1986
22 63 7409
22 64 4531
22 65 7790
22 66 2312
22 67 2724
22 68 3074
22 69 5068
22 70 4312
22 71 438
22 72 4513
22 73 2753
22 74 5767
22 75 8343
22 76 23434
23 0 1710
23 1 392
23 2 1328
23 3 343
23 4 3109
23 5 2024
23 6 169
23 7 263
23 8 2587
23 9 1147
23 10 2691
23 11 997
23 12 4032
23 13 997
23 14 1922
23 15 727
23 16 684
23 17 1025
23 18 1794
23 19 875
23 20 1047
23 21 299
23 22 2776
23 23 4145
23 24 2403
23 25 1146
23 26 438
23 27 406
23 28 1697
23 29 775
23 30 1936
23 31 643
23 32 2856
23 33 2371
23 34 258
23 35 2479
23 36 3200
23 37 193
23 38 3207
23 39 1567
23 40 1401
23 41 1922
23 42 1556
23 43 2761
23 44 712
23 45 1729
23 46 2085
23 47 2107
23 48 5656
23 49 2320
23 50 1978
23 51 2605
23 52 1430
23 53 1585
23 54 2483
23 55 1299
23 56 2359
23 57 512
23 58 3637
23 59 3674
23 60 694
23 61 2622
23 62 1167
23 63 1185
23 64 2860
23 65 1889
23 66 994
23 67 944
23 68 1178
23 69 1269
23 70 1712
23 71 325
23 72 906
23 73 686
23 74 563
23 75 1922
23 76 2637
24 0 2895
24 1 371
24 2 5044
24 3 441
24 4 2996
24 5 5727
24 6 471
24 7 430
24 8 1183
24 9 2042
24 10 7915
24 11 1048
24 12 9030
24 13 2520
24 14 10458
24 15 1566
24 16 793
24 17 1925
24 18 3612
24 19 848
24 20 1312
24 21 650
24 22 12830
24 23 2762
24 24 16015
24 25 2480
24 26 953
24 27 605
24 28 1960
24 29 969
24 30 3259
24 31 572
24 32 6741
24 33 5192
24 34 177
24 35 5251
24 36 8135
24 37 433
24 38 6327
24 39 2574
24 40 5468
24 41 3005
24 42 3419
24 43 5739
24 44 993
24 45 3017
24 46 9913
24 47 2553
24 48 2783
24 49 3367
24 50 2582
24 51 2877
24 52 2957
24 53 5962
24 54 14951
24 55 2940
24 56 5541
24 57 1276
24 58 7985
24 59 6450
24 60 1347
24 61 4135
24 62 1634
24 63 3032
24 64 3931
24 65 4744
24 66 1602
24 67 1698
24 68 1973
24 69 2132
24 70 2184
24 71 291
24 72 1929
24 73 1647
24 74 1829
24 75 2983
24 76 6386
25 0 6051
25 1 449
25 2 1119
25 3 4429
25 4 5747
25 5 3414
25 6 1993
25 7 743
25 8 1280
25 9 7235
25 10 2298
25 11 2654
25 12 5468
25 13 2602
25 14 1758
25 15 3385
25 16 3764
25 17 3120
25 18 6500
25 19 1104
25 20 8243
25 21 3151
25 22 3458
25 23 1807
25 24 1878
25 25 61014
25 26 837
25 27 3767
25 28 1279
25 29 2953
25 30 5042
25 31 1283
25 32 9358
25 33 5369
25 34 458
25 35 4319
25 36 3123
25 37 551
25 38 8444
25 39 22367
25 40 1562
25 41 6590
25 42 2926
25 43 5787
25 44 11198
25 45 4024
25 46 2182
25 47 7619
25 48 3451
25 49 12364
25 50 4999
25 51 8651
25 52 12010
25 53 2721
25 54 2717
25 55 3420
25 56 4765
25 57 1887
25 58 6058
25 59 1689
25 60 9918
25 61 10140
25 62 4783
25 63 4179
25 64 1630
25 65 1817
25 66 19966
25 67 8402
25 68 4624
25 69 7203
25 70 15566
25 71 1488
25 72 4189
25 73 2517
25 74 903
25 75 7748
25 76 4343
26 0 448
26 1 164
26 2 301
26 3 181
26 4 1703
26 5 832
26 6 172
26 7 27
26 8 241
26 9 356
26 10 2309
26 11 275
26 12 1973
26 13 285
26 14 803
26 15 162
26 16 305
26 17 290
26 18 710
26 19 307
26 20 350
26 21 346
26 22 939
26 23 958
26 24 1041
26 25 614
26 26 0
26 27 214
26 28 460
26 29 244
26 30 994
26 31 88
26 32 1197
26 33 802
26 34 65
26 35 2662
26 36 1675
26 37 85
26 38 1079
26 39 626
26 40 344
26 41 645
26 42 776
26 43 800
26 44 287
26 45 742
26 46 767
26 47 806
26 48 1844
26 49 1189
26 50 634
26 51 878
26 52 874
26 53 543
26 54 969
26 55 469
26 56 689
26 57 409
26 58 2207
26 59 834
26 60 457
26 61 1037
26 62 505
26 63 557
26 64 587
26 65 985
26 66 632
26 67 501
26 68 216
26 69 607
26 70 490
26 71 18
26 72 418
26 73 160
26 74 152
26 75 913
26 76 1022
27 0 2048
27 1 116
27 2 325
27 3 767
27 4 766
27 5 948
27 6 679
27 7 305
27 8 216
27 9 1452
27 10 671
27 11 427
27 12 1367
27 13 673
27 14 801
27 15 1621
27 16 1099
27 17 1458
27 18 1841
27 19 275
27 20 992
27 21 310
27 22 1028
27 23 569
27 24 636
27 25 3644
27 26 100
27 27 5362
27 28 233
27 29 1511
27 30 964
27 31 175
27 32 2946
27 33 1796
27 34 35
27 35 1192
27 36 1208
27 37 133
27 38 2941
27 39 5313
27 40 334
27 41 2853
27 42 905
27 43 1802
27 44 759
27 45 1062
27 46 563
27 47 1895
27 48 571
27 49 7043
27 50 937
27 51 1971
27 52 5773
27 53 794
27 54 470
27 55 1110
27 56 1909
27 57 318
27 58 1388
27 59 506
27 60 1918
27 61 4465
27 62 1256
27 63 1399
27 64 387
27 65 556
27 66 4553
27 67 4601
27 68 1424
27 69 4588
27 70 3473
27 71 403
27 72 1828
27 73 1030
27 74 251
27 75 2354
27 76 1452
28 0 1241
28 1 120
28 2 610
28 3 426
28 4 2514
28 5 1484
28 6 245
28 7 223
28 8 1484
28 9 843
28 10 1921
28 11 1671
28 12 2484
28 13 903
28 14 946
28 15 654
28 16 367
28 17 927
28 18 1327
28 19 3467
28 20 1343
28 21 450
28 22 1908
28 23 1481
28 24 1280
28 25 1676
28 26 378
28 27 352
28 28 2246
28 29 571
28 30 1620
28 31 1279
28 32 2308
28 33 1636
28 34 1090
28 35 2444
28 36 1479
28 37 680
28 38 2241
28 39 1626
28 40 1064
28 41 1695
28 42 1046
28 43 2230
28 44 814
28 45 1183
28 46 1407
28 47 1896
28 48 4024
28 49 1987
28 50 6567
28 51 2857
28 52 1577
28 53 1199
28 54 1197
28 55 1208
28 56 2078
28 57 1122
28 58 2431
28 59 1583
28 60 1165
28 61 2312
28 62 1248
28 63 1028
28 64 981
28 65 1289
28 66 990
28 67 1149
28 68 1186
28 69 1916
28 70 1552
28 71 257
28 72 810
28 73 647
28 74 361
28 75 1721
28 76 1588
29 0 4758
29 1 155
29 2 517
29 3 720
29 4 2035
29 5 1791
29 6 927
29 7 343
29 8 390
29 9 2778
29 10 1013
29 11 868
29 12 2696
29 13 1562
29 14 1003
29 15 3225
29 16 1264
29 17 2253
29 18 3425
29 19 441
29 20 1535
29 21 388
29 22 1940
29 23 567
29 24 943
29 25 3948
29 26 78
29 27 1885
29 28 507
29 29 23517
29 30 2356
29 31 424
29 32 6735
29 33 3444
29 34 119
29 35 2197
29 36 1442
29 37 217
29 38 6179
29 39 4805
29 40 641
29 41 7470
29 42 1724
29 43 3945
29 44 957
29 45 3075
29 46 1323
29 47 2833
29 48 1051
29 49 15108
29 50 1407
29 51 3118
29 52 10702
29 53 1420
29 54 910
29 55 2965
29 56 3195
29 57 712
29 58 2882
29 59 703
29 60 1694
29 61 21315
29 62 1133
29 63 2556
29 64 541
29 65 1017
29 66 3439
29 67 3129
29 68 3776
29 69 16746
29 70 3294
29 71 260
29 72 3583
29 73 2799
29 74 416
29 75 6377
29 76 2816
30 0 4422
30 1 397
30 2 1494
30 3 832
30 4 8682
30 5 3877
30 6 501
30 7 767
30 8 620
30 9 6267
30 10 4229
30 11 1802
30 12 10300
30 13 1718
30 14 1837
30 15 1587
30 16 1153
30 17 2554
30 18 11517
30 19 1054
30 20 3427
30 21 848
30 22 4941
30 23 1765
30 24 3042
30 25 5851
30 26 819
30 27 1076
30 28 1027
30 29 2257
30 30 27278
30 31 776
30 32 7865
30 33 6676
30 34 467
30 35 11693
30 36 6172
30 37 630
30 38 9336
30 39 4117
30 40 1592
30 41 5112
30 42 3445
30 43 6307
30 44 1855
30 45 4186
30 46 3172
30 47 16068
30 48 3145
30 49 6134
30 50 2795
30 51 11242
30 52 6398
30 53 3627
30 54 2832
30 55 2993
30 56 7759
30 57 1500
30 58 17067
30 59 1832
30 60 2346
30 61 8413
30 62 2433
30 63 7254
30 64 2833
30 65 4727
30 66 3440
30 67 3591
30 68 6840
30 69 5105
30 70 6236
30 71 474
30 72 2882
30 73 1973
30 74 1086
30 75 8252
30 76 7651
31 0 855
31 1 495
31 2 304
31 3 665
31 4 822
31 5 732
31 6 202
31 7 235
31 8 419
31 9 872
31 10 986
31 11 2578
31 12 1267
31 13 473
31 14 624
31 15 444
31 16 596
31 17 628
31 18 779
31 19 362
31 20 1340
31 21 1873
31 22 850
31 23 733
31 24 760
31 25 2156
31 26 293
31 27 341
31 28 752
31 29 548
31 30 1086
31 31 1444
31 32 1635
31 33 1158
31 34 313
31 35 1092
31 36 819
31 37 413
31 38 1714
31 39 1491
31 40 491
31 41 1027
31 42 749
31 43 1254
31 44 881
31 45 699
31 46 597
31 47 1586
31 48 934
31 49 1835
31 50 3417
31 51 2036
31 52 1040
31 53 571
31 54 554
31 55 843
31 56 1044
31 57 869
31 58 1133
31 59 564
31 60 1067
31 61 1262
31 62 1983
31 63 894
31 64 384
31 65 894
31 66 766
31 67 1067
31 68 667
31 69 875
31 70 520
31 71 350
31 72 726
31 73 614
31 74 255
31 75 1153
31 76 1090
32 0 33929
32 1 676
32 2 2952
32 3 1710
32 4 6297
32 5 19217
32 6 2976
32 7 6334
32 8 1663
32 9 7128
32 10 5996
32 11 2707
32 12 15238
32 13 28114
32 14 6237
32 15 11194
32 16 2910
32 17 39136
32 18 13466
32 19 1648
32 20 4143
32 21 1991
32 22 12029
32 23 2816
32 24 6188
32 25 8142
32 26 852
32 27 2841
32 28 2421
32 29 5918
32 30 8796
32 31 1999
32 32 256794
32 33 55066
32 34 704
32 35 8561
32 36 9346
32 37 766
32 38 62435
32 39 10835
32 40 3702
32 41 32702
32 42 19036
32 43 42715
32 44 3286
32 45 51158
32 46 9221
32 47 9588
32 48 4584
32 49 21601
32 50 5891
32 51 8981
32 52 12062
32 53 12920
32 54 6434
32 55 31069
32 56 23763
32 57 1725
32 58 13581
32 59 3843
32 60 5692
32 61 28061
32 62 4191
32 63 13574
32 64 3920
32 65 5666
32 66 7206
32 67 8892
32 68 8229
32 69 19634
32 70 8605
32 71 839
32 72 19282
32 73 37383
32 74 3037
32 75 27389
32 76 22740
33 0 16427
33 1 436
33 2 2667
33 3 1415
33 4 4254
33 5 19005
33 6 1398
33 7 2490
33 8 946
33 9 4624
33 10 4538
33 11 2068
33 12 16026
33 13 31290
33 14 5486
33 15 4699
33 16 2228
33 17 10316
33 18 9582
33 19 1162
33 20 2858
33 21 1387
33 22 12069
33 23 2566
33 24 5559
33 25 6038
33 26 1133
33 27 1845
33 28 1396
33 29 3720
33 30 6951
33 31 1127
33 32 66333
33 33 107616
33 34 486
33 35 6511
33 36 9034
33 37 645
33 38 49808
33 39 6326
33 40 3826
33 41 15466
33 42 32524
33 43 58556
33 44 2270
33 45 22025
33 46 8563
33 47 7152
33 48 4139
33 49 11664
33 50 3873
33 51 6932
33 52 8087
33 53 14637
33 54 5738
33 55 13966
33 56 30627
33 57 1444
33 58 12261
33 59 3425
33 60 3211
33 61 16299
33 62 3059
33 63 11797
33 64 2941
33 65 4986
33 66 3868
33 67 5271
33 68 5556
33 69 10915
33 70 5157
33 71 568
33 72 8450
33 73 8935
33 74 3254
33 75 16538
33 76 26085
34 0 476
34 1 645
34 2 349
34 3 148
34 4 459
34 5 421
34 6 105
34 7 59
34 8 564
34 9 510
34 10 455
34 11 681
34 12 797
34 13 238
34 14 330
34 15 257
34 16 120
34 17 341
34 18 506
34 19 479
34 20 172
34 21 221
34 22 736
34 23 337
34 24 412
34 25 538
34 26 55
34 27 121
34 28 752
34 29 149
34 30 369
34 31 441
34 32 900
34 33 574
34 34 0
34 35 598
34 36 312
34 37 635
34 38 639
34 39 540
34 40 304
34 41 477
34 42 280
34 43 692
34 44 245
34 45 414
34 46 331
34 47 496
34 48 1124
34 49 478
34 50 2166
34 51 508
34 52 358
34 53 240
34 54 307
34 55 460
34 56 509
34 57 219
34 58 812
34 59 295
34 60 441
34 61 760
34 62 887
34 63 425
34 64 269
34 65 341
34 66 125
34 67 289
34 68 338
34 69 366
34 70 660
34 71 53
34 72 400
34 73 60
34 74 67
34 75 636
34 76 501
35 0 3853
35 1 557
35 2 2206
35 3 956
35 4 10887
35 5 5411
35 6 824
35 7 854
35 8 1751
35 9 4144
35 10 8194
35 11 2304
35 12 15106
35 13 3096
35 14 3374
35 15 2346
35 16 1112
35 17 3077
35 18 7114
35 19 1679
35 20 3940
35 21 1254
35 22 8712
35 23 3031
35 24 4950
35 25 5454
35 26 2312
35 27 1270
35 28 1680
35 29 1511
35 30 12733
35 31 802
35 32 9231
35 33 8442
35 34 784
35 35 32907
35 36 9015
35 37 692
35 38 10604
35 39 4982
35 40 2185
35 41 4610
35 42 4311
35 43 7828
35 44 1667
35 45 4581
35 46 4678
35 47 7210
35 48 5439
35 49 6404
35 50 4765
35 51 9244
35 52 4901
35 53 4342
35 54 4228
35 55 2987
35 56 8056
35 57 2226
35 58 30593
35 59 2881
35 60 2633
35 61 8376
35 62 3235
35 63 8246
35 64 6317
35 65 12005
35 66 2936
35 67 2999
35 68 4560
35 69 4626
35 70 4774
35 71 525
35 72 2307
35 73 2566
35 74 1491
35 75 6484
35 76 9747
36 0 3865
36 1 388
36 2 2466
36 3 569
36 4 4719
36 5 8117
36 6 673
36 7 987
36 8 1040
36 9 2970
36 10 12985
36 11 1791
36 12 29315
36 13 2570
36 14 6736
36 15 1972
36 16 1058
36 17 3044
36 18 5974
36 19 1082
36 20 2450
36 21 850
36 22 25128
36 23 3113
36 24 7730
36 25 3646
36 26 1420
36 27 849
36 28 2050
36 29 1379
36 30 5192
36 31 1049
36 32 9097
36 33 7480
36 34 751
36 35 11316
36 36 30959
36 37 375
36 38 12640
36 39 3811
36 40 4216
36 41 4667
36 42 5991
36 43 9211
36 44 1717
36 45 4451
36 46 9062
36 47 5045
36 48 4416
36 49 4657
36 50 3195
36 51 5838
36 52 3888
36 53 8916
36 54 8775
36 55 3879
36 56 10472
36 57 1367
36 58 22218
36 59 3676
36 60 1925
36 61 6092
36 62 1920
36 63 6135
36 64 6928
36 65 15512
36 66 2549
36 67 2437
36 68 3504
36 69 3796
36 70 3563
36 71 379
36 72 2257
36 73 2390
36 74 1684
36 75 6662
36 76 15326
37 0 278
37 1 695
37 2 213
37 3 201
37 4 618
37 5 382
37 6 27
37 7 91
37 8 177
37 9 416
37 10 277
37 11 1321
37 12 771
37 13 236
37 14 323
37 15 251
37 16 263
37 17 287
37 18 489
37 19 795
37 20 357
37 21 557
37 22 733
37 23 338
37 24 352
37 25 442
37 26 167
37 27 152
37 28 833
37 29 315
37 30 357
37 31 340
37 32 619
37 33 455
37 34 356
37 35 435
37 36 627
37 37 0
37 38 612
37 39 822
37 40 117
37 41 502
37 42 290
37 43 645
37 44 157
37 45 379
37 46 250
37 47 701
37 48 637
37 49 518
37 50 1713
37 51 760
37 52 448
37 53 314
37 54 328
37 55 360
37 56 518
37 57 324
37 58 746
37 59 317
37 60 396
37 61 482
37 62 1262
37 63 333
37 64 330
37 65 339
37 66 352
37 67 284
37 68 499
37 69 498
37 70 758
37 71 189
37 72 414
37 73 114
37 74 48
37 75 588
37 76 665
38 0 26112
38 1 574
38 2 3167
38 3 1777
38 4 7420
38 5 16245
38 6 2568
38 7 2896
38 8 1963
38 9 7004
38 10 6594
38 11 2801
38 12 21415
38 13 12948
38 14 6137
38 15 7291
38 16 2731
38 17 11201
38 18 22682
38 19 1594
38 20 4559
38 21 1623
38 22 13567
38 23 2356
38 24 5552
38 25 8638
38 26 1301
38 27 3571
38 28 2517
38 29 6423
38 30 10301
38 31 1464
38 32 59465
38 33 53489
38 34 510
38 35 9316
38 36 11168
38 37 703
38 38 228129
38 39 10099
38 40 3685
38 41 20932
38 42 17970
38 43 31500
38 44 3051
38 45 17555
38 46 7607
38 47 11241
38 48 5063
38 49 19365
38 50 6025
38 51 9686
38 52 11999
38 53 13587
38 54 7569
38 55 14138
38 56 44268
38 57 2001
38 58 17658
38 59 3476
38 60 4095
38 61 29059
38 62 4027
38 63 32706
38 64 4290
38 65 6918
38 66 6528
38 67 7183
38 68 9832
38 69 17015
38 70 7608
38 71 716
38 72 11921
38 73 14402
38 74 3190
38 75 47246
38 76 31115
39 0 6040
39 1 525
39 2 963
39 3 5782
39 4 4527
39 5 4173
39 6 3801
39 7 853
39 8 1271
39 9 5027
39 10 2694
39 11 2469
39 12 6097
39 13 2952
39 14 2262
39 15 4257
39 16 13358
39 17 3937
39 18 5464
39 19 1442
39 20 6127
39 21 2683
39 22 4080
39 23 1837
39 24 2403
39 25 24935
39 26 709
39 27 6200
39 28 1963
39 29 4270
39 30 5004
39 31 1754
39 32 10249
39 33 5957
39 34 480
39 35 5648
39 36 4008
39 37 611
39 38 9357
39 39 105628
39 40 1490
39 41 7692
39 42 3132
39 43 6057
39 44 6887
39 45 5095
39 46 2868
39 47 7636
39 48 3055
39 49 19437
39 50 4455
39 51 7272
39 52 11284
39 53 3560
39 54 2500
39 55 4519
39 56 5292
39 57 2323
39 58 5459
39 59 1816
39 60 24500
39 61 11314
39 62 4582
39 63 4141
39 64 1669
39 65 2561
39 66 20060
39 67 19819
39 68 5529
39 69 10155
39 70 12257
39 71 1972
39 72 4916
39 73 3362
39 74 893
39 75 7701
39 76 6230
40 0 1879
40 1 105
40 2 8344
40 3 271
40 4 1577
40 5 4002
40 6 302
40 7 458
40 8 796
40 9 799
40 10 3614
40 11 825
40 12 3941
40 13 1609
40 14 12313
40 15 982
40 16 632
40 17 1639
40 18 2096
40 19 712
40 20 874
40 21 500
40 22 5873
40 23 1392
40 24 7210
40 25 1294
40 26 506
40 27 575
40 28 982
40 29 675
40 30 1635
40 31 471
40 32 4369
40 33 3365
40 34 84
40 35 2347
40 36 3402
40 37 116
40 38 3854
40 39 1548
40 40 10632
40 41 2584
40 42 3013
40 43 4137
40 44 746
40 45 2228
40 46 7124
40 47 1374
40 48 1768
40 49 2410
40 50 1469
40 51 1936
40 52 1437
40 53 3827
40 54 4197
40 55 1975
40 56 3517
40 57 461
40 58 3663
40 59 3700
40 60 796
40 61 2306
40 62 762
40 63 1957
40 64 1404
40 65 2108
40 66 1234
40 67 1131
40 68 1190
40 69 1750
40 70 1462
40 71 162
40 72 1331
40 73 1012
40 74 1551
40 75 2566
40 76 4516
41 0 30757
41 1 399
41 2 1544
41 3 1416
41 4 3771
41 5 6765
41 6 2650
41 7 1834
41 8 1020
41 9 5125
41 10 3588
41 11 1794
41 12 8251
41 13 6833
41 14 2918
41 15 16683
41 16 2387
41 17 16364
41 18 6862
41 19 984
41 20 2886
41 21 1149
41 22 6407
41 23 1766
41 24 3187
41 25 6487
41 26 445
41 27 3602
41 28 1543
41 29 7656
41 30 5108
41 31 898
41 32 34383
41 33 14893
41 34 416
41 35 4418
41 36 4641
41 37 538
41 38 21508
41 39 8163
41 40 2579
41 41 114429
41 42 6277
41 43 13790
41 44 2314
41 45 14543
41 46 3891
41 47 6923
41 48 2694
41 49 24139
41 50 3560
41 51 5711
41 52 9931
41 53 5494
41 54 3498
41 55 11820
41 56 10471
41 57 1164
41 58 6753
41 59 2120
41 60 3923
41 61 33074
41 62 2935
41 63 7218
41 64 2017
41 65 3133
41 66 6783
41 67 7143
41 68 5188
41 69 34009
41 70 6665
41 71 683
41 72 35782
41 73 15074
41 74 1614
41 75 19442
41 76 8810
42 0 5740
42 1 255
42 2 1531
42 3 585
42 4 2839
42 5 24793
42 6 1065
42 7 1611
42 8 879
42 9 2612
42 10 3326
42 11 1063
42 12 13838
42 13 8070
42 14 3784
42 15 2777
42 16 976
42 17 4258
42 18 4635
42 19 805
42 20 1858
42 21 680
42 22 10777
42 23 1525
42 24 3439
42 25 3132
42 26 656
42 27 727
42 28 830
42 29 2068
42 30 4068
42 31 501
42 32 18995
42 33 31459
42 34 314
42 35 4526
42 36 7141
42 37 330
42 38 18221
42 39 3571
42 40 3568
42 41 6414
42 42 40051
42 43 32303
42 44 916
42 45 8510
42 46 7299
42 47 3805
42 48 2499
42 49 6209
42 50 2285
42 51 3406
42 52 4618
42 53 17525
42 54 4956
42 55 7456
42 56 14068
42 57 857
42 58 8922
42 59 2428
42 60 1263
42 61 7214
42 62 1686
42 63 6366
42 64 2179
42 65 3420
42 66 2244
42 67 2514
42 68 2217
42 69 5059
42 70 3155
42 71 321
42 72 3601
42 73 3095
42 74 3676
42 75 7438
42 76 22352
43 0 14808
43 1 279
43 2 2886
43 3 1435
43 4 4404
43 5 34208
43 6 1668
43 7 4006
43 8 1417
43 9 4076
43 10 5234
43 11 1924
43 12 17538
43 13 35449
43 14 7184
43 15 4304
43 16 1958
43 17 11333
43 18 7967
43 19 1373
43 20 3682
43 21 1153
43 22 13891
43 23 2331
43 24 5811
43 25 6120
43 26 725
43 27 1496
43 28 1932
43 29 3103
43 30 6373
43 31 1362
43 32 45833
43 33 59279
43 34 602
43 35 7128
43 36 9864
43 37 450
43 38 30724
43 39 6965
43 40 4317
43 41 13779
43 42 27089
43 43 152507
43 44 2232
43 45 26279
43 46 9267
43 47 6634
43 48 4283
43 49 11706
43 50 3962
43 51 6507
43 52 7446
43 53 17135
43 54 7314
43 55 16747
43 56 23876
43 57 1614
43 58 11143
43 59 3406
43 60 3437
43 61 13162
43 62 2893
43 63 9452
43 64 3075
43 65 5096
43 66 5067
43 67 4903
43 68 4467
43 69 9044
43 70 5506
43 71 795
43 72 7749
43 73 8655
43 74 5628
43 75 14758
43 76 23904
44 0 1878
44 1 224
44 2 547
44 3 2398
44 4 2186
44 5 1100
44 6 445
44 7 417
44 8 598
44 9 2855
44 10 1194
44 11 1028
44 12 1951
44 13 1050
44 14 865
44 15 1205
44 16 1465
44 17 1165
44 18 2122
44 19 764
44 20 4998
44 21 2381
44 22 1582
44 23 688
44 24 1003
44 25 9916
44 26 189
44 27 738
44 28 730
44 29 1188
44 30 2176
44 31 747
44 32 3238
44 33 2414
44 34 168
44 35 2383
44 36 1355
44 37 430
44 38 2888
44 39 5443
44 40 660
44 41 2401
44 42 1369
44 43 2366
44 44 4983
44 45 1526
44 46 891
44 47 2830
44 48 1462
44 49 4114
44 50 2599
44 51 3236
44 52 3467
44 53 1253
44 54 856
44 55 1364
44 56 1767
44 57 709
44 58 2678
44 59 716
44 60 3156
44 61 3377
44 62 3753
44 63 1527
44 64 862
44 65 1117
44 66 4031
44 67 2342
44 68 2394
44 69 2193
44 70 5874
44 71 1027
44 72 1554
44 73 844
44 74 350
44 75 2530
44 76 1737
45 0 11791
45 1 270
45 2 1275
45 3 1021
45 4 2895
45 5 10192
45 6 1372
45 7 6736
45 8 660
45 9 3179
45 10 3126
45 11 1253
45 12 9056
45 13 22760
45 14 2890
45 15 5391
45 16 1767
45 17 17869
45 18 6294
45 19 907
45 20 2160
45 21 860
45 22 7640
45 23 1500
45 24 3171
45 25 4387
45 26 716
45 27 1626
45 28 1332
45 29 2768
45 30 3645
45 31 889
45 32 49954
45 33 22609
45 34 457
45 35 4627
45 36 5349
45 37 244
45 38 19420
45 39 4756
45 40 2000
45 41 12215
45 42 9539
45 43 26811
45 44 1509
45 45 105812
45 46 4849
45 47 4788
45 48 2488
45 49 9770
45 50 2509
45 51 4149
45 52 5420
45 53 7874
45 54 3957
45 55 37098
45 56 9534
45 57 788
45 58 7229
45 59 2069
45 60 2727
45 61 10638
45 62 2105
45 63 6433
45 64 1821
45 65 3129
45 66 3314
45 67 3783
45 68 3529
45 69 8127
45 70 3771
45 71 429
45 72 7406
45 73 10492
45 74 1819
45 75 9692
45 76 11281
46 0 3744
46 1 366
46 2 3781
46 3 650
46 4 2927
46 5 13102
46 6 680
46 7 1116
46 8 1297
46 9 1904
46 10 5033
46 11 1137
46 12 10855
46 13 3320
46 14 16609
46 15 1522
46 16 877
46 17 2781
46 18 3897
46 19 688
46 20 1558
46 21 652
46 22 31080
46 23 1919
46 24 8342
46 25 2680
46 26 474
46 27 538
46 28 1186
46 29 1059
46 30 2902
46 31 583
46 32 9344
46 33 8291
46 34 436
46 35 3816
46 36 8399
46 37 273
46 38 8320
46 39 2866
46 40 4066
46 41 3986
46 42 6377
46 43 10352
46 44 1167
46 45 4584
46 46 41891
46 47 2854
46 48 2869
46 49 4497
46 50 2194
46 51 3147
46 52 3432
46 53 12465
46 54 17513
46 55 3816
46 56 6894
46 57 892
46 58 7454
46 59 3893
46 60 1586
46 61 4490
46 62 1523
46 63 4166
46 64 2398
46 65 4359
46 66 2099
46 67 2297
46 68 1895
46 69 3225
46 70 2561
46 71 353
46 72 2564
46 73 2231
46 74 6808
46 75 4330
46 76 11621
47 0 5735
47 1 482
47 2 1150
47 3 1397
47 4 7398
47 5 4252
47 6 1549
47 7 790
47 8 1188
47 9 11589
47 10 3600
47 11 2199
47 12 9790
47 13 2962
47 14 2756
47 15 2891
47 16 2155
47 17 3470
47 18 14921
47 19 1273
47 20 6136
47 21 1293
47 22 5245
47 23 1538
47 24 2464
47 25 8228
47 26 1288
47 27 1896
47 28 1650
47 29 3172
47 30 16798
47 31 1487
47 32 10242
47 33 7132
47 34 544
47 35 9164
47 36 4864
47 37 594
47 38 11278
47 39 7292
47 40 1868
47 41 7487
47 42 3478
47 43 6376
47 44 3884
47 45 4983
47 46 3574
47 47 42972
47 48 3960
47 49 9404
47 50 4026
47 51 17907
47 52 9968
47 53 3367
47 54 3514
47 55 4021
47 56 8840
47 57 2162
47 58 11807
47 59 1823
47 60 2878
47 61 13154
47 62 3568
47 63 6336
47 64 2333
47 65 3161
47 66 6536
47 67 4238
47 68 15178
47 69 7249
47 70 11130
47 71 785
47 72 4014
47 73 2537
47 74 877
47 75 11270
47 76 6212
48 0 2915
48 1 581
48 2 1721
48 3 782
48 4 7938
48 5 3376
48 6 429
48 7 636
48 8 4454
48 9 2116
48 10 5672
48 11 2307
48 12 5356
48 13 1770
48 14 2786
48 15 995
48 16 886
48 17 1832
48 18 2972
48 19 2586
48 20 2495
48 21 1053
48 22 4772
48 23 6475
48 24 3751
48 25 2995
48 26 2314
48 27 581
48 28 3125
48 29 1175
48 30 3658
48 31 1109
48 32 4537
48 33 3972
48 34 713
48 35 6499
48 36 3473
48 37 771
48 38 5430
48 39 3282
48 40 1335
48 41 3216
48 42 2529
48 43 3906
48 44 1220
48 45 2451
48 46 2291
48 47 3676
48 48 26345
48 49 3526
48 50 6564
48 51 6090
48 52 3547
48 53 2532
48 54 2948
48 55 2383
48 56 4065
48 57 2247
48 58 6717
48 59 3260
48 60 1439
48 61 3706
48 62 2758
48 63 2433
48 64 3372
48 65 3570
48 66 1929
48 67 1931
48 68 2248
48 69 2847
48 70 2535
48 71 355
48 72 1884
48 73 1238
48 74 679
48 75 3845
48 76 3873
49 0 15623
49 1 606
49 2 1928
49 3 2456
49 4 5593
49 5 7179
49 6 6949
49 7 2043
49 8 1344
49 9 7633
49 10 4194
49 11 2106
49 12 7959
49 13 5959
49 14 3835
49 15 17206
49 16 4586
49 17 9216
49 18 8965
49 19 1344
49 20 5304
49 21 1777
49 22 6314
49 23 2126
49 24 3550
49 25 12297
49 26 872
49 27 10021
49 28 2201
49 29 12331
49 30 6449
49 31 1812
49 32 21444
49 33 11231
49 34 527
49 35 5947
49 36 5307
49 37 706
49 38 18138
49 39 17330
49 40 2626
49 41 24003
49 42 6189
49 43 11474
49 44 3783
49 45 8921
49 46 4376
49 47 8978
49 48 3630
49 49 152466
49 50 4965
49 51 9305
49 52 21955
49 53 5363
49 54 4076
49 55 9718
49 56 9824
49 57 1926
49 58 8717
49 59 2671
49 60 7885
49 61 28018
49 62 3872
49 63 7064
49 64 2409
49 65 3824
49 66 12218
49 67 23235
49 68 7220
49 69 44305
49 70 12399
49 71 1222
49 72 16986
49 73 6779
49 74 1362
49 75 16472
49 76 8260
50 0 2964
50 1 941
50 2 1382
50 3 1315
50 4 6732
50 5 2893
50 6 856
50 7 685
50 8 2289
50 9 2393
50 10 3086
50 11 7794
50 12 4708
50 13 1766
50 14 1774
50 15 1339
50 16 1585
50 17 1665
50 18 3085
50 19 6478
50 20 4384
50 21 2383
50 22 4381
50 23 2936
50 24 3010
50 25 5178
50 26 1304
50 27 747
50 28 5251
50 29 1277
50 30 4277
50 31 3234
50 32 5439
50 33 3713
50 34 1163
50 35 5288
50 36 3923
50 37 989
50 38 5191
50 39 4936
50 40 1603
50 41 3078
50 42 2711
50 43 4280
50 44 2026
50 45 2818
50 46 2598
50 47 4055
50 48 5815
50 49 4649
50 50 24931
50 51 7491
50 52 4124
50 53 2671
50 54 2328
50 55 2357
50 56 3394
50 57 5346
50 58 5382
50 59 1991
50 60 2487
50 61 4172
50 62 5824
50 63 2486
50 64 2505
50 65 1760
50 66 2674
50 67 2796
50 68 2685
50 69 3628
50 70 3768
50 71 403
50 72 2092
50 73 1272
50 74 682
50 75 4289
50 76 3985
51 0 4681
51 1 764
51 2 1219
51 3 1546
51 4 13794
51 5 4092
51 6 927
51 7 803
51 8 1608
51 9 8681
51 10 3862
51 11 4219
51 12 8094
51 13 2804
51 14 2891
51 15 2697
51 16 2082
51 17 3117
51 18 8007
51 19 2391
51 20 14890
51 21 1778
51 22 5548
51 23 2742
51 24 3028
51 25 11126
51 26 1350
51 27 1674
51 28 2768
51 29 2875
51 30 11715
51 31 2373
51 32 8537
51 33 6757
51 34 721
51 35 8783
51 36 5512
51 37 749
51 38 9608
51 39 8790
51 40 1961
51 41 5350
51 42 4719
51 43 6950
51 44 4556
51 45 4355
51 46 3429
51 47 19614
51 48 6025
51 49 8536
51 50 7197
51 51 82034
51 52 8793
51 53 3668
51 54 2930
51 55 3917
51 56 6550
51 57 4658
51 58 10854
51 59 2402
51 60 3482
51 61 10598
51 62 8173
51 63 4965
51 64 3034
51 65 4067
51 66 4901
51 67 4300
51 68 7158
51 69 5911
51 70 11190
51 71 1105
51 72 3916
51 73 2536
51 74 1288
51 75 7537
51 76 5574
52 0 9111
52 1 431
52 2 1400
52 3 2013
52 4 4844
52 5 4119
52 6 2188
52 7 1044
52 8 1096
52 9 14706
52 10 2741
52 11 1462
52 12 7460
52 13 3666
52 14 1962
52 15 5792
52 16 3021
52 17 4508
52 18 9545
52 19 1359
52 20 5612
52 21 1264
52 22 4752
52 23 1551
52 24 2646
52 25 12768
52 26 607
52 27 4401
52 28 1619
52 29 8762
52 30 5778
52 31 1169
52 32 13045
52 33 8186
52 34 468
52 35 4924
52 36 3467
52 37 400
52 38 14039
52 39 12190
52 40 1341
52 41 12302
52 42 4079
52 43 7645
52 44 3338
52 45 5542
52 46 3516
52 47 10472
52 48 2792
52 49 20218
52 50 3846
52 51 8027
52 52 44870
52 53 3616
52 54 2888
52 55 5588
52 56 7215
52 57 1635
52 58 7231
52 59 1714
52 60 4803
52 61 27116
52 62 3671
52 63 5759
52 64 1708
52 65 2539
52 66 15137
52 67 8539
52 68 11734
52 69 16131
52 70 17349
52 71 785
52 72 5205
52 73 4240
52 74 897
52 75 15426
52 76 6528
53 0 5036
53 1 333
53 2 2260
53 3 366
53 4 3207
53 5 25327
53 6 830
53 7 1201
53 8 747
53 9 2193
53 10 4477
53 11 691
53 12 16738
53 13 5590
53 14 6206
53 15 2431
53 16 1039
53 17 3105
53 18 4919
53 19 846
53 20 1495
53 21 631
53 22 18144
53 23 1390
53 24 6227
53 25 2980
53 26 856
53 27 939
53 28 1266
53 29 1588
53 30 4272
53 31 817
53 32 13343
53 33 13382
53 34 334
53 35 5436
53 36 8616
53 37 321
53 38 12767
53 39 3356
53 40 3380
53 41 4732
53 42 17865
53 43 17847
53 44 1034
53 45 6744
53 46 12283
53 47 3235
53 48 2638
53 49 5020
53 50 2609
53 51 3093
53 52 3009
53 53 45131
53 54 7750
53 55 4314
53 56 13150
53 57 1137
53 58 9246
53 59 2970
53 60 1559
53 61 6496
53 62 1595
53 63 5629
53 64 2601
53 65 4196
53 66 2280
53 67 2762
53 68 2859
53 69 4198
53 70 2849
53 71 394
53 72 3706
53 73 3056
53 74 5610
53 75 7172
53 76 30743
54 0 3386
54 1 209
54 2 3102
54 3 680
54 4 3279
54 5 6704
54 6 602
54 7 868
54 8 1042
54 9 1729
54 10 7905
54 11 1105
54 12 11331
54 13 2757
54 14 13131
54 15 1398
54 16 799
54 17 2153
54 18 2624
54 19 845
54 20 1506
54 21 582
54 22 30908
54 23 1775
54 24 14899
54 25 2043
54 26 799
54 27 623
54 28 1400
54 29 905
54 30 2659
54 31 604
54 32 7358
54 33 6853
54 34 288
54 35 3903
54 36 10846
54 37 273
54 38 6869
54 39 2406
54 40 5176
54 41 3613
54 42 5072
54 43 6964
54 44 1130
54 45 3802
54 46 18587
54 47 2969
54 48 2806
54 49 3660
54 50 2093
54 51 3236
54 52 2547
54 53 6825
54 54 17312
54 55 2925
54 56 6215
54 57 976
54 58 5586
54 59 3272
54 60 1254
54 61 4344
54 62 1529
54 63 3872
54 64 2921
54 65 3584
54 66 1653
54 67 1548
54 68 2004
54 69 2834
54 70 2401
54 71 415
54 72 1676
54 73 1640
54 74 2907
54 75 4177
54 76 8200
55 0 8393
55 1 185
55 2 1545
55 3 738
55 4 2705
55 5 7496
55 6 1434
55 7 9609
55 8 723
55 9 2484
55 10 2521
55 11 1158
55 12 7159
55 13 10050
55 14 2627
55 15 4120
55 16 1388
55 17 19569
55 18 4598
55 19 773
55 20 2002
55 21 670
55 22 5012
55 23 1308
55 24 2217
55 25 3582
55 26 431
55 27 1463
55 28 1017
55 29 2250
55 30 2882
55 31 700
55 32 31400
55 33 12561
55 34 287
55 35 3471
55 36 4208
55 37 472
55 38 15174
55 39 4271
55 40 1971
55 41 11863
55 42 5354
55 43 14125
55 44 1388
55 45 33706
55 46 3381
55 47 3783
55 48 1909
55 49 9211
55 50 2229
55 51 3710
55 52 5041
55 53 5074
55 54 2902
55 55 95189
55 56 8460
55 57 678
55 58 5005
55 59 1669
55 60 2386
55 61 9941
55 62 1702
55 63 4080
55 64 1544
55 65 2549
55 66 2803
55 67 4107
55 68 3246
55 69 8920
55 70 3401
55 71 330
55 72 9040
55 73 6482
55 74 1576
55 75 7978
55 76 7309
56 0 10431
56 1 324
56 2 2383
56 3 1161
56 4 5225
56 5 12749
56 6 1188
56 7 1443
56 8 1259
56 9 4563
56 10 5712
56 11 1879
56 12 28570
56 13 9334
56 14 4630
56 15 3907
56 16 1964
56 17 6669
56 18 12529
56 19 853
56 20 3394
56 21 822
56 22 13155
56 23 2246
56 24 4514
56 25 5232
56 26 932
56 27 1239
56 28 1508
56 29 3555
56 30 7796
56 31 976
56 32 24717
56 33 33215
56 34 493
56 35 8756
56 36 11111
56 37 372
56 38 50674
56 39 4955
56 40 3200
56 41 11850
56 42 16936
56 43 20660
56 44 2031
56 45 11529
56 46 6818
56 47 7519
56 48 4546
56 49 10122
56 50 3599
56 51 7107
56 52 6166
56 53 13622
56 54 6779
56 55 9768
56 56 70916
56 57 1003
56 58 15647
56 59 2807
56 60 3084
56 61 13612
56 62 2531
56 63 18273
56 64 3323
56 65 6312
56 66 3677
56 67 4369
56 68 4789
56 69 8639
56 70 5117
56 71 503
56 72 6321
56 73 5406
56 74 3216
56 75 19967
56 76 34337
57 0 1059
57 1 213
57 2 508
57 3 370
57 4 2371
57 5 1067
57 6 458
57 7 256
57 8 599
57 9 1051
57 10 906
57 11 2680
57 12 1839
57 13 770
57 14 644
57 15 441
57 16 586
57 17 561
57 18 1606
57 19 843
57 20 2535
57 21 946
57 22 1649
57 23 769
57 24 1014
57 25 1663
57 26 172
57 27 337
57 28 1168
57 29 603
57 30 1978
57 31 658
57 32 2357
57 33 1547
57 34 472
57 35 1929
57 36 974
57 37 317
57 38 1988
57 39 1444
57 40 573
57 41 1339
57 42 637
57 43 1716
57 44 1598
57 45 915
57 46 1101
57 47 1710
57 48 2042
57 49 1587
57 50 5546
57 51 5311
57 52 1701
57 53 556
57 54 609
57 55 1092
57 56 1710
57 57 619
57 58 2405
57 59 564
57 60 1035
57 61 1672
57 62 3434
57 63 847
57 64 552
57 65 649
57 66 1094
57 67 1052
57 68 1035
57 69 1429
57 70 2510
57 71 291
57 72 939
57 73 581
57 74 259
57 75 1440
57 76 1482
58 0 7772
58 1 754
58 2 2632
58 3 1176
58 4 9626
58 5 7752
58 6 1044
58 7 1306
58 8 1679
58 9 4651
58 10 9172
58 11 2284
58 12 53354
58 13 4819
58 14 5901
58 15 3260
58 16 1638
58 17 4506
58 18 12337
58 19 1386
58 20 3709
58 21 1244
58 22 13606
58 23 3663
58 24 6091
58 25 5858
58 26 1672
58 27 1426
58 28 2009
58 29 2820
58 30 16212
58 31 1230
58 32 14723
58 33 12526
58 34 397
58 35 32164
58 36 20407
58 37 613
58 38 17618
58 39 6020
58 40 3364
58 41 6221
58 42 7841
58 43 11374
58 44 2741
58 45 7058
58 46 6741
58 47 10530
58 48 5590
58 49 8175
58 50 5300
58 51 9593
58 52 7594
58 53 8938
58 54 6242
58 55 4376
58 56 17888
58 57 2368
58 58 53677
58 59 2969
58 60 2686
58 61 11375
58 62 3427
58 63 10395
58 64 7989
58 65 17032
58 66 3813
58 67 4168
58 68 6277
58 69 6394
58 70 5079
58 71 797
58 72 4502
58 73 3153
58 74 2233
58 75 13447
58 76 17307
59 0 1699
59 1 290
59 2 2878
59 3 491
59 4 2189
59 5 2625
59 6 289
59 7 450
59 8 1132
59 9 982
59 10 4864
59 11 655
59 12 4509
59 13 1580
59 14 3389
59 15 818
59 16 546
59 17 1362
59 18 1748
59 19 722
59 20 541
59 21 662
59 22 5071
59 23 2462
59 24 6624
59 25 1793
59 26 959
59 27 386
59 28 843
59 29 727
59 30 1662
59 31 540
59 32 3830
59 33 2914
59 34 308
59 35 3167
59 36 3988
59 37 249
59 38 4470
59 39 1940
59 40 4011
59 41 1924
59 42 2261
59 43 3678
59 44 961
59 45 2222
59 46 3179
59 47 2050
59 48 3446
59 49 2681
59 50 2444
59 51 2907
59 52 1993
59 53 2538
59 54 3509
59 55 1670
59 56 2647
59 57 593
59 58 3500
59 59 8272
59 60 1088
59 61 2958
59 62 1011
59 63 1803
59 64 2457
59 65 2241
59 66 1009
59 67 1316
59 68 1488
59 69 1679
59 70 1321
59 71 60
59 72 1538
59 73 831
59 74 755
59 75 2306
59 76 3944
60 0 2560
60 1 345
60 2 809
60 3 8089
60 4 2433
60 5 1828
60 6 1592
60 7 514
60 8 456
60 9 2502
60 10 1282
60 11 2016
60 12 2860
60 13 1610
60 14 1411
60 15 1332
60 16 7769
60 17 1901
60 18 2867
60 19 778
60 20 2481
60 21 1353
60 22 2136
60 23 1023
60 24 1388
60 25 10549
60 26 269
60 27 1884
60 28 893
60 29 1977
60 30 2228
60 31 695
60 32 4787
60 33 3073
60 34 185
60 35 2949
60 36 1747
60 37 286
60 38 3920
60 39 24625
60 40 1138
60 41 4271
60 42 1472
60 43 3345
60 44 3268
60 45 2583
60 46 1419
60 47 3570
60 48 1843
60 49 8105
60 50 2683
60 51 3939
60 52 4288
60 53 1811
60 54 1374
60 55 1912
60 56 3022
60 57 998
60 58 2842
60 59 997
60 60 17064
60 61 5331
60 62 2012
60 63 2194
60 64 754
60 65 1074
60 66 4929
60 67 7735
60 68 1991
60 69 3617
60 70 4707
60 71 1519
60 72 1684
60 73 1520
60 74 441
60 75 3185
60 76 3006
61 0 28927
61 1 893
61 2 2206
61 3 2317
61 4 6127
61 5 8059
61 6 2923
61 7 2146
61 8 1241
61 9 10504
61 10 3730
61 11 2511
61 12 11776
61 13 6092
61 14 3769
61 15 9923
61 16 3157
61 17 9842
61 18 16817
61 19 1542
61 20 5347
61 21 1408
61 22 7393
61 23 2566
61 24 4118
61 25 9360
61 26 903
61 27 3653
61 28 1811
61 29 15829
61 30 9036
61 31 1395
61 32 28782
61 33 16460
61 34 576
61 35 7522
61 36 5963
61 37 577
61 38 28013
61 39 11545
61 40 2379
61 41 31712
61 42 7435
61 43 13632
61 44 3176
61 45 9993
61 46 4054
61 47 11278
61 48 3672
61 49 28211
61 50 4791
61 51 8491
61 52 24429
61 53 6894
61 54 3867
61 55 9411
61 56 13908
61 57 1618
61 58 11562
61 59 2939
61 60 5733
61 61 129128
61 62 3478
61 63 13789
61 64 2640
61 65 4587
61 66 9550
61 67 9220
61 68 10930
61 69 40955
61 70 13043
61 71 618
61 72 14627
61 73 8959
61 74 1481
61 75 40590
61 76 11819
62 0 1739
62 1 605
62 2 683
62 3 1180
62 4 3786
62 5 2085
62 6 723
62 7 530
62 8 659
62 9 1792
62 10 2065
62 11 6953
62 12 3835
62 13 1284
62 14 1315
62 15 1345
62 16 1362
62 17 1526
62 18 2331
62 19 1140
62 20 5265
62 21 3390
62 22 1903
62 23 1477
62 24 1685
62 25 4513
62 26 601
62 27 799
62 28 1344
62 29 970
62 30 2717
62 31 1826
62 32 3523
62 33 2757
62 34 839
62 35 3072
62 36 2110
62 37 595
62 38 3110
62 39 4533
62 40 1035
62 41 2321
62 42 1561
62 43 2776
62 44 2918
62 45 1431
62 46 1601
62 47 4136
62 48 2804
62 49 4020
62 50 7245
62 51 7312
62 52 3292
62 53 1507
62 54 1117
62 55 1099
62 56 2436
62 57 4509
62 58 4142
62 59 1034
62 60 2652
62 61 3539
62 62 12730
62 63 2089
62 64 1538
62 65 1806
62 66 2726
62 67 2089
62 68 1500
62 69 2377
62 70 4708
62 71 775
62 72 1610
62 73 995
62 74 400
62 75 2907
62 76 3135
63 0 7869
63 1 180
63 2 1378
63 3 794
63 4 3415
63 5 6405
63 6 876
63 7 820
63 8 748
63 9 3652
63 10 3215
63 11 1432
63 12 12456
63 13 4157
63 14 2525
63 15 2033
63 16 1462
63 17 4007
63 18 16751
63 19 869
63 20 2020
63 21 948
63 22 5831
63 23 1527
63 24 2353
63 25 3404
63 26 941
63 27 1443
63 28 1406
63 29 3275
63 30 6427
63 31 359
63 32 13112
63 33 12433
63 34 285
63 35 5462
63 36 5389
63 37 387
63 38 34341
63 39 3829
63 40 1517
63 41 7441
63 42 5866
63 43 9782
63 44 1625
63 45 5044
63 46 3571
63 47 7539
63 48 1871
63 49 6673
63 50 2155
63 51 5476
63 52 7084
63 53 5528
63 54 3594
63 55 3822
63 56 17727
63 57 1134
63 58 11402
63 59 1621
63 60 1909
63 61 12460
63 62 2351
63 63 34579
63 64 1726
63 65 4037
63 66 3416
63 67 3022
63 68 6109
63 69 7294
63 70 4494
63 71 389
63 72 4144
63 73 3530
63 74 887
63 75 23464
63 76 11937
64 0 1859
64 1 325
64 2 878
64 3 524
64 4 3017
64 5 2753
64 6 373
64 7 415
64 8 1062
64 9 885
64 10 9861
64 11 897
64 12 5063
64 13 1015
64 14 2607
64 15 626
64 16 626
64 17 1069
64 18 2478
64 19 729
64 20 1273
64 21 562
64 22 4486
64 23 2409
64 24 3691
64 25 1963
64 26 2378
64 27 343
64 28 1441
64 29 654
64 30 2852
64 31 515
64 32 3781
64 33 2660
64 34 178
64 35 6504
64 36 6301
64 37 110
64 38 4354
64 39 1520
64 40 1459
64 41 1879
64 42 1793
64 43 2770
64 44 426
64 45 1855
64 46 2560
64 47 2906
64 48 3497
64 49 2392
64 50 2436
64 51 2352
64 52 2104
64 53 2097
64 54 3242
64 55 1656
64 56 3640
64 57 648
64 58 6910
64 59 2403
64 60 943
64 61 2812
64 62 1303
64 63 2018
64 64 8576
64 65 9195
64 66 1108
64 67 1103
64 68 1211
64 69 2229
64 70 2664
64 71 239
64 72 1201
64 73 964
64 74 1131
64 75 2295
64 76 4117
65 0 2420
65 1 173
65 2 2192
65 3 498
65 4 4620
65 5 4690
65 6 413
65 7 548
65 8 1102
65 9 2318
65 10 8940
65 11 1354
65 12 13120
65 13 2283
65 14 2859
65 15 1215
65 16 760
65 17 1420
65 18 5001
65 19 1124
65 20 2214
65 21 585
65 22 7721
65 23 3152
65 24 3446
65 25 2408
65 26 2037
65 27 455
65 28 1406
65 29 1250
65 30 5396
65 31 642
65 32 6597
65 33 5060
65 34 516
65 35 11806
65 36 14794
65 37 288
65 38 6689
65 39 2882
65 40 1716
65 41 3028
65 42 3531
65 43 5069
65 44 987
65 45 3106
65 46 5057
65 47 3902
65 48 3773
65 49 3895
65 50 2892
65 51 3849
65 52 2861
65 53 5232
65 54 4140
65 55 2364
65 56 5987
65 57 1014
65 58 18364
65 59 2663
65 60 1136
65 61 4430
65 62 1227
65 63 4254
65 64 7606
65 65 12193
65 66 2070
65 67 1883
65 68 2043
65 69 3243
65 70 2847
65 71 138
65 72 1806
65 73 1096
65 74 817
65 75 3891
65 76 7477
66 0 4760
66 1 457
66 2 851
66 3 2116
66 4 3082
66 5 2763
66 6 1874
66 7 442
66 8 554
66 9 6467
66 10 1645
66 11 1849
66 12 4268
66 13 1765
66 14 1359
66 15 3520
66 16 4238
66 17 2413
66 18 4721
66 19 750
66 20 3815
66 21 1593
66 22 2685
66 23 1033
66 24 1474
66 25 15308
66 26 485
66 27 4581
66 28 827
66 29 4071
66 30 3921
66 31 1162
66 32 7471
66 33 4387
66 34 437
66 35 3673
66 36 1929
66 37 513
66 38 7301
66 39 20302
66 40 1203
66 41 6479
66 42 1995
66 43 4583
66 44 3804
66 45 3134
66 46 1826
66 47 6263
66 48 1948
66 49 12907
66 50 2602
66 51 5592
66 52 16237
66 53 2126
66 54 1793
66 55 2422
66 56 3672
66 57 1242
66 58 3825
66 59 1090
66 60 5075
66 61 8499
66 62 2880
66 63 3275
66 64 1116
66 65 1865
66 66 31460
66 67 7979
66 68 5215
66 69 7503
66 70 13957
66 71 608
66 72 4351
66 73 1909
66 74 547
66 75 6157
66 76 4076
67 0 4782
67 1 307
67 2 892
67 3 2281
67 4 2544
67 5 3014
67 6 14686
67 7 763
67 8 909
67 9 3430
67 10 2210
67 11 1267
67 12 4229
67 13 2489
67 14 1394
67 15 4132
67 16 8472
67 17 3091
67 18 4603
67 19 766
67 20 2990
67 21 1139
67 22 2837
67 23 963
67 24 2011
67 25 9667
67 26 482
67 27 3557
67 28 1166
67 29 2933
67 30 3052
67 31 999
67 32 9212
67 33 4715
67 34 328
67 35 2820
67 36 2602
67 37 492
67 38 6994
67 39 16726
67 40 1101
67 41 6847
67 42 2690
67 43 5464
67 44 2557
67 45 4028
67 46 2122
67 47 5245
67 48 2194
67 49 20815
67 50 2953
67 51 4889
67 52 8178
67 53 3137
67 54 1910
67 55 3948
67 56 3633
67 57 1364
67 58 4234
67 59 1298
67 60 7734
67 61 9069
67 62 2620
67 63 2649
67 64 1088
67 65 1501
67 66 8273
67 67 61446
67 68 3006
67 69 8211
67 70 6304
67 71 1007
67 72 5245
67 73 2796
67 74 891
67 75 5596
67 76 3697
68 0 5055
68 1 223
68 2 569
68 3 552
68 4 3226
68 5 2981
68 6 919
68 7 460
68 8 657
68 9 15616
68 10 1480
68 11 1190
68 12 5573
68 13 2477
68 14 1505
68 15 2621
68 16 1283
68 17 2523
68 18 13054
68 19 695
68 20 3371
68 21 676
68 22 3370
68 23 1212
68 24 1783
68 25 5470
68 26 572
68 27 1332
68 28 1162
68 29 3983
68 30 6327
68 31 722
68 32 8846
68 33 5564
68 34 250
68 35 3841
68 36 2232
68 37 395
68 38 9826
68 39 5142
68 40 1108
68 41 6125
68 42 2960
68 43 4304
68 44 2068
68 45 3913
68 46 2008
68 47 13853
68 48 2164
68 49 7226
68 50 2474
68 51 7029
68 52 13218
68 53 2701
68 54 1787
68 55 2560
68 56 4997
68 57 953
68 58 6065
68 59 883
68 60 2174
68 61 10306
68 62 2264
68 63 6904
68 64 1577
68 65 2504
68 66 3414
68 67 2852
68 68 29949
68 69 5754
68 70 7891
68 71 641
68 72 3468
68 73 2148
68 74 875
68 75 12963
68 76 5243
69 0 22004
69 1 430
69 2 1264
69 3 1622
69 4 3749
69 5 5098
69 6 2196
69 7 1690
69 8 985
69 9 6259
69 10 2980
69 11 1516
69 12 7143
69 13 4138
69 14 2668
69 15 20378
69 16 3248
69 17 9373
69 18 7271
69 19 1038
69 20 3931
69 21 1167
69 22 5293
69 23 1107
69 24 2471
69 25 6167
69 26 557
69 27 3615
69 28 1418
69 29 16423
69 30 4488
69 31 932
69 32 19171
69 33 10412
69 34 319
69 35 4258
69 36 4316
69 37 481
69 38 15832
69 39 8479
69 40 1849
69 41 35726
69 42 4730
69 43 10709
69 44 2724
69 45 7879
69 46 2867
69 47 6849
69 48 2527
69 49 39561
69 50 3271
69 51 6437
69 52 15833
69 53 4365
69 54 3138
69 55 7731
69 56 9196
69 57 1477
69 58 5484
69 59 1718
69 60 3808
69 61 37263
69 62 2474
69 63 6309
69 64 1896
69 65 2250
69 66 7179
69 67 8521
69 68 7265
69 69 64587
69 70 8260
69 71 598
69 72 19711
69 73 8049
69 74 1180
69 75 13745
69 76 6923
70 0 5251
70 1 668
70 2 1180
70 3 1930
70 4 5585
70 5 3529
70 6 1326
70 7 843
70 8 1024
70 9 16144
70 10 2555
70 11 2494
70 12 5511
70 13 2430
70 14 2379
70 15 3084
70 16 2832
70 17 3130
70 18 6946
70 19 1304
70 20 7351
70 21 1980
70 22 4170
70 23 1571
70 24 1648
70 25 20626
70 26 602
70 27 3417
70 28 939
70 29 3689
70 30 6894
70 31 1137
70 32 9209
70 33 5331
70 34 582
70 35 5461
70 36 3350
70 37 467
70 38 8637
70 39 13020
70 40 1767
70 41 7229
70 42 3493
70 43 5553
70 44 6203
70 45 3967
70 46 2120
70 47 13717
70 48 3013
70 49 10769
70 50 3463
70 51 11900
70 52 16277
70 53 3336
70 54 2165
70 55 3752
70 56 5564
70 57 2268
70 58 6659
70 59 1857
70 60 5162
70 61 12193
70 62 3711
70 63 4047
70 64 2492
70 65 2507
70 66 13891
70 67 6536
70 68 7806
70 69 7620
70 70 37725
70 71 978
70 72 3782
70 73 2644
70 74 741
70 75 7002
70 76 5140
71 0 340
71 1 40
71 2 146
71 3 778
71 4 604
71 5 328
71 6 81
71 7 141
71 8 94
71 9 312
71 10 476
71 11 741
71 12 852
71 13 373
71 14 144
71 15 249
71 16 276
71 17 357
71 18 567
71 19 160
71 20 458
71 21 690
71 22 437
71 23 157
71 24 170
71 25 2132
71 26 127
71 27 222
71 28 204
71 29 378
71 30 654
71 31 453
71 32 1287
71 33 640
71 34 22
71 35 612
71 36 326
71 37 133
71 38 854
71 39 1111
71 40 181
71 41 924
71 42 413
71 43 859
71 44 1054
71 45 589
71 46 280
71 47 936
71 48 533
71 49 1174
71 50 681
71 51 1126
71 52 694
71 53 325
71 54 98
71 55 589
71 56 716
71 57 350
71 58 478
71 59 238
71 60 1526
71 61 740
71 62 1307
71 63 507
71 64 244
71 65 348
71 66 559
71 67 643
71 68 625
71 69 522
71 70 833
71 71 0
71 72 500
71 73 170
71 74 80
71 75 606
71 76 735
72 0 11928
72 1 236
72 2 907
72 3 658
72 4 2173
72 5 4276
72 6 2150
72 7 1928
72 8 507
72 9 2548
72 10 1927
72 11 1181
72 12 4862
72 13 3513
72 14 1806
72 15 17449
72 16 1368
72 17 9342
72 18 4519
72 19 488
72 20 1932
72 21 750
72 22 3163
72 23 1450
72 24 2098
72 25 3523
72 26 261
72 27 1639
72 28 936
72 29 5006
72 30 2463
72 31 765
72 32 17696
72 33 8320
72 34 271
72 35 3582
72 36 3233
72 37 347
72 38 11741
72 39 5009
72 40 1424
72 41 47557
72 42 3408
72 43 7598
72 44 1563
72 45 7208
72 46 2646
72 47 4083
72 48 1723
72 49 15713
72 50 2397
72 51 3721
72 52 6378
72 53 2844
72 54 2346
72 55 7942
72 56 5944
72 57 864
72 58 4719
72 59 1507
72 60 2262
72 61 13743
72 62 1329
72 63 4472
72 64 1317
72 65 1662
72 66 3441
72 67 5713
72 68 3180
72 69 18715
72 70 4267
72 71 216
72 72 55328
72 73 6363
72 74 877
72 75 7375
72 76 5461
73 0 14475
73 1 164
73 2 761
73 3 578
73 4 1938
73 5 3557
73 6 958
73 7 979
73 8 469
73 9 2316
73 10 1680
73 11 639
73 12 3763
73 13 4323
73 14 1504
73 15 3697
73 16 1085
73 17 11581
73 18 4011
73 19 411
73 20 1427
73 21 544
73 22 2897
73 23 683
73 24 1779
73 25 2464
73 26 276
73 27 938
73 28 548
73 29 2656
73 30 2110
73 31 502
73 32 39127
73 33 10033
73 34 193
73 35 2327
73 36 2729
73 37 166
73 38 11716
73 39 3797
73 40 882
73 41 15465
73 42 3534
73 43 7525
73 44 617
73 45 8774
73 46 2108
73 47 3052
73 48 1354
73 49 7709
73 50 1567
73 51 2882
73 52 3691
73 53 2825
73 54 1883
73 55 8527
73 56 6093
73 57 385
73 58 3980
73 59 851
73 60 1401
73 61 9805
73 62 1165
73 63 3093
73 64 943
73 65 1684
73 66 2121
73 67 2814
73 68 2156
73 69 7230
73 70 2939
73 71 311
73 72 7363
73 73 22513
73 74 729
73 75 8911
73 76 6156
74 0 1588
74 1 144
74 2 710
74 3 158
74 4 922
74 5 9445
74 6 292
74 7 326
74 8 296
74 9 548
74 10 1613
74 11 371
74 12 4262
74 13 1459
74 14 3445
74 15 437
74 16 314
74 17 1044
74 18 1233
74 19 145
74 20 696
74 21 219
74 22 5470
74 23 774
74 24 1903
74 25 902
74 26 92
74 27 342
74 28 416
74 29 375
74 30 1273
74 31 321
74 32 3446
74 33 2812
74 34 141
74 35 1483
74 36 2370
74 37 136
74 38 3463
74 39 965
74 40 1627
74 41 1300
74 42 2728
74 43 5238
74 44 382
74 45 1917
74 46 5678
74 47 1117
74 48 832
74 49 1522
74 50 685
74 51 1216
74 52 1273
74 53 8191
74 54 2699
74 55 1442
74 56 3241
74 57 386
74 58 2709
74 59 1076
74 60 580
74 61 1877
74 62 566
74 63 1814
74 64 1049
74 65 1290
74 66 615
74 67 915
74 68 960
74 69 1564
74 70 847
74 71 74
74 72 907
74 73 920
74 74 2906
74 75 1773
74 76 5758
75 0 23006
75 1 515
75 2 1642
75 3 1769
75 4 4163
75 5 8939
75 6 1556
75 7 1511
75 8 1343
75 9 7694
75 10 4375
75 11 2060
75 12 12948
75 13 7141
75 14 3395
75 15 5471
75 16 1997
75 17 8667
75 18 27778
75 19 923
75 20 3677
75 21 1165
75 22 8011
75 23 2189
75 24 3659
75 25 6170
75 26 682
75 27 2930
75 28 1651
75 29 6356
75 30 8527
75 31 1342
75 32 26618
75 33 17784
75 34 431
75 35 8339
75 36 5408
75 37 490
75 38 50096
75 39 7125
75 40 1851
75 41 15439
75 42 8504
75 43 13178
75 44 2500
75 45 10798
75 46 4075
75 47 10780
75 48 3388
75 49 14013
75 50 3939
75 51 8315
75 52 12498
75 53 6426
75 54 3758
75 55 7300
75 56 18175
75 57 1789
75 58 13090
75 59 2365
75 60 3126
75 61 35871
75 62 3303
75 63 26180
75 64 2815
75 65 4752
75 66 6099
75 67 6350
75 68 11850
75 69 14340
75 70 8106
75 71 790
75 72 7831
75 73 7085
75 74 1934
75 75 61907
75 76 12323
76 0 8791
76 1 578
76 2 2851
76 3 957
76 4 5222
76 5 22509
76 6 1104
76 7 1562
76 8 1356
76 9 4022
76 10 7246
76 11 1847
76 12 42401
76 13 8773
76 14 7416
76 15 3112
76 16 1081
76 17 5731
76 18 10890
76 19 1534
76 20 4044
76 21 1213
76 22 20628
76 23 2828
76 24 8102
76 25 4441
76 26 1375
76 27 1447
76 28 1948
76 29 2568
76 30 7438
76 31 891
76 32 22017
76 33 24262
76 34 474
76 35 8322
76 36 13710
76 37 728
76 38 29925
76 39 4807
76 40 4912
76 41 9380
76 42 26586
76 43 23725
76 44 1547
76 45 10235
76 46 12590
76 47 8362
76 48 3646
76 49 8437
76 50 3914
76 51 7697
76 52 5902
76 53 30882
76 54 9468
76 55 7527
76 56 34737
76 57 1429
76 58 18004
76 59 3323
76 60 2813
76 61 12462
76 62 3095
76 63 10999
76 64 3121
76 65 6834
76 66 4089
76 67 4123
76 68 4998
76 69 7435
76 70 5281
76 71 581
76 72 4930
76 73 4293
76 74 5137
76 75 12908
76 76 126477
#Chi tiet cac cum
4.716859642636942
7
9 38.31818853670694 15.301633745895868 0.0
78 38.87738473997936 17.248789346928493 0.0
98 39.60725705403008 17.289831522736325 0.0
179 36.07224066308432 21.63648950852451 0.0
189 34.11480573665037 23.017344152398177 0.0
208 32.63144059347497 17.676439289988974 0.0
339 35.595099708809 20.301095554497266 0.0
0.0
1
143 97.33133315837244 98.91093668301671 0.0
5.485541313520996
3
34 7.485166833806101 96.40700694619554 0.0
126 8.231828641982016 87.92221004562955 0.0
158 8.30978358868843 88.51036449613106 0.0
2.5437632773435825
2
168 96.57812185876693 36.10820280754207 0.0
330 95.88982536905552 31.06745143627826 0.0
5.019317340606038
5
58 58.62050417300225 67.3146411471203 0.0
165 60.239338698539946 69.79691447125958 0.0
242 58.030255391065594 63.78303911891305 0.0
320 58.388403120020726 61.31126619530411 0.0
365 57.848982452175456 63.014736174605176 0.0
4.6197927721782595
8
20 5.352871528917048 49.283430187662965 0.0
173 2.9468686427954007 50.889904348669454 0.0
248 4.6151283195030315 45.283394308515646 0.0
263 0.052187180925603704 47.44100824529852 0.0
271 0.15135226642644017 48.10638840614894 0.0
329 4.1192176209443305 47.680822430273814 0.0
348 3.031919321391605 42.827492977878094 0.0
379 4.22623043665042 48.06506309736079 0.0
1.490747793044569
2
61 73.90267328885881 2.0966906984089273 0.0
215 76.76852517050132 1.2743714645617565 0.0
2.382859441202394
2
219 0.3607277244821758 1.0304809910451027 0.0
389 1.323621597382091 5.697911960608696 0.0
2.3868320440005815
2
96 53.394871656028826 98.94192516038441 0.0
385 58.07379870577606 97.99561100101899 0.0
4.255565549470942
4
239 59.083584667662265 36.607013522018974 0.0
327 63.84277132446844 40.24232959832382 0.0
336 63.71502652925009 36.481162572285264 0.0
371 58.12656538124167 34.32224828971922 0.0
4.237329778655973
5
21 30.33219332709457 80.7928766612443 0.0
68 34.47448563969769 81.0444161927779 0.0
245 31.589266376946693 78.06879230631083 0.0
286 31.4069174874592 73.76735669779731 0.0
331 32.82062723983148 73.91808199022074 0.0
5.500400186121542
3
17 80.55861480191369 72.06963558373421 0.0
103 85.99628210589536 70.82498099754591 0.0
304 90.0243122262988 76.19622755754664 0.0
5.591550744009407
9
48 24.908031916776284 55.79155422697946 0.0
93 28.96482952069813 54.44221740610807 0.0
162 32.663041121753466 56.531379443119924 0.0
174 27.809808340205905 53.99583668686044 0.0
183 27.34895075818063 57.85763945326327 0.0
214 26.66846158626521 59.01923292337513 0.0
257 28.616157744040052 51.875530130474175 0.0
262 32.619211352410765 59.12801283475095 0.0
382 22.659988116965256 54.77712272686288 0.0
4.803739416367976
5
55 10.43976443702254 21.633411878659338 0.0
201 7.559168155526683 24.242136114423147 0.0
268 9.156349438358125 26.11168561129662 0.0
354 12.825934288616116 28.56366656793666 0.0
373 10.877395396436448 22.248022505517607 0.0
3.720594751682887
5
65 1.1398235998986155 73.82097905298637 0.0
199 4.183982728312954 75.297288061954 0.0
226 3.388456807597434 75.86822651210413 0.0
234 5.207790106204911 76.34888023250906 0.0
392 8.129134813743741 75.45665954333498 0.0
3.8879201577785225
4
4 47.41888236510221 3.860718519221434 0.0
26 48.56258868665325 4.090415139100748 0.0
84 44.972641354126424 7.452083058549694 0.0
288 49.83549335581153 3.311617872033092 0.0
3.276332677805428
3
170 91.90027938319598 13.864608582912654 0.0
178 93.2180288119031 10.802640511186462 0.0
295 89.47510906134382 16.159976177503843 0.0
5.059601624143251
6
37 24.37408754418297 3.3482380908713454 0.0
47 19.58146188465619 1.1763683078696818 0.0
56 20.437141403794538 9.351120430121732 0.0
57 25.144332117681223 7.570722605303753 0.0
266 18.001575716871177 4.894904197545071 0.0
287 19.667650385215932 0.061914741329500256 0.0
5.549339618389813
6
15 44.05489147963774 40.409821081993606 0.0
128 40.907185243513226 38.45473480168968 0.0
140 47.63540089003248 42.18241161658095 0.0
290 47.35482467964413 34.356798515212915 0.0
358 48.86359997170633 42.213237301705 0.0
363 43.26987195139744 39.565503102658454 0.0
1.4847309995464173
2
86 75.31003039447972 86.23034187983731 0.0
277 74.49635325123018 89.08614895851221 0.0
4.411815204760665
4
6 74.2072817684031 52.870395860814895 0.0
180 75.02482528081252 45.66828166710054 0.0
347 77.6926024398415 50.45715657575277 0.0
364 73.65958827534779 51.31788758512332 0.0
3.1629092390010243
2
137 95.92805594022195 57.00550844238506 0.0
387 92.95455037157889 62.58889845651453 0.0
4.800511817413197
8
28 12.512845794251815 66.00107198262296 0.0
39 16.358366529551787 68.30153019081237 0.0
190 13.30906073588472 65.08207283278334 0.0
224 16.47946455349269 63.40071334828957 0.0
232 19.793915494829697 66.27907163905546 0.0
326 16.354867902013797 64.66105723781348 0.0
328 15.028335985307042 60.10591874298857 0.0
410 12.375066966771499 65.36866243809439 0.0
5.327792396848123
3
176 45.65515425514896 92.44486528281477 0.0
213 39.43377317662456 91.87238922582205 0.0
260 46.5879541267175 85.26534995673903 0.0
5.706951654911858
5
59 19.465425263928882 75.74807268983739 0.0
87 18.065008862104996 76.60616531802364 0.0
276 12.086306615045 81.10801527024677 0.0
297 16.27441131284104 83.47043268795356 0.0
318 22.417019237390512 82.51432288538099 0.0
3.2395559849903437
7
31 83.89548160211268 33.32421810966201 0.0
131 81.79611292025756 30.29847804635053 0.0
147 80.78988351108468 33.21279435020613 0.0
186 80.06400528298579 34.48665577091344 0.0
253 82.63381816522983 35.82365663945542 0.0
264 79.16759692321916 34.74747950945618 0.0
299 82.66403054648659 32.819105574965675 0.0
0.0
1
381 46.658907614982404 76.23495735613766 0.0
1.4492894226484798
2
118 70.23213742895226 16.389247252494727 0.0
313 71.58599328335892 13.826273657645995 0.0
5.057190766034032
3
11 68.0273244083914 99.65856309628575 0.0
64 67.18790111022413 91.19286494370397 0.0
233 72.86933519878413 93.49019485009723 0.0
3.272866403009221
3
127 54.60898355817917 16.69390155787152 0.0
207 55.64818945991627 16.67059106179854 0.0
282 53.53285509655457 21.324967911014912 0.0
6.394331807302286
5
169 45.0281583338759 50.59542463248831 0.0
206 52.033980089055156 51.193477117217896 0.0
235 55.04471551175438 52.36822076006685 0.0
384 53.364960328136775 55.135494154883595 0.0
411 51.021306272119155 49.94697056974572 0.0
3.0038758155141343
2
134 99.35392539696102 76.09601718780053 0.0
269 93.67995052133287 74.12140614486997 0.0
6.755629780854501
15
18 21.311121968629404 11.65160377147764 0.0
100 26.482564009681454 20.010013056008216 0.0
112 17.346804202621726 14.794560923151083 0.0
123 22.0058456843885 22.11278488460288 0.0
130 24.688093057003844 18.76083767714028 0.0
136 16.13384751336788 17.633919532955485 0.0
204 23.791513634333672 18.364020601627395 0.0
218 20.382750177656824 22.7055298532597 0.0
252 20.69006502441473 23.055206874958916 0.0
258 24.611705254844935 22.13296428361915 0.0
278 21.39084848169708 19.006253274628758 0.0
308 20.6704213039488 12.73666638069699 0.0
335 20.44152950591968 17.952659552831772 0.0
352 19.75349357392447 20.819550287447992 0.0
374 20.798031294851228 14.368518331198324 0.0
6.466517364349337
10
2 16.471702172849838 29.52278570903575 0.0
29 15.459532163043638 33.97467094741129 0.0
33 19.315431180704394 25.951061348395015 0.0
45 16.560162914832315 34.32360045054806 0.0
74 16.38232578182282 35.951950970361736 0.0
105 20.11246704303284 35.46954510210667 0.0
163 22.57985963885914 27.61861282687026 0.0
343 19.431653657261062 32.119693573451976 0.0
367 13.028049453333486 30.389143601547477 0.0
378 14.700034345320223 29.630492938496836 0.0
0.0
1
7 83.86299415430005 99.25234471588395 0.0
4.556403016809968
6
92 44.801890249482206 66.30039822457542 0.0
144 45.82010304730655 63.22281821375151 0.0
202 48.69648106852041 64.80031177102724 0.0
217 41.008142466053286 62.53465640020772 0.0
274 43.67704155347364 58.708529604747156 0.0
324 45.357837866121976 58.176743131025184 0.0
4.794146367697737
6
99 26.92146824994026 69.70426131890147 0.0
109 27.15165803638981 64.76115620151064 0.0
175 30.42563349981479 65.25466459582285 0.0
195 25.314743165750738 63.04981250230191 0.0
247 22.941429963023264 64.11854305456787 0.0
407 32.08720430221928 63.81339149681596 0.0
0.0
1
120 93.04446081997811 86.98796684590027 0.0
5.692159745925651
12
0 29.584861778834753 31.695841569271412 0.0
35 32.62782200100043 36.14509939688204 0.0
75 28.277209414806862 30.362649891289333 0.0
101 28.397506814892733 34.524724589536696 0.0
124 29.505358979059395 32.79169956665073 0.0
138 25.28900307081928 28.667969908177756 0.0
156 27.97332836475859 29.901240806130428 0.0
250 27.378272562750222 30.340877848015538 0.0
302 30.691684657416875 31.4712807637267 0.0
315 32.142237333087046 32.22243662338482 0.0
346 31.415863998576242 35.54131420476891 0.0
366 33.11098384643029 33.53066880213033 0.0
5.166640313092989
9
90 88.82391941557849 25.731383929549033 0.0
119 87.90654574911386 21.08634797406632 0.0
154 91.07022019768299 21.112594727500944 0.0
187 87.65633324253781 23.82719262015803 0.0
228 81.98812485718598 19.74631645276269 0.0
267 83.7296608257021 26.129650962769663 0.0
306 84.45943749421907 20.513617372449243 0.0
372 84.70078299068034 22.07443831501487 0.0
409 84.8626953008114 23.496711826968816 0.0
4.911551536149518
4
104 0.22570711815951283 81.5158049169092 0.0
272 2.211411823272636 90.0104328264054 0.0
280 3.050294015835326 82.77713515236661 0.0
334 0.660480584873113 86.2782571621237 0.0
6.306389353650551
9
53 41.93730603556085 10.12451748621249 0.0
66 40.703832844973704 9.418903201435525 0.0
212 37.92115093442941 12.934112803275102 0.0
238 42.49930065205784 9.368618661353 0.0
240 33.84904401619755 5.249513753070071 0.0
281 38.3821845975437 11.10929490726979 0.0
321 38.058112336140034 8.967418902411927 0.0
353 36.048000918495134 6.8301948133739945 0.0
360 38.51719192092749 9.967866308337022 0.0
4.984082287662653
6
12 11.10650924140734 42.80124112068671 0.0
69 14.920198373143123 39.225965669580475 0.0
115 7.68625204349425 43.635778754080164 0.0
227 12.75251248819357 38.55792463047983 0.0
361 11.636951917870338 40.228295100945466 0.0
380 14.917298764216426 44.305995146192814 0.0
7.1921271745189
12
36 4.233116369751747 31.859394985163846 0.0
76 0.41983770951021815 33.99472776345808 0.0
121 4.316682861916229 33.258945652630615 0.0
146 0.8406244429819156 27.583034660172697 0.0
152 4.20259968995734 34.15181226003241 0.0
153 10.044848189094694 33.90188834312566 0.0
192 6.556162103779991 34.91889326467963 0.0
256 6.841367372498577 32.9808243251089 0.0
289 6.216082383301686 29.978732685963067 0.0
356 9.985351198805745 35.11397753409005 0.0
362 8.783496299107757 32.223920709827446 0.0
412 9.967515569877197 30.736525082253095 0.0
5.1561074526884525
3
285 89.55324700176904 45.74858211973709 0.0
300 83.9520868722196 41.49594622458938 0.0
322 81.96680880701581 41.91689695434584 0.0
6.352673189640863
9
3 9.125092131644456 18.916951520076285 0.0
14 1.7238699914318685 13.218201354826629 0.0
54 12.579571770236003 12.929970201991747 0.0
113 5.162762386619252 13.570330424008224 0.0
132 8.747507502838861 13.219158835545718 0.0
142 5.213959158440068 12.736697091869258 0.0
149 9.474701873202998 13.471183669913609 0.0
155 12.726758057043236 15.312219950233349 0.0
370 7.611622339497043 11.658287700366929 0.0
4.326445933836415
6
79 5.277967975432441 63.834304308789996 0.0
83 8.662905868633917 66.17584605375113 0.0
164 3.7714487173829707 67.81127305933582 0.0
261 1.3816599597537618 69.11680033810315 0.0
390 5.861926835338419 68.43297362222062 0.0
398 6.218156776184776 67.07519668369413 0.0
5.844178673287842
6
211 63.54672992421036 47.224444888247135 0.0
220 55.19832350886739 45.557213886865036 0.0
231 57.66118742599643 47.636916183424724 0.0
270 54.89230193940173 43.07614689816703 0.0
310 57.278233643629704 45.30432186545257 0.0
396 59.20864911529954 44.17230226284275 0.0
5.552576548220764
5
43 56.111464760369856 80.4201677487885 0.0
102 54.44939532942838 86.80885366087165 0.0
116 61.71680029102653 84.45341532942835 0.0
167 54.8499324920741 84.97780754316064 0.0
405 53.82111617197545 88.26545446963047 0.0
4.537432917653719
12
49 58.72809713174799 4.465835993663269 0.0
67 59.24832106181366 10.559242448976454 0.0
73 63.766069446105746 4.414001963980461 0.0
139 63.59300020367097 6.143027313673153 0.0
236 56.694940891457776 7.214836649322644 0.0
303 64.84049151104742 5.6324491828188155 0.0
312 64.50194871556143 9.38570223649949 0.0
332 62.69101312719499 10.754318570690298 0.0
350 59.159991729081156 2.617410256274039 0.0
386 61.4265138962103 2.165666967462922 0.0
391 58.52610379493119 10.002900156823138 0.0
400 58.739763820556874 6.832749830106595 0.0
6.90012509270636
6
151 80.01968480210091 80.59851469697185 0.0
188 75.28743648034241 75.96121519555584 0.0
197 78.83797281294662 81.11630680848889 0.0
284 71.53067847894529 79.57014556348098 0.0
368 82.58289828028802 81.62434596204749 0.0
404 82.32436096719526 78.16540485549159 0.0
6.428115823017098
7
135 65.09555384298531 59.56368416446832 0.0
145 67.10522345222047 52.00504507779633 0.0
209 67.35913634559904 54.91224959185442 0.0
229 65.43236702915965 56.8230497666483 0.0
241 64.77414746140516 59.86096420876888 0.0
283 67.10258741977725 56.34618589884047 0.0
401 67.16041818954187 49.15481154550664 0.0
6.226054023840278
7
13 63.668685091853504 26.385880617302327 0.0
63 58.09583842789703 29.259198847473673 0.0
114 60.579873720219915 29.285448209143237 0.0
291 57.82228000929569 22.833201815130867 0.0
340 59.35420549089288 30.972019043761644 0.0
383 65.80925788462959 23.150320540925957 0.0
408 62.04482208598107 28.2946313755059 0.0
4.861408355462059
6
44 9.66018902735565 52.60016921424852 0.0
107 11.937691117469651 47.3334005004092 0.0
184 11.43954867860703 53.76463804679746 0.0
251 7.741536509566423 51.300388023949075 0.0
273 10.8538484021976 52.18758135193339 0.0
394 9.471876515616353 54.01895775562695 0.0
4.620092159891123
5
80 10.558922770785049 73.80456163620742 0.0
210 11.003535075002336 71.71881458134067 0.0
216 15.721434307810245 73.79447468073961 0.0
296 17.74226460763739 70.26157629634103 0.0
307 12.124184308928111 70.02033861584859 0.0
4.960619606333429
8
30 11.764068941524897 2.461543412117382 0.0
40 9.742647149067892 0.5053856310535118 0.0
51 14.596665870100171 1.244345822463632 0.0
91 9.765463707451431 3.965095302798372 0.0
122 7.444570674386233 6.896638735980919 0.0
160 9.454205679505073 1.6680110261433265 0.0
222 9.610315557591676 7.090633329471525 0.0
337 9.03914264358401 4.146198984182838 0.0
5.61182952217418
8
5 28.317732999604324 39.86421564049186 0.0
50 27.031915480137716 37.365011732606035 0.0
52 24.500465719024483 43.764809769154596 0.0
71 25.844803938924777 47.17954312020232 0.0
97 29.147806686435878 45.6275278491686 0.0
305 24.10488260191129 38.08278870926751 0.0
345 24.793916784079755 39.30905654413867 0.0
406 24.487153351343323 41.37283628408144 0.0
2.383771312532735
2
129 72.95291033264766 70.06242796735587 0.0
357 76.58081031618481 66.96924119781426 0.0
6.984144145589556
8
72 37.38649405386684 52.60099282803509 0.0
81 39.12297448701753 57.18517665052333 0.0
85 44.53018779755046 54.7526107749936 0.0
148 33.05215417413415 59.29230133927445 0.0
198 40.48291957605592 60.05854295080669 0.0
292 36.56478203386283 61.064863487989705 0.0
376 35.69371288274376 58.02290831580207 0.0
393 37.49556084099929 55.7045427446317 0.0
5.190880795834964
4
23 20.709862958302175 99.45817259084737 0.0
82 26.20776932490497 93.13801587642668 0.0
159 20.636121307395133 91.20278395937409 0.0
402 23.45601882772234 99.97166782940249 0.0
5.3055296848813835
5
111 96.95578949679674 22.834194926407456 0.0
166 94.18902378605476 23.09549429235532 0.0
254 99.10200016072025 26.511516537111454 0.0
309 94.32070653694555 27.887935734636564 0.0
355 97.60185301343077 18.6130708168342 0.0
5.192045353230033
10
19 50.50276887947029 26.429969315812436 0.0
38 43.164676786388654 20.726808444605865 0.0
41 46.74107226012919 17.452498774242745 0.0
70 46.58539911867274 22.65537104550903 0.0
171 46.377677248100966 21.169602325780897 0.0
293 45.10258756854148 22.58428222771617 0.0
317 46.53780408940695 25.13853796469044 0.0
323 48.504329566705714 24.620668177042663 0.0
341 52.458388076733755 23.468625820741543 0.0
377 47.73213382241777 20.083255907511337 0.0
6.45148896393745
4
60 84.4577038755776 62.720323224898635 0.0
161 83.86324909688518 67.0312796552131 0.0
249 88.19578197699924 57.020797868755395 0.0
311 80.8066779200858 61.97342774466823 0.0
3.09408240609632
5
77 38.24580204629356 38.956186393916006 0.0
157 37.71413129170919 41.393581166916945 0.0
196 37.039704581287786 36.977068264675104 0.0
243 34.057018167653304 41.71814565166153 0.0
403 35.18612024502262 41.02578741938817 0.0
4.3593011403755995
3
46 39.62618898852746 80.4766803262915 0.0
225 37.09137642334528 73.55438265121053 0.0
388 39.06565681545382 74.69266465549313 0.0
3.999538605833921
4
25 36.16010793576398 70.42673198237087 0.0
223 38.18465812707937 67.80368066573025 0.0
237 37.00978037294585 63.760322516537954 0.0
279 32.03395906679385 68.35783146770466 0.0
3.5855957292144773
5
8 71.71291845706929 26.296930865536865 0.0
95 74.99539959191341 22.12593958802669 0.0
185 75.38511665786228 26.49917723943974 0.0
255 70.57874423776774 24.73417975583081 0.0
314 76.16793256762341 27.81838198013162 0.0
6.759136377746554
7
1 82.64855717700378 4.660699284583407 0.0
94 81.70617768537718 0.9274730927327853 0.0
108 79.49459202778019 1.994582930328659 0.0
125 80.41481319866026 5.942547167176174 0.0
203 82.40661457929997 10.664431420550882 0.0
259 80.19105520064393 3.9568512344251103 0.0
359 79.38852221451498 0.3922268379476497 0.0
4.0559490453951845
4
177 50.31459711599424 36.2754760481029 0.0
182 55.29421528305572 38.34958937807075 0.0
344 54.858789565084805 37.76271505971559 0.0
399 56.62887929106891 36.23071001684743 0.0
5.805222745066277
8
22 49.671408473965535 11.807900090600599 0.0
106 51.845113164421534 13.821412124285109 0.0
117 46.29459381789239 11.918656577031724 0.0
172 51.0669373650987 15.68964352056742 0.0
181 46.81086951307884 9.065587329439003 0.0
193 48.75129226542838 13.947859280671063 0.0
194 55.52428438429438 9.75180555969414 0.0
200 50.715443767205166 8.239395441452375 0.0
5.063403132553218
6
89 70.86542420101001 39.33165068967042 0.0
191 68.35246802226573 39.903721697216014 0.0
275 73.079130723229 37.31799907896727 0.0
294 67.6562904182987 31.769825337271676 0.0
301 68.58811784488401 34.94554887943195 0.0
338 68.57992420154396 35.59727076642063 0.0
0.0
1
375 97.22078250833086 45.156848546860914 0.0
3.9170636447119946
6
10 40.75910752222311 1.0336237232300411 0.0
27 40.55568195719208 0.31559637005353725 0.0
62 36.64590033276195 2.541716042493647 0.0
88 39.3514087997572 5.187315681160053 0.0
246 42.68211275871717 5.74619364056671 0.0
298 39.51277292513699 3.0010868604031797 0.0
4.32720416983636
4
205 26.94685304116255 15.276596743927431 0.0
221 25.54104036161947 10.196337491332766 0.0
325 29.583423768446117 14.205239540193894 0.0
395 30.729736327385513 14.761906590379125 0.0
1.7648409728321035
2
42 3.0479352659939547 55.79217491137429 0.0
141 2.559988900385032 59.287967093675306 0.0
5.327321417178004
8
110 40.042223343357634 30.220671874988547 0.0
230 44.00295853417445 27.20654931301567 0.0
244 43.362082276034876 30.993811558014784 0.0
265 37.03312383070335 34.52416659544514 0.0
319 44.52079618127253 33.89934681133923 0.0
333 38.26810766928301 28.71724117787757 0.0
349 37.12494830674997 32.450781802778884 0.0
351 40.81644844230635 32.73453952017407 0.0
4.858138360173266
9
16 19.59681689838455 49.322248437358226 0.0
24 23.355071768627592 51.93943890339059 0.0
32 18.66748116903763 48.31038984261505 0.0
133 20.61270579865059 48.86228133398876 0.0
150 21.522642135340785 50.54853244391528 0.0
316 17.657135222757994 45.86734638583817 0.0
342 16.24288153472827 50.58539245506794 0.0
369 16.451417363016645 51.21510479843663 0.0
397 19.853095759956943 46.336979987689666 0.0
