#He so k la
3.0
#Number of Nodes
79
# list of nodes
#x #y #z
27.214822417219633 9.653135585079553 0.0
94.39747016289702 87.82212349406319 0.0
5.866821900704417 96.82395603588537 0.0
97.62627948824375 22.389389004397188 0.0
44.388494674305335 60.189424640018636 0.0
1.8160126915115264 55.21408596334909 0.0
63.01818667533645 4.528772474245375 0.0
57.486261882196295 92.28281015211421 0.0
83.58870730654823 59.30500959947436 0.0
59.09474703582954 30.03248659949773 0.0
3.0319268873529577 17.914859567773796 0.0
22.44938002446382 38.789852874162676 0.0
29.176567558875036 76.7789384326431 0.0
7.28847676507435 2.834137508236103 0.0
26.82250222648048 59.723867282242566 0.0
64.7503733736821 75.43083912435522 0.0
49.14031992292703 11.857421377673639 0.0
76.11826190102684 13.581651095256007 0.0
11.679166129859798 67.22031902531508 0.0
42.275322186828085 37.85922165425154 0.0
78.2074090687406 41.02983919150657 0.0
10.67985533364309 35.652849939788645 0.0
79.43788034913456 95.65456075910093 0.0
37.71434137221643 29.557860149447226 0.0
83.03811545365517 79.04549666193512 0.0
58.73529065778612 46.54228115702374 0.0
38.492731318087294 94.58095468708537 0.0
78.98299807288561 3.947647143746144 0.0
47.2258156593865 1.5063678851663025 0.0
68.04372146049212 59.58438624719337 0.0
47.79033763993649 86.79441674125023 0.0
17.542866980484074 47.71611870479044 0.0
15.906796289481393 26.737807660553916 0.0
66.95296000758601 88.7139985238681 0.0
60.34588923377697 13.470288253384192 0.0
45.486121294667484 70.23037761594696 0.0
87.1658517656571 67.67038413739567 0.0
89.43115255995328 12.308254335522914 0.0
10.586329493575281 10.923550443363691 0.0
46.53958369522915 28.62146984059797 0.0
83.08254040889331 31.3935428419011 0.0
37.952507791945116 51.08434528321363 0.0
97.2557254457007 31.527028525489474 0.0
34.63311163942832 2.0597987413160808 0.0
92.59166925669842 61.08232685079878 0.0
7.3045597262434905 76.93481718671595 0.0
15.335771356298267 87.66295860327065 0.0
32.21666654666588 67.45214934640885 0.0
50.80381971337647 48.528899799389094 0.0
55.67218104666327 79.97321364758065 0.0
71.96952178860047 24.361738588629283 0.0
2.7407984067071194 8.301755965824736 0.0
4.030630861804171 64.31609939430723 0.0
38.41320326443819 12.11417479097764 0.0
53.070750790355845 39.34883918676801 0.0
21.79119479251303 24.760030025803292 0.0
68.23226713517614 37.509502001780604 0.0
54.779503407035804 5.955557231829267 0.0
17.528109979173617 1.945651520338509 0.0
31.304288719845772 38.271023963990096 0.0
19.481176900856102 59.153030794028 0.0
98.06757573860303 80.204395334201 0.0
5.465205824229654 45.54437338430154 0.0
31.102619579069206 19.729152222014854 0.0
73.75486882210633 66.9252677301729 0.0
85.52906090356785 47.471279540269485 0.0
7.642791732281674 26.430787310365552 0.0
10.437189816587308 56.9472980130342 0.0
71.62919689192285 3.9444922427684426 0.0
20.000373487922378 73.29765994275279 0.0
83.64488802184535 26.36136463197704 0.0
42.791703119189656 18.703002018075356 0.0
3.3861071744520537 38.17747912060574 0.0
60.518405508757425 67.56872345668172 0.0
55.06490652457734 22.924892834912278 0.0
25.843168673083895 85.10253083922028 0.0
17.468375186545202 12.720351312610374 0.0
38.92609750673432 82.73726829077647 0.0
75.07551988581037 53.22977463777377 0.0
#nguong BER
0.001
#Ma tran yeu cau D
#source_index dest_index bw don vi Mbps
0 0 14586
0 1 174
0 2 177
0 3 1172
0 4 3227
0 5 1814
0 6 5461
0 7 261
0 8 489
0 9 3452
0 10 9243
0 11 4257
0 12 1552
0 13 5551
0 14 3129
0 15 932
0 16 6115
0 17 2468
0 18 2203
0 19 5565
0 20 2207
0 21 5297
0 22 210
0 23 7396
0 24 539
0 25 2970
0 26 719
0 27 2357
0 28 3541
0 29 885
0 30 2168
0 31 4884
0 32 5993
0 33 677
0 34 7133
0 35 1966
0 36 637
0 37 937
0 38 13224
0 39 6066
0 40 1939
0 41 2865
0 42 1917
0 43 10513
0 44 846
0 45 1869
0 46 972
0 47 1737
0 48 1532
0 49 2794
0 50 1500
0 51 5837
0 52 2294
0 53 6298
0 54 3325
0 55 7287
0 56 1491
0 57 6521
0 58 7540
0 59 2130
0 60 2395
0 61 213
0 62 4449
0 63 14693
0 64 815
0 65 1881
0 66 2925
0 67 2969
0 68 2579
0 69 864
0 70 830
0 71 7003
0 72 2858
0 73 978
0 74 3017
0 75 605
0 76 11219
0 77 1553
0 78 1555
1 0 253
1 1 0
1 2 48
1 3 355
1 4 992
1 5 170
1 6 553
1 7 59
1 8 289
1 9 401
1 10 463
1 11 497
1 12 217
1 13 323
1 14 698
1 15 438
1 16 293
1 17 549
1 18 297
1 19 591
1 20 496
1 21 272
1 22 128
1 23 388
1 24 455
1 25 633
1 26 299
1 27 313
1 28 354
1 29 401
1 30 655
1 31 566
1 32 242
1 33 222
1 34 633
1 35 572
1 36 569
1 37 182
1 38 504
1 39 582
1 40 600
1 41 295
1 42 646
1 43 271
1 44 402
1 45 289
1 46 175
1 47 445
1 48 427
1 49 1037
1 50 200
1 51 245
1 52 256
1 53 268
1 54 348
1 55 249
1 56 239
1 57 240
1 58 170
1 59 224
1 60 295
1 61 1081
1 62 424
1 63 392
1 64 199
1 65 716
1 66 167
1 67 362
1 68 298
1 69 144
1 70 306
1 71 464
1 72 246
1 73 738
1 74 240
1 75 280
1 76 224
1 77 718
1 78 632
2 0 264
2 1 19
2 2 0
2 3 175
2 4 757
2 5 585
2 6 426
2 7 152
2 8 164
2 9 382
2 10 612
2 11 480
2 12 844
2 13 443
2 14 882
2 15 318
2 16 275
2 17 325
2 18 756
2 19 555
2 20 373
2 21 945
2 22 100
2 23 661
2 24 114
2 25 438
2 26 82
2 27 274
2 28 185
2 29 227
2 30 1011
2 31 883
2 32 400
2 33 296
2 34 545
2 35 693
2 36 150
2 37 181
2 38 449
2 39 516
2 40 365
2 41 611
2 42 372
2 43 321
2 44 117
2 45 1492
2 46 1164
2 47 752
2 48 134
2 49 740
2 50 189
2 51 493
2 52 942
2 53 159
2 54 463
2 55 454
2 56 213
2 57 279
2 58 229
2 59 187
2 60 569
2 61 82
2 62 896
2 63 394
2 64 157
2 65 217
2 66 485
2 67 909
2 68 231
2 69 389
2 70 85
2 71 361
2 72 481
2 73 367
2 74 252
2 75 478
2 76 306
2 77 1224
2 78 300
3 0 968
3 1 326
3 2 213
3 3 20527
3 4 3042
3 5 903
3 6 4874
3 7 346
3 8 1222
3 9 2686
3 10 2222
3 11 1964
3 12 886
3 13 1414
3 14 1940
3 15 979
3 16 2115
3 17 6152
3 18 1344
3 19 2856
3 20 5322
3 21 1738
3 22 325
3 23 3027
3 24 730
3 25 2934
3 26 754
3 27 3524
3 28 1486
3 29 1624
3 30 1744
3 31 2606
3 32 1422
3 33 823
3 34 5138
3 35 1688
3 36 1452
3 37 4721
3 38 2404
3 39 3053
3 40 7362
3 41 1745
3 42 21651
3 43 1256
3 44 1220
3 45 1273
3 46 558
3 47 1211
3 48 1248
3 49 2227
3 50 4390
3 51 1865
3 52 1036
3 53 1360
3 54 2634
3 55 1744
3 56 2672
3 57 3189
3 58 1024
3 59 806
3 60 961
3 61 576
3 62 1585
3 63 2783
3 64 1310
3 65 3992
3 66 770
3 67 1071
3 68 2687
3 69 772
3 70 3066
3 71 2671
3 72 1296
3 73 1299
3 74 2565
3 75 702
3 76 1346
3 77 1412
3 78 2362
4 0 3513
4 1 958
4 2 908
4 3 2541
4 4 71650
4 5 5349
4 6 7764
4 7 1119
4 8 1917
4 9 8866
4 10 7075
4 11 11456
4 12 11480
4 13 5076
4 14 24219
4 15 4813
4 16 6570
4 17 5216
4 18 7235
4 19 18973
4 20 8754
4 21 8803
4 22 703
4 23 14006
4 24 2247
4 25 15757
4 26 3497
4 27 3344
4 28 3007
4 29 7623
4 30 11765
4 31 15786
4 32 6721
4 33 3614
4 34 9845
4 35 26232
4 36 3388
4 37 1501
4 38 8260
4 39 10927
4 40 6369
4 41 22903
4 42 5764
4 43 3754
4 44 2302
4 45 7201
4 46 3754
4 47 16393
4 48 12377
4 49 17499
4 50 5021
4 51 4827
4 52 6829
4 53 4125
4 54 13869
4 55 6837
4 56 5624
4 57 6467
4 58 3795
4 59 4898
4 60 9066
4 61 698
4 62 8603
4 63 9229
4 64 4552
4 65 6149
4 66 3842
4 67 9143
4 68 3842
4 69 4725
4 70 2691
4 71 8396
4 72 5812
4 73 11406
4 74 6526
4 75 3833
4 76 4086
4 77 12275
4 78 6987
5 0 1850
5 1 198
5 2 813
5 3 904
5 4 4862
5 5 29088
5 6 2851
5 7 474
5 8 632
5 9 2467
5 10 7534
5 11 6352
5 12 3949
5 13 4136
5 14 7387
5 15 1128
5 16 2356
5 17 1977
5 18 10411
5 19 5862
5 20 2160
5 21 8469
5 22 394
5 23 5430
5 24 563
5 25 3424
5 26 880
5 27 1352
5 28 1553
5 29 1402
5 30 3429
5 31 15272
5 32 4528
5 33 1050
5 34 4253
5 35 3638
5 36 814
5 37 875
5 38 5870
5 39 3449
5 40 1919
5 41 4316
5 42 1755
5 43 2013
5 44 832
5 45 7606
5 46 1772
5 47 4022
5 48 2069
5 49 3271
5 50 1726
5 51 3846
5 52 21512
5 53 1684
5 54 2039
5 55 4227
5 56 1490
5 57 3081
5 58 2095
5 59 2024
5 60 6602
5 61 244
5 62 19841
5 63 3895
5 64 1000
5 65 1664
5 66 3464
5 67 16735
5 68 1251
5 69 4039
5 70 779
5 71 3770
5 72 8882
5 73 1408
5 74 1896
5 75 2139
5 76 2616
5 77 2655
5 78 1746
6 0 5138
6 1 622
6 2 442
6 3 4798
6 4 8333
6 5 2921
6 6 112018
6 7 434
6 8 2159
6 9 11059
6 10 8479
6 11 6928
6 12 3059
6 13 6863
6 14 5776
6 15 2031
6 16 22273
6 17 20016
6 18 3651
6 19 10459
6 20 9140
6 21 6381
6 22 463
6 23 13485
6 24 1451
6 25 8641
6 26 1473
6 27 16750
6 28 10825
6 29 3762
6 30 4399
6 31 7462
6 32 5649
6 33 1785
6 34 63105
6 35 4549
6 36 2672
6 37 5721
6 38 10972
6 39 14021
6 40 8357
6 41 6068
6 42 8838
6 43 7887
6 44 2821
6 45 2981
6 46 1831
6 47 4053
6 48 4599
6 49 6505
6 50 12732
6 51 6690
6 52 3554
6 53 7608
6 54 7947
6 55 7077
6 56 5237
6 57 49748
6 58 5611
6 59 3001
6 60 3496
6 61 634
6 62 5072
6 63 11972
6 64 2396
6 65 5374
6 66 3152
6 67 4642
6 68 36704
6 69 1878
6 70 4803
6 71 13642
6 72 4554
6 73 2904
6 74 11822
6 75 1850
6 76 5279
6 77 3617
6 78 5151
7 0 300
7 1 204
7 2 25
7 3 250
7 4 1333
7 5 278
7 6 582
7 7 0
7 8 211
7 9 761
7 10 672
7 11 378
7 12 895
7 13 473
7 14 994
7 15 862
7 16 510
7 17 346
7 18 613
7 19 491
7 20 617
7 21 723
7 22 102
7 23 741
7 24 76
7 25 873
7 26 972
7 27 346
7 28 229
7 29 408
7 30 3837
7 31 1002
7 32 450
7 33 442
7 34 718
7 35 1127
7 36 679
7 37 124
7 38 660
7 39 488
7 40 618
7 41 773
7 42 461
7 43 233
7 44 492
7 45 586
7 46 407
7 47 723
7 48 385
7 49 3640
7 50 292
7 51 337
7 52 326
7 53 243
7 54 500
7 55 222
7 56 371
7 57 552
7 58 160
7 59 139
7 60 634
7 61 165
7 62 498
7 63 427
7 64 366
7 65 759
7 66 227
7 67 592
7 68 164
7 69 156
7 70 215
7 71 560
7 72 428
7 73 753
7 74 360
7 75 446
7 76 174
7 77 973
7 78 670
8 0 549
8 1 497
8 2 65
8 3 1031
8 4 2139
8 5 559
8 6 1827
8 7 312
8 8 1520
8 9 1492
8 10 977
8 11 1183
8 12 773
8 13 707
8 14 1162
8 15 766
8 16 1103
8 17 1061
8 18 668
8 19 1911
8 20 3425
8 21 1099
8 22 93
8 23 1699
8 24 808
8 25 2776
8 26 723
8 27 1168
8 28 599
8 29 3421
8 30 1540
8 31 1390
8 32 788
8 33 802
8 34 1618
8 35 1935
8 36 4193
8 37 415
8 38 1403
8 39 1991
8 40 2046
8 41 1244
8 42 2566
8 43 684
8 44 2911
8 45 717
8 46 530
8 47 1018
8 48 1456
8 49 2686
8 50 1520
8 51 700
8 52 776
8 53 634
8 54 1948
8 55 702
8 56 1040
8 57 1355
8 58 611
8 59 576
8 60 746
8 61 635
8 62 1058
8 63 1154
8 64 3024
8 65 4554
8 66 275
8 67 990
8 68 695
8 69 429
8 70 831
8 71 943
8 72 698
8 73 1108
8 74 716
8 75 492
8 76 407
8 77 1030
8 78 5790
9 0 3573
9 1 348
9 2 267
9 3 2958
9 4 8512
9 5 2059
9 6 11085
9 7 552
9 8 1649
9 9 80428
9 10 5577
9 11 4965
9 12 2869
9 13 4129
9 14 5713
9 15 2094
9 16 8998
9 17 8759
9 18 2908
9 19 16733
9 20 9600
9 21 4639
9 22 401
9 23 14517
9 24 914
9 25 12096
9 26 1640
9 27 4268
9 28 4379
9 29 4435
9 30 3668
9 31 5816
9 32 3775
9 33 1410
9 34 16897
9 35 3854
9 36 2144
9 37 2758
9 38 6265
9 39 16484
9 40 6645
9 41 6332
9 42 5803
9 43 3268
9 44 2009
9 45 1859
9 46 1463
9 47 3658
9 48 6747
9 49 4934
9 50 9346
9 51 4259
9 52 2526
9 53 4660
9 54 19070
9 55 3846
9 56 8246
9 57 9940
9 58 3218
9 59 3409
9 60 3171
9 61 561
9 62 4453
9 63 9278
9 64 2690
9 65 4486
9 66 2408
9 67 3698
9 68 6022
9 69 1736
9 70 3503
9 71 10799
9 72 3012
9 73 3226
9 74 20180
9 75 1382
9 76 3306
9 77 2737
9 78 5452
10 0 7936
10 1 499
10 2 543
10 3 2370
10 4 7317
10 5 6584
10 6 8157
10 7 628
10 8 1109
10 9 5685
10 10 157906
10 11 13615
10 12 3704
10 13 24012
10 14 8184
10 15 1678
10 16 7835
10 17 4280
10 18 6364
10 19 11615
10 20 4417
10 21 24612
10 22 605
10 23 12525
10 24 987
10 25 5782
10 26 1860
10 27 3283
10 28 3770
10 29 2990
10 30 4207
10 31 14447
10 32 20112
10 33 1694
10 34 8977
10 35 4276
10 36 1624
10 37 1672
10 38 59021
10 39 9659
10 40 4400
10 41 5656
10 42 4196
10 43 7321
10 44 1510
10 45 5079
10 46 2212
10 47 3874
10 48 3703
10 49 5492
10 50 3636
10 51 44177
10 52 6281
10 53 5167
10 54 4789
10 55 16073
10 56 3084
10 57 7397
10 58 10258
10 59 3470
10 60 6193
10 61 440
10 62 13893
10 63 14988
10 64 1925
10 65 3483
10 66 22027
10 67 9116
10 68 3801
10 69 2739
10 70 1815
10 71 8549
10 72 14942
10 73 2844
10 74 4912
10 75 2339
10 76 17540
10 77 4307
10 78 3341
11 0 4431
11 1 297
11 2 295
11 3 1390
11 4 9521
11 5 6836
11 6 6486
11 7 444
11 8 1193
11 9 5303
11 10 13272
11 11 40201
11 12 5089
11 13 7281
11 14 13939
11 15 1719
11 16 6701
11 17 3498
11 18 6006
11 19 14251
11 20 4827
11 21 24232
11 22 351
11 23 17994
11 24 783
11 25 7026
11 26 1611
11 27 2932
11 28 2912
11 29 2955
11 30 3992
11 31 32841
11 32 18273
11 33 1537
11 34 7750
11 35 6060
11 36 1409
11 37 1555
11 38 13316
11 39 11333
11 40 3122
11 41 11397
11 42 3789
11 43 3923
11 44 1410
11 45 5076
11 46 2011
11 47 6224
11 48 4859
11 49 7248
11 50 3178
11 51 7802
11 52 7464
11 53 4623
11 54 6586
11 55 18094
11 56 3205
11 57 6762
11 58 5294
11 59 10498
11 60 8165
11 61 316
11 62 14676
11 63 12839
11 64 1632
11 65 3789
11 66 7475
11 67 10703
11 68 3369
11 69 2246
11 70 1633
11 71 8282
11 72 10792
11 73 3185
11 74 4578
11 75 2334
11 76 6910
11 77 4897
11 78 2957
12 0 1508
12 1 323
12 2 887
12 3 1086
12 4 9782
12 5 4468
12 6 2817
12 7 789
12 8 1181
12 9 3212
12 10 4015
12 11 4509
12 12 25496
12 13 2427
12 14 13482
12 15 2471
12 16 2812
12 17 1781
12 18 8408
12 19 4804
12 20 2862
12 21 4467
12 22 429
12 23 4917
12 24 1023
12 25 4761
12 26 3579
12 27 1589
12 28 1188
12 29 1676
12 30 8207
12 31 7333
12 32 3149
12 33 2190
12 34 3725
12 35 8084
12 36 1421
12 37 1024
12 38 3851
12 39 4256
12 40 1658
12 41 5439
12 42 2300
12 43 1627
12 44 1196
12 45 7060
12 46 3969
12 47 14341
12 48 2290
12 49 7728
12 50 1543
12 51 2810
12 52 5847
12 53 1742
12 54 3484
12 55 3011
12 56 1615
12 57 2388
12 58 1546
12 59 1865
12 60 6113
12 61 265
12 62 5113
12 63 3729
12 64 1814
12 65 1875
12 66 1585
12 67 6244
12 68 1265
12 69 12778
12 70 1039
12 71 2696
12 72 2902
12 73 2363
12 74 2261
12 75 8404
12 76 1706
12 77 14454
12 78 2634
13 0 7577
13 1 343
13 2 411
13 3 1989
13 4 5611
13 5 3606
13 6 7814
13 7 257
13 8 957
13 9 4123
13 10 24316
13 11 6932
13 12 2859
13 13 80446
13 14 5470
13 15 1280
13 16 6177
13 17 3298
13 18 3509
13 19 7792
13 20 3822
13 21 10194
13 22 243
13 23 8095
13 24 768
13 25 4054
13 26 1197
13 27 2903
13 28 3944
13 29 1896
13 30 3132
13 31 8741
13 32 8651
13 33 1135
13 34 7538
13 35 2995
13 36 1148
13 37 1473
13 38 52835
13 39 6172
13 40 2758
13 41 3731
13 42 3078
13 43 7346
13 44 842
13 45 2487
13 46 1434
13 47 2945
13 48 2533
13 49 3800
13 50 2597
13 51 47329
13 52 3757
13 53 4581
13 54 4233
13 55 9714
13 56 2462
13 57 6787
13 58 21907
13 59 2300
13 60 3478
13 61 419
13 62 6967
13 63 11261
13 64 1451
13 65 2703
13 66 6890
13 67 5069
13 68 3547
13 69 1664
13 70 1360
13 71 7582
13 72 6541
13 73 1452
13 74 3283
13 75 1346
13 76 14994
13 77 2996
13 78 2045
14 0 2943
14 1 583
14 2 958
14 3 1902
14 4 20817
14 5 5861
14 6 5815
14 7 904
14 8 1289
14 9 5639
14 10 7547
14 11 12385
14 12 13125
14 13 5596
14 14 77858
14 15 2203
14 16 4875
14 17 3768
14 18 12793
14 19 12720
14 20 5374
14 21 11435
14 22 377
14 23 10506
14 24 1157
14 25 7892
14 26 3718
14 27 2849
14 28 2361
14 29 3709
14 30 8349
14 31 28563
14 32 7143
14 33 2356
14 34 7253
14 35 11906
14 36 2174
14 37 1473
14 38 7577
14 39 8823
14 40 3781
14 41 17269
14 42 3846
14 43 2613
14 44 1245
14 45 9337
14 46 3971
14 47 21874
14 48 5863
14 49 10845
14 50 3603
14 51 5531
14 52 10718
14 53 3650
14 54 7652
14 55 7973
14 56 3362
14 57 5354
14 58 3557
14 59 5244
14 60 29190
14 61 557
14 62 12668
14 63 8630
14 64 2532
14 65 3627
14 66 4556
14 67 17073
14 68 2812
14 69 8503
14 70 2086
14 71 5874
14 72 8189
14 73 4999
14 74 4196
14 75 4971
14 76 3802
14 77 8299
14 78 4738
15 0 686
15 1 475
15 2 301
15 3 1045
15 4 5269
15 5 1393
15 6 2310
15 7 692
15 8 1477
15 9 2090
15 10 1589
15 11 1784
15 12 2257
15 13 1155
15 14 2706
15 15 13975
15 16 1746
15 17 1834
15 18 1728
15 19 2931
15 20 2901
15 21 1366
15 22 1051
15 23 2165
15 24 2189
15 25 3251
15 26 1073
15 27 802
15 28 660
15 29 3656
15 30 5719
15 31 3036
15 32 1207
15 33 3279
15 34 2540
15 35 4914
15 36 2508
15 37 668
15 38 1890
15 39 2636
15 40 1919
15 41 2507
15 42 2042
15 43 954
15 44 1579
15 45 1375
15 46 876
15 47 1500
15 48 2161
15 49 14581
15 50 1336
15 51 1380
15 52 1170
15 53 1024
15 54 2608
15 55 1641
15 56 1707
15 57 1734
15 58 913
15 59 1090
15 60 1196
15 61 360
15 62 1956
15 63 2037
15 64 3256
15 65 2646
15 66 796
15 67 1919
15 68 889
15 69 742
15 70 813
15 71 1420
15 72 1157
15 73 5999
15 74 1323
15 75 1260
15 76 781
15 77 3145
15 78 2466
16 0 6297
16 1 359
16 2 431
16 3 3101
16 4 6544
16 5 2974
16 6 25176
16 7 223
16 8 1231
16 9 10782
16 10 7416
16 11 6722
16 12 2212
16 13 6328
16 14 5361
16 15 1599
16 16 53410
16 17 6199
16 18 3239
16 19 13151
16 20 6377
16 21 5546
16 22 609
16 23 12367
16 24 839
16 25 7156
16 26 1107
16 27 5121
16 28 13690
16 29 2360
16 30 3218
16 31 7647
16 32 6049
16 33 1296
16 34 32913
16 35 3617
16 36 1469
16 37 2977
16 38 10721
16 39 15480
16 40 5717
16 41 5126
16 42 5393
16 43 9719
16 44 1420
16 45 2605
16 46 1070
16 47 2885
16 48 2986
16 49 4465
16 50 5776
16 51 5117
16 52 3804
16 53 15087
16 54 7796
16 55 6892
16 56 4027
16 57 44328
16 58 4222
16 59 3073
16 60 3059
16 61 414
16 62 5160
16 63 13570
16 64 1337
16 65 3507
16 66 2938
16 67 3767
16 68 8339
16 69 1697
16 70 2390
16 71 24774
16 72 4058
16 73 2416
16 74 14590
16 75 1446
16 76 6081
16 77 3015
16 78 3687
17 0 2452
17 1 440
17 2 299
17 3 5350
17 4 4554
17 5 1558
17 6 21020
17 7 581
17 8 1079
17 9 7698
17 10 4233
17 11 3366
17 12 1621
17 13 3249
17 14 3230
17 15 1356
17 16 8251
17 17 42034
17 18 2045
17 19 6468
17 20 7925
17 21 4009
17 22 529
17 23 7076
17 24 1101
17 25 5640
17 26 1082
17 27 16067
17 28 4388
17 29 2476
17 30 2695
17 31 4247
17 32 3054
17 33 1117
17 34 22400
17 35 3143
17 36 1947
17 37 6871
17 38 4671
17 39 6251
17 40 9100
17 41 3294
17 42 9157
17 43 3203
17 44 2001
17 45 1922
17 46 1138
17 47 2396
17 48 2994
17 49 3781
17 50 13543
17 51 3039
17 52 1919
17 53 3510
17 54 4861
17 55 3307
17 56 4381
17 57 12041
17 58 2762
17 59 2056
17 60 2659
17 61 431
17 62 2841
17 63 4983
17 64 1688
17 65 6038
17 66 1557
17 67 2476
17 68 13394
17 69 1085
17 70 6831
17 71 6374
17 72 2593
17 73 2001
17 74 6338
17 75 1111
17 76 2162
17 77 2306
17 78 3886
18 0 2315
18 1 247
18 2 922
18 3 1215
18 4 8669
18 5 10917
18 6 3746
18 7 508
18 8 905
18 9 2521
18 10 6687
18 11 6532
18 12 8404
18 13 3813
18 14 14972
18 15 1905
18 16 3437
18 17 2187
18 18 26529
18 19 6228
18 20 2619
18 21 7013
18 22 371
18 23 5026
18 24 810
18 25 3910
18 26 2704
18 27 1612
18 28 1467
18 29 2561
18 30 5145
18 31 13819
18 32 4497
18 33 1551
18 34 4500
18 35 5711
18 36 1355
18 37 664
18 38 6311
18 39 3978
18 40 2651
18 41 5992
18 42 2475
18 43 2165
18 44 1185
18 45 16382
18 46 4909
18 47 7202
18 48 3029
18 49 6183
18 50 2383
18 51 4369
18 52 24232
18 53 1794
18 54 4074
18 55 3814
18 56 1470
18 57 2957
18 58 2273
18 59 2693
18 60 14687
18 61 315
18 62 10555
18 63 4437
18 64 1075
18 65 2450
18 66 3388
18 67 18443
18 68 1870
18 69 9658
18 70 724
18 71 3367
18 72 6472
18 73 2690
18 74 2555
18 75 4272
18 76 2770
18 77 7026
18 78 2628
19 0 5618
19 1 673
19 2 832
19 3 3260
19 4 16610
19 5 4867
19 6 10404
19 7 694
19 8 1543
19 9 14347
19 10 11320
19 11 14873
19 12 5081
19 13 7986
19 14 13861
19 15 3675
19 16 12812
19 17 6619
19 18 6711
19 19 86413
19 20 9814
19 21 12862
19 22 703
19 23 57414
19 24 1869
19 25 17856
19 26 2144
19 27 4109
19 28 5657
19 29 5386
19 30 6945
19 31 15478
19 32 10769
19 33 2684
19 34 15984
19 35 9149
19 36 2434
19 37 2806
19 38 10399
19 39 34775
19 40 7253
19 41 21787
19 42 6097
19 43 5858
19 44 2221
19 45 4835
19 46 2495
19 47 6626
19 48 13895
19 49 9184
19 50 6729
19 51 6472
19 52 6059
19 53 7898
19 54 30835
19 55 11096
19 56 6381
19 57 10655
19 58 5111
19 59 8607
19 60 7408
19 61 574
19 62 8516
19 63 17569
19 64 3082
19 65 5800
19 66 5252
19 67 7712
19 68 5417
19 69 3735
19 70 3367
19 71 16394
19 72 6434
19 73 5102
19 74 12946
19 75 2920
19 76 5632
19 77 5553
19 78 7008
20 0 2210
20 1 317
20 2 487
20 3 5764
20 4 6830
20 5 2361
20 6 8767
20 7 763
20 8 3076
20 9 9991
20 10 3811
20 11 4637
20 12 2645
20 13 3675
20 14 4365
20 15 2086
20 16 6149
20 17 7437
20 18 2844
20 19 8102
20 20 46837
20 21 3894
20 22 577
20 23 7998
20 24 2181
20 25 11687
20 26 1766
20 27 5293
20 28 2989
20 29 6833
20 30 4352
20 31 5620
20 32 3283
20 33 2046
20 34 11737
20 35 4849
20 36 2823
20 37 4148
20 38 5565
20 39 8170
20 40 22105
20 41 4478
20 42 11746
20 43 3086
20 44 3743
20 45 2492
20 46 1540
20 47 3167
20 48 4780
20 49 7201
20 50 11118
20 51 3666
20 52 2794
20 53 2594
20 54 7835
20 55 3619
20 56 11629
20 57 6469
20 58 1958
20 59 2065
20 60 2889
20 61 520
20 62 4082
20 63 4903
20 64 4151
20 65 19379
20 66 1976
20 67 3525
20 68 5233
20 69 1254
20 70 5950
20 71 6237
20 72 2582
20 73 4636
20 74 6353
20 75 1695
20 76 2587
20 77 3673
20 78 14998
21 0 4959
21 1 494
21 2 479
21 3 1769
21 4 8897
21 5 9646
21 6 6877
21 7 514
21 8 1087
21 9 5153
21 10 18910
21 11 22019
21 12 4433
21 13 9195
21 14 12048
21 15 1377
21 16 6535
21 17 3064
21 18 7592
21 19 12087
21 20 4345
21 21 55948
21 22 361
21 23 14076
21 24 1061
21 25 6100
21 26 1976
21 27 2300
21 28 3063
21 29 2113
21 30 4469
21 31 30146
21 32 25954
21 33 1463
21 34 8081
21 35 4938
21 36 1382
21 37 1448
21 38 17725
21 39 8250
21 40 2885
21 41 8170
21 42 3543
21 43 5260
21 44 1509
21 45 5334
21 46 2260
21 47 5274
21 48 3472
21 49 6180
21 50 2875
21 51 11930
21 52 8337
21 53 4045
21 54 5429
21 55 16373
21 56 2944
21 57 6007
21 58 6541
21 59 5198
21 60 8080
21 61 326
21 62 34213
21 63 10930
21 64 1594
21 65 2902
21 66 17412
21 67 14421
21 68 2514
21 69 3091
21 70 1643
21 71 7123
21 72 29845
21 73 2939
21 74 3732
21 75 2036
21 76 8215
21 77 4474
21 78 2783
22 0 283
22 1 250
22 2 2
22 3 426
22 4 734
22 5 213
22 6 507
22 7 59
22 8 483
22 9 392
22 10 527
22 11 494
22 12 402
22 13 217
22 14 620
22 15 536
22 16 316
22 17 394
22 18 364
22 19 408
22 20 747
22 21 468
22 22 0
22 23 682
22 24 210
22 25 694
22 26 350
22 27 197
22 28 197
22 29 353
22 30 990
22 31 720
22 32 291
22 33 587
22 34 684
22 35 447
22 36 704
22 37 160
22 38 529
22 39 571
22 40 475
22 41 678
22 42 697
22 43 79
22 44 397
22 45 387
22 46 161
22 47 261
22 48 299
22 49 1543
22 50 293
22 51 418
22 52 383
22 53 275
22 54 326
22 55 388
22 56 455
22 57 417
22 58 143
22 59 189
22 60 513
22 61 123
22 62 393
22 63 452
22 64 384
22 65 578
22 66 111
22 67 379
22 68 347
22 69 100
22 70 175
22 71 458
22 72 330
22 73 650
22 74 262
22 75 330
22 76 342
22 77 456
22 78 312
23 0 7183
23 1 462
23 2 728
23 3 3291
23 4 13848
23 5 4661
23 6 12393
23 7 677
23 8 1582
23 9 13299
23 10 12713
23 11 16678
23 12 3963
23 13 8208
23 14 12744
23 15 2856
23 16 15989
23 17 6458
23 18 6271
23 19 60672
23 20 6830
23 21 13711
23 22 548
23 23 90907
23 24 1306
23 25 11239
23 26 1966
23 27 4999
23 28 6816
23 29 5110
23 30 5374
23 31 17005
23 32 12137
23 33 1709
23 34 17195
23 35 7488
23 36 1934
23 37 2528
23 38 15405
23 39 56271
23 40 5510
23 41 13640
23 42 5279
23 43 8696
23 44 2302
23 45 4679
23 46 1685
23 47 5089
23 48 8063
23 49 7125
23 50 6742
23 51 7924
23 52 4848
23 53 8524
23 54 13699
23 55 17278
23 56 5791
23 57 12670
23 58 7885
23 59 13166
23 60 6946
23 61 826
23 62 9375
23 63 33077
23 64 2699
23 65 5918
23 66 6266
23 67 9357
23 68 4621
23 69 3249
23 70 2418
23 71 26831
23 72 6232
23 73 4555
23 74 11145
23 75 2341
23 76 8161
23 77 4867
23 78 4776
24 0 342
24 1 437
24 2 118
24 3 963
24 4 1982
24 5 552
24 6 1144
24 7 517
24 8 906
24 9 1198
24 10 892
24 11 834
24 12 1134
24 13 747
24 14 1590
24 15 1179
24 16 798
24 17 1070
24 18 915
24 19 1734
24 20 1193
24 21 966
24 22 291
24 23 1168
24 24 886
24 25 1200
24 26 637
24 27 626
24 28 369
24 29 1641
24 30 1805
24 31 1572
24 32 530
24 33 1621
24 34 1601
24 35 1819
24 36 2398
24 37 576
24 38 1227
24 39 1255
24 40 1513
24 41 1047
24 42 1880
24 43 533
24 44 1736
24 45 780
24 46 468
24 47 1028
24 48 982
24 49 3799
24 50 567
24 51 679
24 52 621
24 53 465
24 54 1329
24 55 885
24 56 514
24 57 894
24 58 586
24 59 477
24 60 761
24 61 432
24 62 1138
24 63 1322
24 64 1442
24 65 1675
24 66 341
24 67 955
24 68 830
24 69 676
24 70 532
24 71 895
24 72 661
24 73 1639
24 74 981
24 75 424
24 76 450
24 77 1500
24 78 1519
25 0 2951
25 1 630
25 2 399
25 3 2856
25 4 15362
25 5 2863
25 6 9291
25 7 628
25 8 2541
25 9 12496
25 10 4928
25 11 7185
25 12 4608
25 13 3565
25 14 8070
25 15 3307
25 16 6256
25 17 6599
25 18 4137
25 19 15978
25 20 12915
25 21 6014
25 22 932
25 23 11994
25 24 2073
25 25 37549
25 26 2226
25 27 4335
25 28 3249
25 29 9272
25 30 5563
25 31 9180
25 32 4546
25 33 2085
25 34 11813
25 35 7678
25 36 3503
25 37 2085
25 38 6759
25 39 14481
25 40 6792
25 41 9445
25 42 7484
25 43 3500
25 44 2271
25 45 3860
25 46 2030
25 47 5731
25 48 18740
25 49 9167
25 50 6122
25 51 3961
25 52 3286
25 53 3439
25 54 24951
25 55 4426
25 56 13841
25 57 6796
25 58 2846
25 59 3470
25 60 5459
25 61 838
25 62 5522
25 63 6087
25 64 3889
25 65 7829
25 66 2540
25 67 5153
25 68 4272
25 69 2138
25 70 2983
25 71 7980
25 72 3894
25 73 5973
25 74 7730
25 75 2202
25 76 3486
25 77 4706
25 78 10967
26 0 642
26 1 182
26 2 632
26 3 648
26 4 3599
26 5 1126
26 6 1635
26 7 311
26 8 437
26 9 1502
26 10 1720
26 11 1589
26 12 3898
26 13 1296
26 14 3215
26 15 1280
26 16 1622
26 17 1198
26 18 2347
26 19 2022
26 20 1548
26 21 1558
26 22 231
26 23 1732
26 24 741
26 25 2108
26 26 5079
26 27 754
26 28 531
26 29 1484
26 30 8910
26 31 3089
26 32 1209
26 33 1539
26 34 1929
26 35 2667
26 36 767
26 37 365
26 38 2273
26 39 2101
26 40 1162
26 41 2222
26 42 1436
26 43 842
26 44 763
26 45 2639
26 46 1545
26 47 2872
26 48 660
26 49 6552
26 50 1012
26 51 905
26 52 1971
26 53 890
26 54 1498
26 55 1473
26 56 838
26 57 1084
26 58 704
26 59 924
26 60 1906
26 61 442
26 62 2052
26 63 1782
26 64 1026
26 65 1535
26 66 703
26 67 2400
26 68 872
26 69 1274
26 70 385
26 71 1354
26 72 1222
26 73 1072
26 74 854
26 75 2646
26 76 919
26 77 7331
26 78 1326
27 0 2063
27 1 182
27 2 215
27 3 4377
27 4 3406
27 5 1459
27 6 16766
27 7 406
27 8 928
27 9 3519
27 10 3285
27 11 2101
27 12 1106
27 13 2968
27 14 2485
27 15 1204
27 16 7363
27 17 14965
27 18 1496
27 19 4644
27 20 4186
27 21 2583
27 22 293
27 23 4534
27 24 614
27 25 3455
27 26 686
27 27 17448
27 28 3558
27 29 1702
27 30 1979
27 31 3389
27 32 2373
27 33 921
27 34 11893
27 35 1786
27 36 1287
27 37 7104
27 38 4673
27 39 5282
27 40 6876
27 41 2057
27 42 5640
27 43 3162
27 44 1110
27 45 1408
27 46 698
27 47 1801
27 48 1907
27 49 2546
27 50 6322
27 51 2041
27 52 1444
27 53 2522
27 54 3610
27 55 2264
27 56 2841
27 57 8253
27 58 2170
27 59 1229
27 60 1499
27 61 291
27 62 2049
27 63 4024
27 64 1327
27 65 3371
27 66 1405
27 67 1890
27 68 16586
27 69 684
27 70 2185
27 71 4600
27 72 1831
27 73 1468
27 74 4538
27 75 777
27 76 2370
27 77 2023
27 78 2613
28 0 3183
28 1 236
28 2 193
28 3 1449
28 4 2848
28 5 1679
28 6 11991
28 7 274
28 8 562
28 9 3405
28 10 3476
28 11 3309
28 12 1362
28 13 4662
28 14 2690
28 15 776
28 16 11916
28 17 3868
28 18 1523
28 19 4987
28 20 2779
28 21 3465
28 22 120
28 23 7129
28 24 381
28 25 2520
28 26 675
28 27 4076
28 28 20099
28 29 1420
28 30 1480
28 31 3445
28 32 3333
28 33 639
28 34 12847
28 35 1771
28 36 796
28 37 1334
28 38 6454
28 39 5450
28 40 2489
28 41 2296
28 42 3099
28 43 8605
28 44 930
28 45 1458
28 46 510
28 47 1467
28 48 1658
28 49 2152
28 50 3302
28 51 3649
28 52 1536
28 53 6016
28 54 3352
28 55 3485
28 56 1967
28 57 17321
28 58 3782
28 59 1314
28 60 1402
28 61 267
28 62 2671
28 63 6568
28 64 967
28 65 1927
28 66 1744
28 67 2603
28 68 3080
28 69 893
28 70 1392
28 71 8792
28 72 2142
28 73 1212
28 74 4712
28 75 447
28 76 2229
28 77 1436
28 78 1340
29 0 1338
29 1 303
29 2 221
29 3 1730
29 4 8995
29 5 1393
29 6 3967
29 7 415
29 8 3170
29 9 3902
29 10 2591
29 11 3281
29 12 2813
29 13 2374
29 14 4051
29 15 4947
29 16 3127
29 17 2394
29 18 2339
29 19 5612
29 20 7250
29 21 2258
29 22 472
29 23 4819
29 24 2018
29 25 9397
29 26 964
29 27 1887
29 28 1458
29 29 12743
29 30 4703
29 31 3949
29 32 1755
29 33 2169
29 34 4718
29 35 3926
29 36 2738
29 37 1221
29 38 3339
29 39 5154
29 40 3154
29 41 2936
29 42 3396
29 43 1509
29 44 3248
29 45 1637
29 46 855
29 47 2401
29 48 4017
29 49 6969
29 50 3076
29 51 2224
29 52 1644
29 53 1748
29 54 5657
29 55 2279
29 56 2924
29 57 2947
29 58 1253
29 59 1590
29 60 2316
29 61 387
29 62 2399
29 63 3185
29 64 5287
29 65 5780
29 66 1027
29 67 2628
29 68 1549
29 69 867
29 70 1423
29 71 2755
29 72 1898
29 73 7954
29 74 2453
29 75 1520
29 76 1294
29 77 3834
29 78 11908
30 0 1978
30 1 382
30 2 846
30 3 1565
30 4 11586
30 5 2705
30 6 4646
30 7 2770
30 8 1395
30 9 3348
30 10 4044
30 11 4085
30 12 7925
30 13 3115
30 14 8539
30 15 6061
30 16 2917
30 17 2564
30 18 4927
30 19 6167
30 20 4813
30 21 4355
30 22 1211
30 23 5691
30 24 2142
30 25 5811
30 26 9911
30 27 2258
30 28 1572
30 29 5053
30 30 49378
30 31 7182
30 32 3181
30 33 5692
30 34 4380
30 35 12820
30 36 2169
30 37 1302
30 38 5150
30 39 5167
30 40 2882
30 41 6048
30 42 3665
30 43 2276
30 44 1930
30 45 5852
30 46 2363
30 47 7094
30 48 3542
30 49 32837
30 50 2565
30 51 3135
30 52 4078
30 53 2203
30 54 4331
30 55 2891
30 56 2614
30 57 3065
30 58 1882
30 59 2241
30 60 4649
30 61 489
30 62 4622
30 63 4420
30 64 2882
30 65 4230
30 66 1821
30 67 4789
30 68 2113
30 69 2416
30 70 1550
30 71 3751
30 72 3036
30 73 6177
30 74 2718
30 75 4706
30 76 2196
30 77 22005
30 78 3768
31 0 6002
31 1 388
31 2 682
31 3 2875
31 4 16310
31 5 14209
31 6 8160
31 7 787
31 8 1140
31 9 5703
31 10 14769
31 11 41136
31 12 8483
31 13 7601
31 14 26589
31 15 2750
31 16 6874
31 17 4600
31 18 14241
31 19 16442
31 20 4830
31 21 28258
31 22 579
31 23 15442
31 24 1437
31 25 7909
31 26 2158
31 27 3571
31 28 3735
31 29 3901
31 30 7096
31 31 124784
31 32 12628
31 33 2153
31 34 9563
31 35 7338
31 36 1875
31 37 2220
31 38 16130
31 39 11686
31 40 4211
31 41 13979
31 42 4276
31 43 4714
31 44 2051
31 45 9520
31 46 4038
31 47 9686
31 48 5775
31 49 9435
31 50 4318
31 51 9451
31 52 13592
31 53 5830
31 54 8289
31 55 12184
31 56 3623
31 57 7730
31 58 5634
31 59 9014
31 60 24719
31 61 676
31 62 41606
31 63 12168
31 64 2174
31 65 3485
31 66 8641
31 67 31285
31 68 3438
31 69 5679
31 70 2375
31 71 8768
31 72 19458
31 73 4210
31 74 5813
31 75 3894
31 76 6687
31 77 6753
31 78 4374
32 0 6178
32 1 336
32 2 433
32 3 1289
32 4 6745
32 5 4843
32 6 5760
32 7 514
32 8 890
32 9 3770
32 10 17568
32 11 19555
32 12 2935
32 13 9910
32 14 7323
32 15 1162
32 16 5825
32 17 2859
32 18 3654
32 19 10765
32 20 3402
32 21 26593
32 22 264
32 23 11916
32 24 571
32 25 4711
32 26 1152
32 27 2502
32 28 3026
32 29 1909
32 30 3204
32 31 13711
32 32 43512
32 33 1057
32 34 7416
32 35 3886
32 36 1006
32 37 1176
32 38 20333
32 39 7901
32 40 2571
32 41 5272
32 42 3047
32 43 6169
32 44 1151
32 45 3174
32 46 1465
32 47 2997
32 48 3420
32 49 3278
32 50 2707
32 51 10166
32 52 4484
32 53 4730
32 54 4223
32 55 29470
32 56 2805
32 57 5739
32 58 4930
32 59 5180
32 60 4184
32 61 277
32 62 11998
32 63 13712
32 64 1450
32 65 2745
32 66 12645
32 67 6824
32 68 2401
32 69 1911
32 70 1269
32 71 7444
32 72 10073
32 73 1710
32 74 3482
32 75 1912
32 76 11565
32 77 2838
32 78 2223
33 0 519
33 1 261
33 2 238
33 3 934
33 4 3728
33 5 914
33 6 1829
33 7 2169
33 8 602
33 9 1417
33 10 1445
33 11 1404
33 12 1637
33 13 1318
33 14 2494
33 15 4089
33 16 1534
33 17 1103
33 18 1422
33 19 2774
33 20 2435
33 21 1495
33 22 1707
33 23 2333
33 24 1815
33 25 2034
33 26 1596
33 27 966
33 28 864
33 29 2309
33 30 5266
33 31 2758
33 32 1197
33 33 13472
33 34 2518
33 35 3060
33 36 1845
33 37 615
33 38 1888
33 39 2009
33 40 1599
33 41 1623
33 42 2286
33 43 652
33 44 1342
33 45 1440
33 46 734
33 47 1351
33 48 1364
33 49 9959
33 50 1105
33 51 1215
33 52 1223
33 53 903
33 54 1794
33 55 1124
33 56 903
33 57 1483
33 58 811
33 59 948
33 60 1191
33 61 308
33 62 1460
33 63 1440
33 64 2290
33 65 2076
33 66 760
33 67 1450
33 68 898
33 69 645
33 70 678
33 71 1253
33 72 1239
33 73 2989
33 74 1679
33 75 1019
33 76 799
33 77 3154
33 78 2413
34 0 7991
34 1 638
34 2 718
34 3 5232
34 4 10581
34 5 3652
34 6 65170
34 7 601
34 8 2275
34 9 20164
34 10 9246
34 11 7823
34 12 4243
34 13 8982
34 14 8310
34 15 2653
34 16 37245
34 17 23095
34 18 4138
34 19 15582
34 20 11685
34 21 7912
34 22 639
34 23 17202
34 24 1416
34 25 10023
34 26 1893
34 27 13572
34 28 13279
34 29 5266
34 30 5202
34 31 9946
34 32 6373
34 33 2143
34 34 134251
34 35 5287
34 36 2536
34 37 5735
34 38 12138
34 39 20125
34 40 11067
34 41 7323
34 42 10602
34 43 8749
34 44 3002
34 45 3857
34 46 1895
34 47 4362
34 48 6456
34 49 7054
34 50 17494
34 51 7152
34 52 4640
34 53 8153
34 54 11506
34 55 8247
34 56 9410
34 57 53013
34 58 6159
34 59 4208
34 60 4086
34 61 622
34 62 7397
34 63 14613
34 64 2386
34 65 7981
34 66 3514
34 67 6563
34 68 16287
34 69 2225
34 70 6253
34 71 22297
34 72 5229
34 73 3935
34 74 28619
34 75 1800
34 76 6762
34 77 4779
34 78 6622
35 0 1424
35 1 770
35 2 360
35 3 1659
35 4 27546
35 5 3383
35 6 4386
35 7 1414
35 8 1859
35 9 4107
35 10 4209
35 11 4961
35 12 9521
35 13 3334
35 14 11935
35 15 4895
35 16 3720
35 17 2917
35 18 6081
35 19 7164
35 20 4883
35 21 4109
35 22 803
35 23 7263
35 24 1389
35 25 8254
35 26 3606
35 27 1696
35 28 1427
35 29 5045
35 30 13768
35 31 8023
35 32 3033
35 33 3206
35 34 5474
35 35 35282
35 36 1913
35 37 1365
35 38 5257
35 39 5578
35 40 3348
35 41 6968
35 42 3307
35 43 2370
35 44 1996
35 45 4446
35 46 2313
35 47 9249
35 48 5144
35 49 20042
35 50 3576
35 51 3455
35 52 3968
35 53 2434
35 54 6124
35 55 3557
35 56 2450
35 57 3397
35 58 1825
35 59 2789
35 60 4778
35 61 512
35 62 5015
35 63 4593
35 64 3185
35 65 3867
35 66 2305
35 67 5270
35 68 2244
35 69 3546
35 70 1718
35 71 4148
35 72 3166
35 73 9070
35 74 2749
35 75 4152
35 76 2347
35 77 13444
35 78 5294
36 0 767
36 1 568
36 2 165
36 3 1252
36 4 2540
36 5 652
36 6 2169
36 7 371
36 8 3958
36 9 2060
36 10 1396
36 11 1540
36 12 1396
36 13 880
36 14 2012
36 15 1447
36 16 1478
36 17 1443
36 18 1480
36 19 2364
36 20 4347
36 21 1468
36 22 377
36 23 1976
36 24 3699
36 25 3416
36 26 839
36 27 1302
36 28 707
36 29 2870
36 30 1869
36 31 2427
36 32 1143
36 33 1268
36 34 2576
36 35 2437
36 36 9149
36 37 626
36 38 1560
36 39 2273
36 40 2733
36 41 1990
36 42 3467
36 43 825
36 44 3899
36 45 1149
36 46 694
36 47 1549
36 48 1373
36 49 4266
36 50 1624
36 51 826
36 52 1287
36 53 758
36 54 2112
36 55 1143
36 56 1878
36 57 1849
36 58 868
36 59 404
36 60 1038
36 61 1076
36 62 1476
36 63 1658
36 64 4138
36 65 3405
36 66 501
36 67 1530
36 68 1083
36 69 661
36 70 982
36 71 1703
36 72 1145
36 73 2595
36 74 1176
36 75 761
36 76 807
36 77 1464
36 78 4180
37 0 956
37 1 208
37 2 143
37 3 5451
37 4 2305
37 5 902
37 6 6347
37 7 84
37 8 657
37 9 2516
37 10 1653
37 11 1563
37 12 844
37 13 1462
37 14 1539
37 15 759
37 16 2912
37 17 6106
37 18 811
37 19 1935
37 20 3375
37 21 1280
37 22 205
37 23 2365
37 24 348
37 25 1864
37 26 364
37 27 5640
37 28 1490
37 29 1263
37 30 1415
37 31 2136
37 32 1196
37 33 755
37 34 4590
37 35 1198
37 36 647
37 37 8634
37 38 2033
37 39 2468
37 40 4518
37 41 1421
37 42 6457
37 43 752
37 44 990
37 45 775
37 46 370
37 47 905
37 48 1199
37 49 1725
37 50 2771
37 51 1214
37 52 937
37 53 1398
37 54 2039
37 55 1012
37 56 1391
37 57 3627
37 58 1111
37 59 721
37 60 698
37 61 160
37 62 1508
37 63 1695
37 64 741
37 65 2501
37 66 773
37 67 1247
37 68 3760
37 69 528
37 70 3375
37 71 2122
37 72 1110
37 73 1032
37 74 2046
37 75 451
37 76 812
37 77 1147
37 78 1932
38 0 15141
38 1 526
38 2 482
38 3 2492
38 4 8741
38 5 6207
38 6 10299
38 7 502
38 8 1339
38 9 5810
38 10 55394
38 11 15368
38 12 3770
38 13 59327
38 14 7809
38 15 2164
38 16 10280
38 17 5482
38 18 5666
38 19 11992
38 20 4847
38 21 17698
38 22 381
38 23 15141
38 24 918
38 25 6669
38 26 1550
38 27 4065
38 28 5493
38 29 2873
38 30 4759
38 31 15002
38 32 19752
38 33 1486
38 34 11850
38 35 4646
38 36 1713
38 37 2278
38 38 146610
38 39 10346
38 40 3720
38 41 7121
38 42 4971
38 43 11578
38 44 1800
38 45 4919
38 46 2166
38 47 4390
38 48 3781
38 49 5968
38 50 4189
38 51 54570
38 52 5864
38 53 8133
38 54 5699
38 55 19297
38 56 3700
38 57 10831
38 58 23901
38 59 4303
38 60 6272
38 61 480
38 62 10296
38 63 20175
38 64 2078
38 65 3720
38 66 13478
38 67 8196
38 68 4849
38 69 2776
38 70 2045
38 71 12168
38 72 9885
38 73 2998
38 74 6531
38 75 1950
38 76 43864
38 77 4347
38 78 3936
39 0 6143
39 1 534
39 2 433
39 3 3963
39 4 12744
39 5 3562
39 6 14746
39 7 593
39 8 2092
39 9 21058
39 10 9252
39 11 10807
39 12 3845
39 13 6402
39 14 8880
39 15 2311
39 16 13811
39 17 6216
39 18 4405
39 19 35522
39 20 8835
39 21 8935
39 22 459
39 23 44011
39 24 1301
39 25 13108
39 26 2101
39 27 5613
39 28 6677
39 29 4870
39 30 4925
39 31 11854
39 32 8188
39 33 2528
39 34 20938
39 35 6090
39 36 1783
39 37 2591
39 38 10670
39 39 84887
39 40 6104
39 41 10102
39 42 6381
39 43 6433
39 44 1998
39 45 3932
39 46 1785
39 47 4088
39 48 8093
39 49 6878
39 50 7208
39 51 6799
39 52 4494
39 53 7935
39 54 16469
39 55 9438
39 56 6856
39 57 12529
39 58 4565
39 59 6581
39 60 4683
39 61 498
39 62 6997
39 63 18621
39 64 2667
39 65 4673
39 66 3735
39 67 5466
39 68 5567
39 69 2112
39 70 3357
39 71 28099
39 72 5271
39 73 4187
39 74 21218
39 75 1777
39 76 4609
39 77 4552
39 78 6273
40 0 1859
40 1 653
40 2 146
40 3 5968
40 4 5512
40 5 1954
40 6 8110
40 7 387
40 8 2340
40 9 8143
40 10 3595
40 11 3445
40 12 2095
40 13 2383
40 14 3318
40 15 1915
40 16 4980
40 17 10452
40 18 2530
40 19 6736
40 20 19955
40 21 3729
40 22 596
40 23 6154
40 24 1246
40 25 7398
40 26 1043
40 27 5084
40 28 2642
40 29 4562
40 30 2963
40 31 4225
40 32 2768
40 33 1842
40 34 10664
40 35 3124
40 36 2960
40 37 3018
40 38 4804
40 39 6336
40 40 41190
40 41 3889
40 42 17377
40 43 2663
40 44 3035
40 45 2100
40 46 1008
40 47 2041
40 48 3347
40 49 4847
40 50 11534
40 51 2721
40 52 2016
40 53 2346
40 54 4847
40 55 2909
40 56 8055
40 57 6979
40 58 2246
40 59 1526
40 60 2324
40 61 347
40 62 2878
40 63 4610
40 64 2135
40 65 10286
40 66 1597
40 67 2778
40 68 4839
40 69 1122
40 70 22078
40 71 4496
40 72 2274
40 73 2586
40 74 4801
40 75 903
40 76 1964
40 77 2390
40 78 6084
41 0 2917
41 1 544
41 2 371
41 3 1838
41 4 23840
41 5 4510
41 6 6207
41 7 615
41 8 1124
41 9 6801
41 10 6314
41 11 11055
41 12 5195
41 13 4014
41 14 17205
41 15 2179
41 16 5733
41 17 3496
41 18 5773
41 19 26264
41 20 5149
41 21 8380
41 22 431
41 23 14368
41 24 1298
41 25 10248
41 26 2158
41 27 2955
41 28 2595
41 29 3942
41 30 5906
41 31 13665
41 32 4837
41 33 1735
41 34 7177
41 35 9402
41 36 1716
41 37 1394
41 38 6335
41 39 9577
41 40 4054
41 41 56193
41 42 3653
41 43 3677
41 44 1947
41 45 4068
41 46 1979
41 47 7689
41 48 8777
41 49 7953
41 50 2897
41 51 4262
41 52 4325
41 53 3382
41 54 9426
41 55 5191
41 56 3408
41 57 5670
41 58 3184
41 59 6760
41 60 6874
41 61 324
41 62 8042
41 63 8717
41 64 2344
41 65 3917
41 66 2031
41 67 7102
41 68 2521
41 69 3380
41 70 1422
41 71 7961
41 72 5644
41 73 3089
41 74 5095
41 75 2548
41 76 3575
41 77 6839
41 78 3452
42 0 2059
42 1 624
42 2 274
42 3 20243
42 4 6292
42 5 2124
42 6 9179
42 7 624
42 8 2967
42 9 6519
42 10 4354
42 11 3793
42 12 2393
42 13 3214
42 14 4111
42 15 2177
42 16 5312
42 17 8666
42 18 3051
42 19 5760
42 20 15536
42 21 3938
42 22 608
42 23 5540
42 24 1530
42 25 5928
42 26 1164
42 27 5467
42 28 2210
42 29 4318
42 30 3548
42 31 5209
42 32 2949
42 33 1721
42 34 10448
42 35 3759
42 36 3353
42 37 6804
42 38 5339
42 39 6808
42 40 15468
42 41 3700
42 42 68306
42 43 2563
42 44 3941
42 45 2272
42 46 1278
42 47 2968
42 48 3183
42 49 5869
42 50 8425
42 51 3544
42 52 2289
42 53 2391
42 54 5537
42 55 2764
42 56 5577
42 57 6543
42 58 1941
42 59 1720
42 60 2307
42 61 1034
42 62 3517
42 63 5167
42 64 2513
42 65 13814
42 66 1622
42 67 2909
42 68 4143
42 69 1247
42 70 7739
42 71 5430
42 72 2850
42 73 2991
42 74 5136
42 75 1486
42 76 2336
42 77 3059
42 78 6144
43 0 8318
43 1 282
43 2 322
43 3 1647
43 4 3544
43 5 2016
43 6 7080
43 7 211
43 8 912
43 9 4177
43 10 6034
43 11 5060
43 12 1608
43 13 6270
43 14 3125
43 15 1012
43 16 12328
43 17 3838
43 18 2302
43 19 6757
43 20 2844
43 21 5013
43 22 168
43 23 8476
43 24 504
43 25 2812
43 26 979
43 27 2831
43 28 8324
43 29 1465
43 30 1771
43 31 5126
43 32 5037
43 33 895
43 34 10605
43 35 1682
43 36 789
43 37 1339
43 38 9824
43 39 6829
43 40 2940
43 41 2674
43 42 2739
43 43 23320
43 44 889
43 45 1767
43 46 468
43 47 1842
43 48 1929
43 49 3151
43 50 2750
43 51 6334
43 52 2355
43 53 9285
43 54 3417
43 55 5775
43 56 1734
43 57 12397
43 58 8941
43 59 2240
43 60 2057
43 61 203
43 62 4201
43 63 9972
43 64 695
43 65 2456
43 66 2541
43 67 3323
43 68 3606
43 69 1019
43 70 1121
43 71 8734
43 72 3282
43 73 1124
43 74 4845
43 75 1048
43 76 6191
43 77 1491
43 78 2244
44 0 935
44 1 430
44 2 171
44 3 1413
44 4 3362
44 5 1055
44 6 2406
44 7 465
44 8 2042
44 9 2418
44 10 1379
44 11 1396
44 12 1238
44 13 1050
44 14 2284
44 15 1383
44 16 1711
44 17 1684
44 18 908
44 19 2567
44 20 3978
44 21 1328
44 22 191
44 23 1763
44 24 1535
44 25 3018
44 26 371
44 27 1279
44 28 818
44 29 2258
44 30 2116
44 31 1590
44 32 1311
44 33 1354
44 34 3053
44 35 1937
44 36 3729
44 37 1267
44 38 1449
44 39 1984
44 40 2453
44 41 1859
44 42 3635
44 43 798
44 44 4514
44 45 1176
44 46 641
44 47 1569
44 48 1476
44 49 3229
44 50 1845
44 51 1216
44 52 1104
44 53 757
44 54 1799
44 55 1401
44 56 1866
44 57 1719
44 58 788
44 59 452
44 60 943
44 61 842
44 62 1240
44 63 1569
44 64 2205
44 65 7229
44 66 650
44 67 1035
44 68 911
44 69 449
44 70 1586
44 71 1446
44 72 976
44 73 1830
44 74 1249
44 75 537
44 76 786
44 77 947
44 78 4394
45 0 1778
45 1 328
45 2 1349
45 3 1005
45 4 5929
45 5 5547
45 6 3096
45 7 730
45 8 830
45 9 2616
45 10 4869
45 11 4867
45 12 6032
45 13 3034
45 14 10022
45 15 1907
45 16 3300
45 17 1859
45 18 18474
45 19 5086
45 20 3331
45 21 5366
45 22 317
45 23 4949
45 24 721
45 25 4246
45 26 1597
45 27 1356
45 28 1258
45 29 1910
45 30 5278
45 31 8080
45 32 3140
45 33 961
45 34 4529
45 35 5361
45 36 1045
45 37 704
45 38 4884
45 39 3735
45 40 2008
45 41 3865
45 42 2443
45 43 1802
45 44 952
45 45 28344
45 46 5587
45 47 6429
45 48 2313
45 49 5176
45 50 1801
45 51 3180
45 52 14253
45 53 1172
45 54 2983
45 55 3760
45 56 1371
45 57 1984
45 58 1767
45 59 1761
45 60 7181
45 61 226
45 62 7870
45 63 4089
45 64 1496
45 65 2066
45 66 2240
45 67 9738
45 68 1277
45 69 7255
45 70 1017
45 71 3481
45 72 4238
45 73 2280
45 74 2126
45 75 5143
45 76 2204
45 77 5808
45 78 2155
46 0 564
46 1 209
46 2 758
46 3 476
46 4 3410
46 5 2086
46 6 1463
46 7 384
46 8 419
46 9 1408
46 10 1966
46 11 1876
46 12 5207
46 13 1111
46 14 3831
46 15 901
46 16 1196
46 17 857
46 18 4749
46 19 2421
46 20 1119
46 21 2589
46 22 176
46 23 1745
46 24 499
46 25 1854
46 26 1923
46 27 792
46 28 568
46 29 1255
46 30 3900
46 31 4052
46 32 926
46 33 1045
46 34 1830
46 35 2488
46 36 651
46 37 405
46 38 2262
46 39 1667
46 40 1027
46 41 1867
46 42 1384
46 43 754
46 44 676
46 45 7861
46 46 4537
46 47 3639
46 48 1031
46 49 2973
46 50 843
46 51 966
46 52 3893
46 53 671
46 54 1747
46 55 1156
46 56 726
46 57 1470
46 58 995
46 59 818
46 60 2904
46 61 161
46 62 2561
46 63 1549
46 64 715
46 65 1138
46 66 1302
46 67 3741
46 68 818
46 69 3543
46 70 580
46 71 1387
46 72 2021
46 73 1098
46 74 1246
46 75 4990
46 76 1255
46 77 3190
46 78 1015
47 0 1717
47 1 276
47 2 310
47 3 1202
47 4 17870
47 5 3549
47 6 2758
47 7 642
47 8 1065
47 9 2642
47 10 4908
47 11 5955
47 12 9592
47 13 2755
47 14 19408
47 15 1707
47 16 2952
47 17 2021
47 18 6296
47 19 7382
47 20 3033
47 21 4558
47 22 413
47 23 5135
47 24 996
47 25 5226
47 26 2481
47 27 1634
47 28 1847
47 29 2377
47 30 8225
47 31 9697
47 32 3856
47 33 1161
47 34 3952
47 35 13240
47 36 1438
47 37 792
47 38 3957
47 39 4471
47 40 3118
47 41 6630
47 42 2454
47 43 2107
47 44 1341
47 45 5878
47 46 2112
47 47 33529
47 48 3827
47 49 8245
47 50 1910
47 51 3352
47 52 5297
47 53 1225
47 54 3898
47 55 3116
47 56 1936
47 57 2908
47 58 1803
47 59 2226
47 60 8480
47 61 343
47 62 5771
47 63 4254
47 64 1741
47 65 2591
47 66 2264
47 67 6142
47 68 1836
47 69 3852
47 70 1346
47 71 3418
47 72 3191
47 73 4431
47 74 2476
47 75 4333
47 76 1975
47 77 9131
47 78 2524
48 0 1919
48 1 306
48 2 238
48 3 1214
48 4 15404
48 5 2338
48 6 3794
48 7 572
48 8 1453
48 9 5219
48 10 4353
48 11 4411
48 12 2905
48 13 2444
48 14 5943
48 15 1975
48 16 3825
48 17 2490
48 18 2952
48 19 12952
48 20 4983
48 21 3897
48 22 353
48 23 7811
48 24 951
48 25 18235
48 26 940
48 27 1725
48 28 1396
48 29 4628
48 30 4212
48 31 6406
48 32 2713
48 33 1551
48 34 5223
48 35 5243
48 36 1311
48 37 1062
48 38 3595
48 39 7336
48 40 3698
48 41 8427
48 42 3617
48 43 2537
48 44 1179
48 45 2145
48 46 1174
48 47 3763
48 48 19140
48 49 5546
48 50 3840
48 51 2263
48 52 2520
48 53 1770
48 54 11052
48 55 3247
48 56 4125
48 57 3228
48 58 1692
48 59 2115
48 60 2658
48 61 333
48 62 2833
48 63 3890
48 64 1785
48 65 3074
48 66 1417
48 67 3000
48 68 2040
48 69 1943
48 70 1496
48 71 4241
48 72 2507
48 73 3560
48 74 3987
48 75 1652
48 76 1958
48 77 2906
48 78 3320
49 0 2322
49 1 1423
49 2 773
49 3 2692
49 4 17712
49 5 3185
49 6 5848
49 7 3169
49 8 3142
49 9 4928
49 10 4875
49 11 5653
49 12 7484
49 13 3747
49 14 10120
49 15 11835
49 16 4815
49 17 4080
49 18 5386
49 19 9343
49 20 6792
49 21 5804
49 22 2350
49 23 7483
49 24 4270
49 25 9319
49 26 6181
49 27 2751
49 28 2059
49 29 7208
49 30 31666
49 31 8663
49 32 4539
49 33 10543
49 34 7093
49 35 18912
49 36 3971
49 37 1637
49 38 5805
49 39 6565
49 40 4611
49 41 8300
49 42 5356
49 43 2672
49 44 2942
49 45 5558
49 46 3072
49 47 9056
49 48 5489
49 49 92705
49 50 4018
49 51 3830
49 52 5282
49 53 2275
49 54 6628
49 55 4166
49 56 3547
49 57 4945
49 58 2248
49 59 2463
49 60 4553
49 61 1239
49 62 6184
49 63 5261
49 64 7404
49 65 5551
49 66 2170
49 67 6559
49 68 2981
49 69 4068
49 70 2450
49 71 5270
49 72 4072
49 73 14929
49 74 4269
49 75 3556
49 76 2356
49 77 13976
49 78 5813
50 0 1958
50 1 303
50 2 148
50 3 4117
50 4 5649
50 5 1671
50 6 11820
50 7 434
50 8 1127
50 9 8372
50 10 3858
50 11 3954
50 12 1918
50 13 2673
50 14 3253
50 15 1405
50 16 5511
50 17 11438
50 18 1788
50 19 7630
50 20 10697
50 21 2937
50 22 497
50 23 6060
50 24 1049
50 25 7163
50 26 1015
50 27 4940
50 28 2655
50 29 2676
50 30 2870
50 31 4399
50 32 2631
50 33 1404
50 34 16530
50 35 2647
50 36 1844
50 37 1824
50 38 5167
50 39 8614
50 40 12013
50 41 3335
50 42 7783
50 43 2883
50 44 1625
50 45 1869
50 46 872
50 47 2087
50 48 3401
50 49 3799
50 50 20120
50 51 2832
50 52 1935
50 53 3364
50 54 6305
50 55 3167
50 56 6975
50 57 8741
50 58 1928
50 59 1701
50 60 1971
50 61 424
50 62 2596
50 63 3711
50 64 2015
50 65 6507
50 66 1469
50 67 2491
50 68 6634
50 69 1066
50 70 7048
50 71 6371
50 72 2116
50 73 2419
50 74 7461
50 75 1043
50 76 1879
50 77 2163
50 78 3901
51 0 5117
51 1 425
51 2 490
51 3 1621
51 4 6247
51 5 4044
51 6 6792
51 7 430
51 8 972
51 9 4064
51 10 46445
51 11 8233
51 12 2363
51 13 46791
51 14 4845
51 15 1280
51 16 6376
51 17 3543
51 18 3577
51 19 7794
51 20 3169
51 21 12594
51 22 249
51 23 9072
51 24 814
51 25 3896
51 26 1133
51 27 2688
51 28 2847
51 29 2069
51 30 2904
51 31 9667
51 32 10053
51 33 1184
51 34 7471
51 35 3134
51 36 1092
51 37 1327
51 38 51944
51 39 5773
51 40 2791
51 41 3856
51 42 3090
51 43 6354
51 44 1295
51 45 3965
51 46 1150
51 47 3243
51 48 2491
51 49 4321
51 50 2865
51 51 97646
51 52 4697
51 53 4446
51 54 3532
51 55 9768
51 56 2785
51 57 5762
51 58 14245
51 59 2720
51 60 3753
51 61 311
51 62 8395
51 63 10203
51 64 1227
51 65 2547
51 66 9927
51 67 5508
51 68 2885
51 69 1502
51 70 1340
51 71 7165
51 72 7862
51 73 2092
51 74 3688
51 75 1556
51 76 12795
51 77 2461
51 78 2255
52 0 1788
52 1 330
52 2 1025
52 3 1370
52 4 6880
52 5 18212
52 6 3599
52 7 635
52 8 539
52 9 2768
52 10 6279
52 11 8282
52 12 5893
52 13 4102
52 14 11499
52 15 1218
52 16 3231
52 17 1853
52 18 23824
52 19 5242
52 20 2523
52 21 8193
52 22 232
52 23 4892
52 24 633
52 25 3670
52 26 2149
52 27 1655
52 28 1798
52 29 1875
52 30 4720
52 31 14262
52 32 4574
52 33 1085
52 34 3721
52 35 4696
52 36 924
52 37 753
52 38 6217
52 39 4251
52 40 2322
52 41 4929
52 42 2732
52 43 2048
52 44 1110
52 45 14806
52 46 3323
52 47 6128
52 48 2338
52 49 5113
52 50 1931
52 51 4063
52 52 55003
52 53 1941
52 54 2634
52 55 4356
52 56 1287
52 57 3592
52 58 2368
52 59 2040
52 60 9236
52 61 238
52 62 11996
52 63 5275
52 64 1251
52 65 1917
52 66 3492
52 67 26335
52 68 1509
52 69 5724
52 70 1012
52 71 3113
52 72 7808
52 73 1775
52 74 1981
52 75 3230
52 76 2900
52 77 4127
52 78 2100
53 0 5572
53 1 164
53 2 334
53 3 1822
53 4 3101
53 5 1996
53 6 6750
53 7 373
53 8 769
53 9 3907
53 10 6256
53 11 4731
53 12 1537
53 13 5600
53 14 3449
53 15 907
53 16 12714
53 17 3137
53 18 1839
53 19 6292
53 20 2565
53 21 4718
53 22 164
53 23 9717
53 24 623
53 25 3920
53 26 772
53 27 2038
53 28 6276
53 29 1351
53 30 1238
53 31 4686
53 32 4464
53 33 856
53 34 10677
53 35 2684
53 36 589
53 37 1118
53 38 6669
53 39 8678
53 40 2701
53 41 3337
53 42 2421
53 43 8887
53 44 837
53 45 1461
53 46 969
53 47 2078
53 48 2160
53 49 2436
53 50 2630
53 51 4450
53 52 1957
53 53 14966
53 54 4262
53 55 5810
53 56 2122
53 57 8843
53 58 4512
53 59 1961
53 60 1884
53 61 138
53 62 2406
53 63 15927
53 64 790
53 65 1856
53 66 2213
53 67 2997
53 68 2087
53 69 862
53 70 977
53 71 17465
53 72 2945
53 73 1048
53 74 5344
53 75 935
53 76 4223
53 77 1769
53 78 1250
54 0 3168
54 1 179
54 2 443
54 3 2524
54 4 12428
54 5 3344
54 6 8781
54 7 532
54 8 2008
54 9 17857
54 10 5546
54 11 6020
54 12 3109
54 13 4118
54 14 7487
54 15 2396
54 16 7293
54 17 4672
54 18 3840
54 19 29143
54 20 8734
54 21 5752
54 22 403
54 23 13550
54 24 1251
54 25 23818
54 26 1564
54 27 3269
54 28 3608
54 29 4352
54 30 5596
54 31 8428
54 32 5013
54 33 1698
54 34 12859
54 35 4755
54 36 2478
54 37 2063
54 38 5744
54 39 17546
54 40 5693
54 41 8647
54 42 5439
54 43 3622
54 44 2331
54 45 2996
54 46 1576
54 47 4397
54 48 13158
54 49 6213
54 50 6517
54 51 3279
54 52 3352
54 53 3392
54 54 43858
54 55 5382
54 56 9039
54 57 6881
54 58 2867
54 59 5712
54 60 4091
54 61 517
54 62 5706
54 63 8566
54 64 2585
54 65 6011
54 66 2265
54 67 4743
54 68 3620
54 69 2049
54 70 2849
54 71 9210
54 72 3255
54 73 4323
54 74 10556
54 75 1903
54 76 2728
54 77 3905
54 78 5385
55 0 8357
55 1 328
55 2 491
55 3 1484
55 4 6107
55 5 4686
55 6 6976
55 7 323
55 8 970
55 9 4822
55 10 16337
55 11 15407
55 12 2817
55 13 9551
55 14 6356
55 15 1338
55 16 7245
55 17 3435
55 18 4026
55 19 10943
55 20 4140
55 21 16767
55 22 356
55 23 17294
55 24 350
55 25 4076
55 26 1245
55 27 2742
55 28 3462
55 29 1897
55 30 2937
55 31 12856
55 32 26583
55 33 1233
55 34 9148
55 35 3590
55 36 1128
55 37 1366
55 38 19871
55 39 10773
55 40 3209
55 41 5771
55 42 3225
55 43 5871
55 44 1017
55 45 3572
55 46 971
55 47 2657
55 48 2698
55 49 4283
55 50 2800
55 51 10073
55 52 4088
55 53 6727
55 54 5080
55 55 52431
55 56 2260
55 57 6392
55 58 6759
55 59 6068
55 60 4544
55 61 223
55 62 8453
55 63 18626
55 64 913
55 65 2901
55 66 7228
55 67 5179
55 68 2781
55 69 2229
55 70 1420
55 71 7683
55 72 7610
55 73 2609
55 74 4275
55 75 1708
55 76 12118
55 77 3047
55 78 2526
56 0 1987
56 1 433
56 2 284
56 3 1954
56 4 5704
56 5 1683
56 6 6044
56 7 255
56 8 1488
56 9 9491
56 10 3101
56 11 2879
56 12 1997
56 13 2040
56 14 3580
56 15 1687
56 16 3655
56 17 5310
56 18 1839
56 19 6588
56 20 12099
56 21 2640
56 22 345
56 23 5513
56 24 1070
56 25 10759
56 26 1160
56 27 2547
56 28 1822
56 29 3073
56 30 2774
56 31 3731
56 32 2155
56 33 627
56 34 8608
56 35 2880
56 36 1951
56 37 1996
56 38 3502
56 39 6647
56 40 6200
56 41 2984
56 42 5934
56 43 1643
56 44 1701
56 45 1544
56 46 984
56 47 2067
56 48 4958
56 49 3842
56 50 8624
56 51 2149
56 52 1241
56 53 2102
56 54 6572
56 55 3078
56 56 10518
56 57 4475
56 58 1946
56 59 1577
56 60 1740
56 61 525
56 62 2327
56 63 3659
56 64 2587
56 65 6270
56 66 1194
56 67 2148
56 68 2620
56 69 838
56 70 3444
56 71 4222
56 72 1807
56 73 2900
56 74 6090
56 75 961
56 76 1769
56 77 1869
56 78 6473
57 0 5709
57 1 430
57 2 254
57 3 3365
57 4 6530
57 5 2884
57 6 50708
57 7 701
57 8 1294
57 9 10831
57 10 7651
57 11 6326
57 12 2705
57 13 7319
57 14 5296
57 15 1754
57 16 37381
57 17 9993
57 18 3576
57 19 11363
57 20 6342
57 21 5390
57 22 449
57 23 12383
57 24 1022
57 25 6542
57 26 1224
57 27 8313
57 28 19449
57 29 3131
57 30 3476
57 31 7059
57 32 5941
57 33 1448
57 34 43219
57 35 3639
57 36 1333
57 37 2873
57 38 10259
57 39 13021
57 40 7177
57 41 4952
57 42 7308
57 43 11332
57 44 1954
57 45 2983
57 46 1274
57 47 2257
57 48 3539
57 49 5092
57 50 8740
57 51 5637
57 52 3144
57 53 10693
57 54 7368
57 55 6522
57 56 4463
57 57 97638
57 58 4890
57 59 2969
57 60 2954
57 61 400
57 62 5667
57 63 10991
57 64 1821
57 65 5401
57 66 3563
57 67 4279
57 68 12708
57 69 1591
57 70 2539
57 71 15436
57 72 3540
57 73 2873
57 74 13164
57 75 1528
57 76 5452
57 77 3312
57 78 3990
58 0 8170
58 1 200
58 2 245
58 3 1260
58 4 2976
58 5 2019
58 6 4738
58 7 178
58 8 547
58 9 3292
58 10 10472
58 11 4496
58 12 1454
58 13 24447
58 14 3477
58 15 1001
58 16 5382
58 17 3162
58 18 2111
58 19 4955
58 20 2357
58 21 6240
58 22 260
58 23 6619
58 24 452
58 25 2831
58 26 875
58 27 1808
58 28 4247
58 29 1220
58 30 1821
58 31 5544
58 32 5861
58 33 787
58 34 6323
58 35 1709
58 36 671
58 37 1090
58 38 25690
58 39 5165
58 40 2077
58 41 2853
58 42 2358
58 43 8613
58 44 822
58 45 2065
58 46 963
58 47 1793
58 48 2392
58 49 2573
58 50 2191
58 51 12986
58 52 2191
58 53 4467
58 54 2861
58 55 6019
58 56 1345
58 57 4941
58 58 32160
58 59 1663
58 60 2224
58 61 191
58 62 4479
58 63 7699
58 64 968
58 65 2181
58 66 3921
58 67 2857
58 68 1936
58 69 951
58 70 1131
58 71 5464
58 72 3685
58 73 1353
58 74 2546
58 75 868
58 76 10652
58 77 1902
58 78 1544
59 0 2644
59 1 280
59 2 269
59 3 664
59 4 6044
59 5 1667
59 6 2992
59 7 151
59 8 383
59 9 3285
59 10 4953
59 11 10565
59 12 1791
59 13 3381
59 14 5089
59 15 1014
59 16 3777
59 17 1661
59 18 2617
59 19 13075
59 20 2539
59 21 5930
59 22 232
59 23 15666
59 24 421
59 25 3020
59 26 1040
59 27 1114
59 28 1468
59 29 1449
59 30 2102
59 31 11210
59 32 5136
59 33 643
59 34 4187
59 35 2805
59 36 867
59 37 766
59 38 4404
59 39 7448
59 40 1606
59 41 5462
59 42 1775
59 43 2220
59 44 463
59 45 1285
59 46 1109
59 47 2701
59 48 3056
59 49 2308
59 50 1510
59 51 3255
59 52 2212
59 53 2612
59 54 4415
59 55 5299
59 56 1909
59 57 2986
59 58 2011
59 59 5169
59 60 3104
59 61 285
59 62 4096
59 63 4901
59 64 1097
59 65 1948
59 66 1841
59 67 4162
59 68 1084
59 69 1030
59 70 918
59 71 5202
59 72 3175
59 73 923
59 74 2780
59 75 978
59 76 2462
59 77 1956
59 78 1505
60 0 2180
60 1 323
60 2 630
60 3 1193
60 4 9147
60 5 7607
60 6 3625
60 7 330
60 8 989
60 9 2839
60 10 5279
60 11 8724
60 12 6996
60 13 3796
60 14 24870
60 15 1619
60 16 3143
60 17 1958
60 18 17755
60 19 8085
60 20 3107
60 21 7535
60 22 267
60 23 6331
60 24 864
60 25 4848
60 26 1941
60 27 1496
60 28 1506
60 29 1654
60 30 4366
60 31 18134
60 32 5249
60 33 1576
60 34 4943
60 35 5984
60 36 1155
60 37 719
60 38 6235
60 39 5494
60 40 2113
60 41 8133
60 42 2017
60 43 2093
60 44 1241
60 45 7481
60 46 3187
60 47 8422
60 48 2607
60 49 5819
60 50 1963
60 51 3384
60 52 10135
60 53 1641
60 54 3234
60 55 4503
60 56 1950
60 57 3411
60 58 2029
60 59 2507
60 60 40012
60 61 244
60 62 9225
60 63 5168
60 64 1332
60 65 2244
60 66 2586
60 67 16541
60 68 1386
60 69 4573
60 70 1170
60 71 3723
60 72 5506
60 73 2158
60 74 2645
60 75 2648
60 76 3060
60 77 4832
60 78 2324
61 0 236
61 1 234
61 2 76
61 3 449
61 4 584
61 5 258
61 6 536
61 7 23
61 8 275
61 9 532
61 10 468
61 11 481
61 12 523
61 13 430
61 14 618
61 15 292
61 16 470
61 17 321
61 18 402
61 19 571
61 20 603
61 21 501
61 22 381
61 23 664
61 24 603
61 25 983
61 26 261
61 27 307
61 28 123
61 29 374
61 30 695
61 31 582
61 32 275
61 33 283
61 34 706
61 35 658
61 36 460
61 37 275
61 38 398
61 39 651
61 40 829
61 41 455
61 42 737
61 43 239
61 44 703
61 45 358
61 46 179
61 47 244
61 48 280
61 49 1044
61 50 581
61 51 394
61 52 368
61 53 236
61 54 494
61 55 332
61 56 314
61 57 277
61 58 315
61 59 253
61 60 265
61 61 0
61 62 425
61 63 451
61 64 404
61 65 362
61 66 154
61 67 380
61 68 266
61 69 154
61 70 181
61 71 390
61 72 292
61 73 492
61 74 398
61 75 246
61 76 262
61 77 471
61 78 970
62 0 3503
62 1 365
62 2 439
62 3 1905
62 4 8437
62 5 22830
62 6 5665
62 7 601
62 8 1014
62 9 3841
62 10 13441
62 11 14062
62 12 4785
62 13 8063
62 14 14075
62 15 2005
62 16 4937
62 17 2544
62 18 9360
62 19 9308
62 20 3906
62 21 33562
62 22 447
62 23 10060
62 24 737
62 25 4671
62 26 1899
62 27 2812
62 28 2452
62 29 2559
62 30 4844
62 31 36651
62 32 10509
62 33 1476
62 34 7192
62 35 5194
62 36 1279
62 37 1288
62 38 11368
62 39 7096
62 40 3089
62 41 6641
62 42 3345
62 43 3896
62 44 1332
62 45 8440
62 46 2650
62 47 5394
62 48 3414
62 49 5385
62 50 3132
62 51 9427
62 52 13788
62 53 3279
62 54 4326
62 55 8732
62 56 2626
62 57 4842
62 58 4485
62 59 5357
62 60 11370
62 61 498
62 62 77291
62 63 9169
62 64 1579
62 65 3351
62 66 8316
62 67 22625
62 68 2107
62 69 3869
62 70 1599
62 71 6318
62 72 34186
62 73 2952
62 74 3592
62 75 3164
62 76 4927
62 77 4646
62 78 2751
63 0 13491
63 1 579
63 2 576
63 3 2257
63 4 8958
63 5 4533
63 6 9666
63 7 539
63 8 1347
63 9 7145
63 10 14339
63 11 13577
63 12 2987
63 13 10578
63 14 7848
63 15 1710
63 16 13673
63 17 5978
63 18 5057
63 19 17544
63 20 5837
63 21 12844
63 22 523
63 23 32833
63 24 896
63 25 6205
63 26 1421
63 27 4090
63 28 6330
63 29 3099
63 30 4265
63 31 13701
63 32 15170
63 33 1325
63 34 15035
63 35 3554
63 36 1379
63 37 1528
63 38 18988
63 39 17394
63 40 4201
63 41 7020
63 42 4699
63 43 10235
63 44 1520
63 45 3772
63 46 1482
63 47 3556
63 48 5603
63 49 5475
63 50 4554
63 51 11238
63 52 3870
63 53 16499
63 54 8111
63 55 23312
63 56 3364
63 57 9700
63 58 9101
63 59 5840
63 60 4507
63 61 287
63 62 8762
63 63 92842
63 64 1950
63 65 3446
63 66 7800
63 67 6517
63 68 4781
63 69 2105
63 70 2993
63 71 22904
63 72 7112
63 73 2213
63 74 9024
63 75 1666
63 76 13844
63 77 3838
63 78 3479
64 0 767
64 1 491
64 2 179
64 3 1534
64 4 4349
64 5 897
64 6 2716
64 7 465
64 8 1813
64 9 2328
64 10 1891
64 11 1925
64 12 1846
64 13 1001
64 14 2695
64 15 2877
64 16 1607
64 17 1632
64 18 1378
64 19 3049
64 20 3216
64 21 1458
64 22 622
64 23 2898
64 24 2255
64 25 4825
64 26 1132
64 27 1147
64 28 735
64 29 7376
64 30 3495
64 31 2506
64 32 1136
64 33 2064
64 34 2913
64 35 2647
64 36 3521
64 37 765
64 38 1891
64 39 2329
64 40 2756
64 41 2294
64 42 3194
64 43 955
64 44 2644
64 45 964
64 46 614
64 47 1476
64 48 2351
64 49 6028
64 50 1657
64 51 1109
64 52 1252
64 53 1029
64 54 2228
64 55 1522
64 56 2047
64 57 1516
64 58 933
64 59 1137
64 60 1238
64 61 659
64 62 1770
64 63 1974
64 64 4507
64 65 4402
64 66 731
64 67 1425
64 68 1441
64 69 866
64 70 974
64 71 1623
64 72 881
64 73 5501
64 74 1680
64 75 846
64 76 953
64 77 2086
64 78 4646
65 0 1691
65 1 711
65 2 342
65 3 4564
65 4 5947
65 5 1769
65 6 6475
65 7 427
65 8 6638
65 9 5012
65 10 3277
65 11 3839
65 12 2413
65 13 3016
65 14 3633
65 15 2511
65 16 3782
65 17 5611
65 18 2506
65 19 5675
65 20 22492
65 21 3075
65 22 676
65 23 5416
65 24 1757
65 25 6901
65 26 1330
65 27 3569
65 28 2289
65 29 5471
65 30 4382
65 31 4903
65 32 2683
65 33 1882
65 34 7559
65 35 4457
65 36 4184
65 37 2521
65 38 4926
65 39 5274
65 40 11705
65 41 4840
65 42 12814
65 43 2361
65 44 5198
65 45 2262
65 46 900
65 47 2816
65 48 3006
65 49 6886
65 50 5842
65 51 2637
65 52 2133
65 53 2384
65 54 6132
65 55 2672
65 56 6612
65 57 4589
65 58 1626
65 59 1418
65 60 2488
65 61 867
65 62 2840
65 63 3757
65 64 4041
65 65 24445
65 66 1338
65 67 2843
65 68 3041
65 69 992
65 70 4512
65 71 3453
65 72 2067
65 73 3694
65 74 4282
65 75 1191
65 76 1932
65 77 3412
65 78 13793
66 0 2573
66 1 287
66 2 250
66 3 611
66 4 3661
66 5 3362
66 6 3428
66 7 224
66 8 395
66 9 2198
66 10 20844
66 11 8081
66 12 2159
66 13 5987
66 14 4380
66 15 860
66 16 3259
66 17 1911
66 18 2763
66 19 4164
66 20 1630
66 21 17136
66 22 242
66 23 5886
66 24 507
66 25 2797
66 26 712
66 27 1169
66 28 1632
66 29 1355
66 30 2075
66 31 7417
66 32 13712
66 33 771
66 34 3633
66 35 2132
66 36 531
66 37 497
66 38 15064
66 39 4427
66 40 1228
66 41 2543
66 42 1789
66 43 2510
66 44 620
66 45 1951
66 46 1143
66 47 1912
66 48 1746
66 49 2468
66 50 1418
66 51 8896
66 52 3232
66 53 1972
66 54 2026
66 55 8148
66 56 959
66 57 3002
66 58 3569
66 59 2176
66 60 2873
66 61 362
66 62 8205
66 63 6689
66 64 888
66 65 1517
66 66 33278
66 67 5573
66 68 1452
66 69 1563
66 70 725
66 71 4094
66 72 8817
66 73 1078
66 74 1817
66 75 636
66 76 5901
66 77 2161
66 78 1244
67 0 2882
67 1 284
67 2 1012
67 3 1434
67 4 9849
67 5 20341
67 6 4563
67 7 482
67 8 988
67 9 4226
67 10 7390
67 11 10442
67 12 5484
67 13 5144
67 14 17612
67 15 1823
67 16 3547
67 17 2591
67 18 23243
67 19 9275
67 20 2778
67 21 12422
67 22 310
67 23 7751
67 24 860
67 25 5187
67 26 1889
67 27 2251
67 28 2116
67 29 2681
67 30 5661
67 31 30962
67 32 7131
67 33 1551
67 34 6085
67 35 6023
67 36 1324
67 37 1218
67 38 8179
67 39 6057
67 40 2691
67 41 8080
67 42 3121
67 43 2837
67 44 1121
67 45 10293
67 46 3740
67 47 6858
67 48 3640
67 49 6233
67 50 2015
67 51 5287
67 52 23220
67 53 3014
67 54 4207
67 55 5752
67 56 2319
67 57 4350
67 58 3162
67 59 3081
67 60 19112
67 61 554
67 62 22796
67 63 6767
67 64 1548
67 65 2367
67 66 3862
67 67 72239
67 68 2154
67 69 6505
67 70 1617
67 71 4324
67 72 10660
67 73 2700
67 74 3256
67 75 3079
67 76 4079
67 77 5695
67 78 2922
68 0 2311
68 1 245
68 2 111
68 3 3690
68 4 3511
68 5 1377
68 6 27642
68 7 182
68 8 766
68 9 5219
68 10 3149
68 11 2727
68 12 1431
68 13 3139
68 14 2594
68 15 1140
68 16 7489
68 17 16240
68 18 1572
68 19 5363
68 20 4755
68 21 2979
68 22 160
68 23 5118
68 24 497
68 25 3948
68 26 707
68 27 30429
68 28 3901
68 29 1642
68 30 1882
68 31 4270
68 32 2690
68 33 901
68 34 15960
68 35 2495
68 36 1356
68 37 4336
68 38 4431
68 39 6306
68 40 4801
68 41 2550
68 42 5086
68 43 3110
68 44 971
68 45 1434
68 46 726
68 47 1596
68 48 1831
68 49 2640
68 50 6891
68 51 2624
68 52 1447
68 53 2394
68 54 3998
68 55 2334
68 56 3200
68 57 11835
68 58 2623
68 59 1257
68 60 1747
68 61 235
68 62 1956
68 63 4469
68 64 1101
68 65 3586
68 66 1245
68 67 2219
68 68 36098
68 69 800
68 70 3226
68 71 5186
68 72 2348
68 73 1554
68 74 4140
68 75 810
68 76 2416
68 77 1698
68 78 2602
69 0 809
69 1 158
69 2 637
69 3 636
69 4 5074
69 5 3011
69 6 1482
69 7 580
69 8 456
69 9 1548
69 10 2250
69 11 3214
69 12 8232
69 13 1802
69 14 7181
69 15 974
69 16 1481
69 17 1110
69 18 7852
69 19 3415
69 20 1512
69 21 3143
69 22 323
69 23 2660
69 24 610
69 25 2161
69 26 1490
69 27 834
69 28 848
69 29 1322
69 30 3059
69 31 4590
69 32 1965
69 33 1065
69 34 2053
69 35 3503
69 36 805
69 37 453
69 38 2534
69 39 2810
69 40 1158
69 41 2601
69 42 1195
69 43 1023
69 44 668
69 45 7966
69 46 3030
69 47 6889
69 48 1335
69 49 4261
69 50 1130
69 51 1667
69 52 4346
69 53 1093
69 54 1958
69 55 1622
69 56 920
69 57 1738
69 58 960
69 59 1415
69 60 4945
69 61 284
69 62 3954
69 63 2179
69 64 983
69 65 1249
69 66 1023
69 67 5065
69 68 802
69 69 7286
69 70 580
69 71 1578
69 72 2575
69 73 1371
69 74 1138
69 75 3024
69 76 1329
69 77 4554
69 78 1349
70 0 788
70 1 234
70 2 128
70 3 4464
70 4 2572
70 5 877
70 6 4251
70 7 86
70 8 809
70 9 4222
70 10 1946
70 11 1815
70 12 1261
70 13 2084
70 14 1794
70 15 564
70 16 3170
70 17 8638
70 18 1106
70 19 3313
70 20 7333
70 21 1360
70 22 195
70 23 2710
70 24 791
70 25 4455
70 26 441
70 27 3829
70 28 1426
70 29 1411
70 30 1316
70 31 2097
70 32 1385
70 33 738
70 34 6748
70 35 1565
70 36 945
70 37 2566
70 38 2725
70 39 2784
70 40 12224
70 41 1757
70 42 8356
70 43 1476
70 44 990
70 45 1076
70 46 577
70 47 1211
70 48 1398
70 49 2030
70 50 4462
70 51 1296
70 52 1094
70 53 944
70 54 2400
70 55 1219
70 56 3682
70 57 3624
70 58 1235
70 59 994
70 60 1208
70 61 276
70 62 1265
70 63 2159
70 64 990
70 65 3849
70 66 959
70 67 1438
70 68 3248
70 69 404
70 70 19659
70 71 2726
70 72 1122
70 73 1499
70 74 2413
70 75 593
70 76 893
70 77 931
70 78 2727
71 0 6124
71 1 468
71 2 516
71 3 2867
71 4 8018
71 5 3648
71 6 13292
71 7 583
71 8 1365
71 9 10135
71 10 8653
71 11 9063
71 12 2880
71 13 7675
71 14 6904
71 15 1847
71 16 30668
71 17 6289
71 18 3588
71 19 17647
71 20 5337
71 21 7438
71 22 455
71 23 30690
71 24 1229
71 25 8091
71 26 1435
71 27 4918
71 28 9068
71 29 2751
71 30 2843
71 31 8738
71 32 6928
71 33 1481
71 34 22294
71 35 3684
71 36 1450
71 37 2167
71 38 10120
71 39 21298
71 40 4817
71 41 7174
71 42 4714
71 43 9773
71 44 1933
71 45 3119
71 46 1476
71 47 3258
71 48 4561
71 49 4693
71 50 6152
71 51 7375
71 52 3702
71 53 18024
71 54 9151
71 55 10727
71 56 4732
71 57 17419
71 58 5355
71 59 3972
71 60 4027
71 61 347
71 62 6367
71 63 28541
71 64 1960
71 65 3836
71 66 4033
71 67 5488
71 68 5063
71 69 1396
71 70 2100
71 71 65889
71 72 4842
71 73 2547
71 74 15249
71 75 1748
71 76 6316
71 77 2996
71 78 3320
72 0 3607
72 1 312
72 2 419
72 3 1351
72 4 5723
72 5 9122
72 6 4393
72 7 601
72 8 582
72 9 3135
72 10 15153
72 11 9492
72 12 2768
72 13 6647
72 14 6965
72 15 1345
72 16 3639
72 17 2341
72 18 5792
72 19 6283
72 20 2826
72 21 33716
72 22 400
72 23 7126
72 24 664
72 25 3727
72 26 932
72 27 1825
72 28 1865
72 29 1805
72 30 2936
72 31 18957
72 32 12832
72 33 1119
72 34 5375
72 35 3161
72 36 878
72 37 1033
72 38 11825
72 39 5296
72 40 2163
72 41 5514
72 42 2573
72 43 3078
72 44 844
72 45 4704
72 46 1840
72 47 3140
72 48 2675
72 49 4639
72 50 2133
72 51 8543
72 52 6528
72 53 2794
72 54 3703
72 55 8029
72 56 2043
72 57 4615
72 58 4000
72 59 3349
72 60 5940
72 61 277
72 62 32558
72 63 6749
72 64 919
72 65 1954
72 66 10500
72 67 9407
72 68 1720
72 69 2803
72 70 1310
72 71 5190
72 72 73222
72 73 2007
72 74 2627
72 75 1677
72 76 4148
72 77 3344
72 78 2010
73 0 1247
73 1 458
73 2 364
73 3 1572
73 4 10127
73 5 1507
73 6 3033
73 7 672
73 8 1556
73 9 3139
73 10 2655
73 11 2827
73 12 3206
73 13 1669
73 14 4497
73 15 7006
73 16 2620
73 17 2241
73 18 1965
73 19 4835
73 20 4639
73 21 2446
73 22 734
73 23 4165
73 24 1404
73 25 7843
73 26 2235
73 27 1637
73 28 1101
73 29 8707
73 30 5796
73 31 3609
73 32 1707
73 33 2959
73 34 4432
73 35 8565
73 36 2379
73 37 1141
73 38 3008
73 39 3747
73 40 3019
73 41 4075
73 42 3154
73 43 1520
73 44 1957
73 45 2215
73 46 999
73 47 3434
73 48 3942
73 49 15989
73 50 2235
73 51 2139
73 52 1959
73 53 1593
73 54 4349
73 55 2271
73 56 2647
73 57 2672
73 58 1252
73 59 1816
73 60 2778
73 61 155
73 62 2292
73 63 2550
73 64 4107
73 65 3005
73 66 955
73 67 2699
73 68 1276
73 69 1177
73 70 991
73 71 2386
73 72 2130
73 73 13758
73 74 2125
73 75 1504
73 76 1093
73 77 4247
73 78 6082
74 0 3062
74 1 362
74 2 422
74 3 2183
74 4 5521
74 5 1663
74 6 13849
74 7 382
74 8 567
74 9 18494
74 10 4491
74 11 5064
74 12 2430
74 13 4563
74 14 3769
74 15 1579
74 16 17653
74 17 6278
74 18 2416
74 19 12348
74 20 5707
74 21 4702
74 22 142
74 23 11656
74 24 832
74 25 8891
74 26 972
74 27 4201
74 28 3244
74 29 2953
74 30 2402
74 31 5661
74 32 3660
74 33 1101
74 34 25658
74 35 3418
74 36 1528
74 37 2246
74 38 6071
74 39 18897
74 40 6135
74 41 4529
74 42 4270
74 43 4956
74 44 1424
74 45 2267
74 46 985
74 47 2545
74 48 4188
74 49 3237
74 50 7886
74 51 3942
74 52 2188
74 53 4668
74 54 8309
74 55 4914
74 56 4317
74 57 12463
74 58 2603
74 59 2363
74 60 2918
74 61 294
74 62 4053
74 63 8982
74 64 1575
74 65 3938
74 66 2041
74 67 2688
74 68 5124
74 69 1196
74 70 2488
74 71 12691
74 72 3304
74 73 2145
74 74 31730
74 75 1077
74 76 3347
74 77 2505
74 78 4010
75 0 536
75 1 130
75 2 362
75 3 548
75 4 4729
75 5 2229
75 6 1762
75 7 356
75 8 383
75 9 1324
75 10 1716
75 11 2807
75 12 9087
75 13 1265
75 14 5666
75 15 605
75 16 1433
75 17 1242
75 18 3432
75 19 2347
75 20 1405
75 21 2711
75 22 309
75 23 2659
75 24 706
75 25 2055
75 26 4379
75 27 683
75 28 559
75 29 1308
75 30 5382
75 31 4248
75 32 1565
75 33 1029
75 34 1790
75 35 3849
75 36 771
75 37 587
75 38 1932
75 39 1740
75 40 1080
75 41 2611
75 42 1724
75 43 924
75 44 727
75 45 4389
75 46 3390
75 47 4449
75 48 1136
75 49 5199
75 50 799
75 51 1591
75 52 3033
75 53 557
75 54 1543
75 55 1523
75 56 1018
75 57 1363
75 58 1146
75 59 811
75 60 2667
75 61 177
75 62 3001
75 63 1589
75 64 775
75 65 1482
75 66 943
75 67 3425
75 68 601
75 69 3611
75 70 426
75 71 1230
75 72 1965
75 73 1206
75 74 1102
75 75 3337
75 76 1097
75 77 5490
75 78 1294
76 0 10573
76 1 242
76 2 318
76 3 1180
76 4 3445
76 5 3444
76 6 4453
76 7 148
76 8 527
76 9 3230
76 10 16473
76 11 7182
76 12 1801
76 13 15103
76 14 3911
76 15 858
76 16 5366
76 17 2661
76 18 2856
76 19 6575
76 20 3018
76 21 8579
76 22 316
76 23 8249
76 24 366
76 25 3000
76 26 798
76 27 1985
76 28 2882
76 29 1460
76 30 2180
76 31 7984
76 32 12730
76 33 854
76 34 5916
76 35 1887
76 36 963
76 37 1071
76 38 38109
76 39 5343
76 40 2258
76 41 3079
76 42 2114
76 43 5745
76 44 903
76 45 2183
76 46 853
76 47 1873
76 48 2410
76 49 3132
76 50 2034
76 51 11704
76 52 2545
76 53 5436
76 54 3914
76 55 12210
76 56 1688
76 57 6270
76 58 10346
76 59 2528
76 60 1881
76 61 260
76 62 5519
76 63 12868
76 64 820
76 65 1713
76 66 6335
76 67 4218
76 68 2885
76 69 1442
76 70 777
76 71 7046
76 72 4578
76 73 1584
76 74 3280
76 75 857
76 76 51522
76 77 1871
76 78 1830
77 0 1631
77 1 311
77 2 876
77 3 1494
77 4 12216
77 5 3990
77 6 3576
77 7 1326
77 8 1306
77 9 2780
77 10 4324
77 11 4439
77 12 13458
77 13 2864
77 14 10463
77 15 2635
77 16 2832
77 17 2411
77 18 5815
77 19 6488
77 20 4143
77 21 3771
77 22 696
77 23 4597
77 24 828
77 25 4722
77 26 9374
77 27 1857
77 28 1580
77 29 3704
77 30 20659
77 31 7973
77 32 3189
77 33 2847
77 34 4395
77 35 13156
77 36 1833
77 37 994
77 38 4844
77 39 3462
77 40 2697
77 41 6022
77 42 2834
77 43 2105
77 44 1524
77 45 4732
77 46 3605
77 47 10117
77 48 3088
77 49 15585
77 50 1900
77 51 3044
77 52 5158
77 53 1545
77 54 4050
77 55 3111
77 56 1856
77 57 2670
77 58 1849
77 59 1784
77 60 5313
77 61 433
77 62 4891
77 63 3713
77 64 1974
77 65 2727
77 66 2278
77 67 5718
77 68 1698
77 69 4744
77 70 1355
77 71 3362
77 72 3439
77 73 4437
77 74 2618
77 75 6444
77 76 2273
77 77 28953
77 78 3051
78 0 1635
78 1 375
78 2 332
78 3 1928
78 4 6525
78 5 1808
78 6 6002
78 7 533
78 8 5208
78 9 5113
78 10 2775
78 11 3270
78 12 2797
78 13 2100
78 14 4564
78 15 3120
78 16 4409
78 17 4203
78 18 2349
78 19 6959
78 20 15602
78 21 3349
78 22 583
78 23 5599
78 24 2044
78 25 10591
78 26 1095
78 27 2104
78 28 1732
78 29 9445
78 30 3317
78 31 4160
78 32 2152
78 33 2642
78 34 6879
78 35 3983
78 36 2784
78 37 2018
78 38 2917
78 39 5248
78 40 6903
78 41 3433
78 42 5983
78 43 1864
78 44 3167
78 45 1760
78 46 1064
78 47 2835
78 48 3842
78 49 8052
78 50 4458
78 51 2538
78 52 2145
78 53 1507
78 54 5532
78 55 2753
78 56 6250
78 57 3624
78 58 1481
78 59 1342
78 60 2327
78 61 555
78 62 3081
78 63 3384
78 64 5476
78 65 12747
78 66 1412
78 67 2483
78 68 2213
78 69 1350
78 70 1990
78 71 4040
78 72 1869
78 73 5435
78 74 2336
78 75 1083
78 76 2084
78 77 3494
78 78 36126
#Chi tiet cac cum
4.310366675611887
4
6 27.86359191114062 10.685111121434245 0.0
26 25.829233097995647 12.217660159377324 0.0
135 30.079945478657457 6.43283579763078 0.0
270 25.086519181084793 9.276935261875865 0.0
0.0
1
89 94.39747016289702 87.82212349406319 0.0
0.0
1
272 5.866821900704417 96.82395603588537 0.0
3.6328480283313884
4
65 99.70358751246613 20.55256366752717 0.0
92 96.9811982210865 21.148057042157493 0.0
159 94.33938686542882 22.343798662711652 0.0
185 99.48094535399353 25.513136645192436 0.0
7.231229134376476
9
55 46.3972270321657 58.39045614590702 0.0
192 47.75243434029401 57.77430682248645 0.0
215 41.928233672637695 63.42122747313369 0.0
233 42.57401549535298 59.08588157310431 0.0
252 43.619324347866964 55.37334722899045 0.0
292 48.42397304853846 60.43380343649569 0.0
314 40.6932652475176 63.20146818133914 0.0
409 37.85881844482984 59.59895635554138 0.0
414 50.24916043954475 64.42537454316974 0.0
4.837776408359125
5
104 1.7012277144275183 56.19354088900911 0.0
229 0.13440525107901968 59.56075203017531 0.0
344 5.7748687924860205 52.43352146148025 0.0
379 0.605874176648106 55.2096097348422 0.0
433 0.8636875229169663 52.673005701238566 0.0
4.804429644380165
10
70 59.956876262559554 6.741453513348162 0.0
81 62.1973595080739 0.06699244885531297 0.0
101 62.10600320720762 3.402581308092701 0.0
172 65.17076789199903 2.78150993851047 0.0
193 66.63347265454296 4.391854918944049 0.0
241 60.53874593845723 4.2300312125135076 0.0
262 61.66212664768631 6.508896568320767 0.0
280 64.7927855250198 8.406024662915815 0.0
339 60.982646356269385 7.880643747271812 0.0
381 66.14108276154863 0.8777364236811566 0.0
0.0
1
307 57.486261882196295 92.28281015211421 0.0
3.1538436153210094
2
206 85.92833097204546 57.19008864261892 0.0
338 81.24908364105099 61.4199305563298 0.0
6.101957445051828
6
3 58.26705407143231 31.534788560624317 0.0
32 58.24252065185582 32.22005187151701 0.0
294 55.51959841246509 30.631595437531995 0.0
304 62.68285169099319 25.096963360284242 0.0
375 57.439109929311314 32.3172828359168 0.0
424 62.417347458919565 28.39423753111202 0.0
4.752774472925945
10
108 0.7552964460468664 17.33206426475299 0.0
154 1.1690478711903962 18.37592762018266 0.0
183 0.2505533204098165 15.48017863915561 0.0
186 4.964856529013757 15.2604486964728 0.0
253 5.442891964453392 18.08394540519722 0.0
275 5.649996914651014 17.6699112696942 0.0
289 1.9142033982049353 14.973016659003447 0.0
342 3.1115271016264794 22.66696741549612 0.0
380 6.426108575801391 19.045100766725167 0.0
425 0.6347867521315281 20.261034941057723 0.0
6.2486676122336045
7
45 23.742928840055207 43.93960784225522 0.0
49 20.697491931948363 33.28477752034151 0.0
100 24.841725739164584 44.56241979967598 0.0
190 17.359003269283967 37.99539301470877 0.0
255 23.035713640895874 33.05257707470845 0.0
302 24.67867094714554 38.41791046094928 0.0
340 22.790125802753227 40.27628440649955 0.0
4.780326674574245
5
66 25.889257083162555 80.02261367877112 0.0
115 30.928867146361743 79.87167457783373 0.0
238 27.70466549277146 73.43362856799351 0.0
335 27.439398142202833 74.37537888132404 0.0
352 33.9206499298766 76.19139645729308 0.0
5.160698028727302
8
111 2.5637572213477693 2.328374654412925 0.0
149 9.164729413198216 2.1186571480806915 0.0
169 12.350126987721467 3.8403686781400435 0.0
171 10.508713912009288 4.521893205530583 0.0
178 5.686107644927523 2.0282985972878227 0.0
204 4.787782109781732 0.8767122533168282 0.0
220 4.761987925864905 2.909658207527954 0.0
260 8.4846089057439 4.049137321591979 0.0
7.207419181015868
8
5 31.369062421860022 57.22286835095303 0.0
211 26.508528367682672 58.31710308518656 0.0
242 29.513751281625026 61.096276956718974 0.0
263 24.84276686882407 61.892966526237586 0.0
267 22.936529928340704 64.37301696757127 0.0
269 29.46844488834322 60.06406330830715 0.0
279 25.639348309046206 61.85295108575895 0.0
383 24.301585746121933 52.971691977207 0.0
3.935402298796674
3
28 64.8265713325458 74.00919553189604 0.0
143 63.83310415915849 73.00800740849509 0.0
309 65.591444629342 79.27531443267452 0.0
3.8023203419896086
7
80 47.177739493324474 13.231119721965586 0.0
163 51.4627064546441 12.22609603380123 0.0
207 49.76076043311635 14.808391464435408 0.0
223 47.45651326868622 9.508218912352637 0.0
251 48.47633519073492 14.916741318934568 0.0
257 47.694406487324 8.340750463321454 0.0
415 51.95377813265913 9.970631728904596 0.0
5.904197829592668
6
42 75.14211254560645 14.246111388621316 0.0
168 74.57904838474327 12.17811282585467 0.0
250 76.38943224806341 13.20379210380239 0.0
349 81.39715546577048 16.22604795334576 0.0
378 77.41633767467866 10.298849558889769 0.0
406 71.78548508729885 15.336992741022131 0.0
4.712451777106877
6
59 8.181894438548003 65.83057511262383 0.0
127 7.5178203323014845 69.43174456209029 0.0
153 14.562347149694839 64.83646592447144 0.0
274 15.284169104273026 68.94426776545065 0.0
287 12.488064102809183 63.210570555118665 0.0
355 12.040701651532256 71.06829023213558 0.0
5.97954579469314
9
38 40.028072378483316 35.682681873228255 0.0
39 45.852461694363356 42.65078098858757 0.0
152 45.65797675580007 39.199179521559756 0.0
371 39.96955262722029 37.8828689043503 0.0
373 44.40546854230351 34.25552642083919 0.0
376 42.936234899496135 39.63477719494921 0.0
418 38.49712728758152 35.81393325463556 0.0
428 42.50266052230378 41.387174363823846 0.0
431 40.6283449739008 34.226072366290154 0.0
5.007257829527594
7
58 75.39599448591213 41.18188941416701 0.0
72 74.97310312398864 38.90917424000038 0.0
146 77.31919906531301 44.37399690650586 0.0
202 78.52339841395259 38.16944146477208 0.0
318 81.45570128342452 37.21916619853154 0.0
357 79.32316266171415 44.33538098202121 0.0
390 80.46130444687914 43.01982513454795 0.0
4.680618976662016
8
76 9.87398430518231 39.86986618246672 0.0
99 10.096488826136184 35.35466564684812 0.0
106 15.359421613757474 35.553585471296614 0.0
138 10.458919852902362 32.18192118456567 0.0
236 7.38148204038669 36.872644440292845 0.0
322 11.999919850549116 37.36039196817836 0.0
384 8.101600980098294 32.78333182199628 0.0
422 12.167025200132292 35.246392802664566 0.0
0.0
1
261 79.43788034913456 95.65456075910093 0.0
4.865492460880034
9
94 32.85529767571172 29.808282277739163 0.0
113 41.563884517778384 29.76190644328 0.0
122 33.71705384284108 29.118431679139167 0.0
196 36.433440944882456 25.988314163471394 0.0
228 36.93319524536488 26.790846071271588 0.0
358 37.59617178340992 32.75230567816747 0.0
362 40.201421230484 32.01643953675729 0.0
372 39.33505584224736 26.754781900971544 0.0
403 40.79355126722813 33.029433594227406 0.0
2.101365978000085
2
365 85.03731699008654 79.69274637435426 0.0
374 81.03891391722378 78.398246949516 0.0
4.839654671159852
7
7 61.90984040867158 48.332222294683866 0.0
129 58.402919775796725 51.30563137660936 0.0
239 59.48449254742817 41.7609681715943 0.0
243 55.22628178310946 45.331005888222485 0.0
265 56.904019008533034 44.311843121044596 0.0
297 61.61525915778123 44.28243844447316 0.0
427 57.604221923182685 50.471858802538485 0.0
3.6541864871683654
3
73 35.54812147272263 93.73229054824417 0.0
225 42.13998550351619 94.80593421921053 0.0
326 37.79008697802306 95.2046392938014 0.0
4.095824679473875
5
12 78.58362881452625 0.1273791388461677 0.0
88 81.15213828529953 7.344794754217162 0.0
165 77.26895911223018 4.547295562106191 0.0
308 75.56357201984856 6.108070569491278 0.0
404 82.34669213252353 1.6106956940699164 0.0
3.2249899641135227
4
226 45.52133579770326 0.4621979856232512 0.0
290 49.74832184487586 3.5157266915522714 0.0
345 46.18313730118107 1.5970347146385446 0.0
348 47.45046769378581 0.4505121488511429 0.0
5.7655821593778915
4
14 73.18999396275693 61.327357061387424 0.0
161 62.62620220741864 57.611463851579494 0.0
189 71.43990555880724 58.593377871465265 0.0
286 64.91878411298568 60.80534620434131 0.0
5.212489784858198
7
25 49.708468633399775 90.79211150672096 0.0
34 50.67923668465615 89.29430998784218 0.0
46 45.89081733296908 84.7677794352579 0.0
128 44.92509361522854 90.21305977255686 0.0
144 50.88399603248818 84.76488704084689 0.0
150 46.134197536380704 81.8520236250923 0.0
273 46.31055364443304 85.8767458204346 0.0
4.864331205938781
10
0 12.85916227935239 47.56934728048889 0.0
17 19.40051789490543 49.582787852317225 0.0
69 18.886637477601266 49.89993090613552 0.0
109 18.498608030903426 46.49743310186796 0.0
217 15.89697439089837 44.67106767216755 0.0
300 16.165372235707995 49.374232478197484 0.0
319 22.28646253761448 48.44295286825755 0.0
346 13.03824221230755 46.524618975341085 0.0
402 18.02631568859302 50.84084132503408 0.0
408 20.370377056956816 43.75797458809699 0.0
4.076853099718523
6
44 16.428535227946835 30.217418812869642 0.0
209 13.994512542524136 23.52624758304433 0.0
258 14.52433570914974 25.866099486743828 0.0
334 18.51234873512091 29.87338219318848 0.0
343 15.178806516131097 27.603618839579884 0.0
360 16.802239006015654 23.340079047897344 0.0
3.3355044176423636
3
174 69.74283178732901 86.8858286267564 0.0
347 65.87839739512857 90.2339945150034 0.0
388 65.23765084030049 89.0221724298445 0.0
6.090663792109808
11
31 57.513646566382924 14.125570669098428 0.0
79 59.17459995860872 10.343994412055567 0.0
114 55.581572272113185 12.285837790072348 0.0
155 56.01022286341566 16.48440982838668 0.0
158 63.1262451290003 10.132619138549579 0.0
162 60.25285129271238 18.207524869461377 0.0
170 62.90240449992747 13.093790221500342 0.0
214 60.40979431057429 11.832203261957995 0.0
330 58.462543117285044 12.674353218604034 0.0
369 65.76093060349434 16.258390187095877 0.0
429 64.60997095803238 12.734477190443865 0.0
5.176051096017012
6
68 45.133375434117 71.25494853712267 0.0
130 50.070325099792456 72.63382938822296 0.0
188 42.3270194258068 69.96349451242831 0.0
249 42.656664253670534 67.91173589571206 0.0
320 48.06458185851179 67.87295767569172 0.0
430 44.66476169610634 71.74529968650403 0.0
4.320759291997172
3
11 87.57126789908179 70.60086868720994 0.0
139 88.71595735095816 68.59280701794769 0.0
419 85.21033004693136 63.81747670702937 0.0
3.2469139978340893
3
77 88.68325229964594 12.321490861473084 0.0
160 87.25817180378638 13.713081488302075 0.0
248 92.35203357642752 10.890190656793585 0.0
6.970864050526124
11
20 12.628067775269018 7.67517554693374 0.0
62 12.44040087779075 12.883136079791617 0.0
148 11.486522750678054 7.478314647037028 0.0
166 13.719732618568514 12.228005813791558 0.0
210 9.748404799552736 12.842881886553972 0.0
232 11.214177297941683 17.866082599966912 0.0
303 7.9652068831940905 9.8927151599894 0.0
324 13.91496344821465 7.780603538995681 0.0
370 8.992930081425753 7.814758859478825 0.0
396 7.782615569228526 11.078925946661952 0.0
410 6.556602327464317 12.618454797799911 0.0
4.798113486674073
8
9 44.304763324846405 28.984943528000173 0.0
13 48.22027113595138 27.138780673233416 0.0
29 42.756478546035325 26.76383120230985 0.0
41 46.88676740279563 29.783802242526278 0.0
299 47.3667211436971 30.46671428141288 0.0
354 51.07703505184934 30.18141478107157 0.0
359 49.58626245076056 26.750480999716114 0.0
391 42.11837050589745 28.90179101651351 0.0
6.712014550579358
6
67 83.81902130807659 32.11289022550076 0.0
121 78.97573645900891 29.579726070479087 0.0
221 79.52210802375372 32.12344991378716 0.0
296 89.41701686351028 33.61290026536677 0.0
310 83.11613714607687 29.383479386505325 0.0
401 83.64522265293346 31.548811189767527 0.0
4.93184899722426
6
30 40.89317795168483 47.12510374687888 0.0
120 35.847352927334036 50.330984649886 0.0
212 36.49042533895946 50.9510317159283 0.0
231 37.47775134249805 48.22494738881741 0.0
332 39.18202377535661 54.63617451896541 0.0
416 37.824315415837695 55.237829678805795 0.0
5.79590252837838
8
2 95.37199656423563 33.168841590900215 0.0
147 97.9211792527003 32.2893709439534 0.0
177 92.99627722207563 28.63125753030287 0.0
244 97.73291876444546 37.30325330080841 0.0
246 99.6124704711436 27.56238351221511 0.0
278 99.72314663598787 33.00020734353646 0.0
293 95.42080673565063 28.01566359004704 0.0
306 99.2670079193665 32.24525039215225 0.0
6.125416703508245
5
95 28.858402731168777 0.01689227833602791 0.0
103 32.0638805533839 1.4878194655516843 0.0
157 36.69514483527924 1.4344819615261584 0.0
213 37.29322828590534 3.2097792592678496 0.0
317 38.25490179140435 4.150020741898685 0.0
3.1187817036293177
3
48 95.6897156094874 60.723289093920826 0.0
131 91.66616610640892 63.271633567331165 0.0
393 90.41912605419898 59.25205789114433 0.0
4.999550304889901
6
15 8.406100486074122 76.28290325351409 0.0
184 9.161086555733792 80.89969780220892 0.0
268 6.38769905248887 79.72334765387403 0.0
271 3.1177198632487286 74.20244180753345 0.0
295 11.566272547753506 77.30805469236978 0.0
363 5.188479852161929 73.19245791079545 0.0
3.964088817351133
3
197 13.897301421582213 90.45926866202137 0.0
277 18.571676049631158 85.37321604841553 0.0
283 13.538336597681425 87.15639109937509 0.0
4.84514787584635
5
133 31.071829423452048 66.41704781242971 0.0
175 29.49244130141104 68.01657354638857 0.0
180 36.99266369615763 66.63648448455376 0.0
230 30.779345120329662 70.12319045211329 0.0
235 32.74705319197899 66.06745043655881 0.0
4.134155185691717
4
63 49.17041267137988 45.82560837608381 0.0
90 48.816389731071276 50.68601520609853 0.0
137 50.751687051772514 50.972582808277515 0.0
405 54.476789399282204 46.63139280709651 0.0
6.493771878371984
9
16 57.20179026816079 73.66216232170439 0.0
50 59.672808849445516 81.07218943248822 0.0
198 57.77126956219286 76.26137799344411 0.0
237 58.775396079437236 80.95090209579433 0.0
323 57.372698248431 80.30883475306253 0.0
351 51.34713109301185 81.37649290110777 0.0
364 55.64439109749931 83.95001200696937 0.0
366 52.417318667967706 82.39392804258046 0.0
386 50.84682555382318 79.78302328107458 0.0
6.941748956011962
5
21 72.92620606421599 25.55908617939865 0.0
119 73.7198402724728 31.079198210637298 0.0
208 70.2308056304563 22.598485075295876 0.0
284 73.3199846771034 22.87030416245415 0.0
368 69.65077229875386 19.701619315360425 0.0
4.5487707632472985
8
136 0.14195953233964342 4.568479661872696 0.0
156 2.5551255106791353 9.68004683942342 0.0
200 1.7008116798596546 3.9912499365229803 0.0
240 5.552781035057116 6.360322890491245 0.0
281 2.254435583072591 11.477542300436674 0.0
298 4.296451148269696 11.326506276565446 0.0
313 2.373434389358967 8.942692542030988 0.0
411 3.0513883750201543 10.06720727925443 0.0
4.399017258355195
6
18 2.47908855715706 63.78362683462719 0.0
47 6.599086568621839 61.66297047913429 0.0
112 1.6776280915283053 66.60891413883807 0.0
117 3.9979340630285773 65.08992418135527 0.0
151 1.1495942728708526 65.57100120547504 0.0
337 8.280453617618392 63.180159526413476 0.0
4.18154839766353
4
82 38.799136447808046 13.78717069590946 0.0
86 42.594497555107466 12.068076452407485 0.0
325 35.27259622215724 12.343804204814493 0.0
353 36.98658283268 10.257647810779117 0.0
3.920025641468925
6
53 50.70833966495972 40.877347688051536 0.0
57 56.199907554697454 38.61131244089419 0.0
132 55.967297599615854 36.805485955081274 0.0
315 54.120927426545435 40.26400336747935 0.0
350 52.005509242339386 38.75180909871036 0.0
398 49.42252325397724 40.78307657039136 0.0
5.490940456598291
6
33 22.199278135686534 19.2842748191736 0.0
123 21.40258772312675 28.511839363756 0.0
142 22.79398352827526 22.24521014947139 0.0
195 21.44283193978587 26.00709733799074 0.0
254 22.09365816449787 25.023608449321177 0.0
266 20.81482926370588 27.488150035106848 0.0
6.5170474632681685
4
40 67.82350625634304 43.38349380544868 0.0
74 65.20187031769794 37.81439180332686 0.0
173 69.57501163757355 37.501273470502085 0.0
389 70.32868032909005 31.33884892784477 0.0
4.2393205163241765
8
141 55.04884973247408 3.1271949859324426 0.0
145 53.58475996514852 6.7214640699224155 0.0
164 56.61227036278645 4.464473245789832 0.0
218 57.470015509784275 5.537517346646548 0.0
316 50.7978188474168 7.410901351898019 0.0
331 51.79582319205886 7.672966439773316 0.0
394 57.18276878721008 8.519755227921308 0.0
397 55.743720859407404 4.190185186750249 0.0
5.338262726411154
5
10 15.953887465798605 0.0519708072638283 0.0
85 17.66682906532346 1.2159118160016447 0.0
181 14.12550740968105 2.713845473921694 0.0
264 17.141971838721577 2.7034618682664284 0.0
321 22.75235411634338 3.0430676362389475 0.0
4.425940715704016
3
125 32.088777727621746 42.626885327211525 0.0
191 31.50928002310256 36.56279019279185 0.0
199 30.314808408813 35.62339637196692 0.0
3.150335487080106
5
24 17.993839830014867 58.53732042553556 0.0
71 16.922134181155283 58.71753579657338 0.0
78 18.718761909780888 61.09225507964075 0.0
83 22.178933545843538 57.52615564037226 0.0
417 21.592215037485932 59.89188702801806 0.0
0.0
1
4 98.06757573860303 80.204395334201 0.0
4.547303193862823
8
37 6.756118435650528 41.65063854360943 0.0
118 1.4779002356796722 44.668499773428735 0.0
227 1.9397326493589833 47.912069407135064 0.0
305 3.6813745843736463 43.85547751650008 0.0
341 7.092600242454818 45.35410455323162 0.0
400 9.962437693191726 46.21733092657812 0.0
412 8.439760045235685 45.24794206846191 0.0
432 4.371722707892175 49.448924285467314 0.0
5.375148801863947
8
23 31.19458570889684 16.82370242598981 0.0
56 31.404811006670467 19.410248554088916 0.0
110 30.57698148971022 21.649177028292957 0.0
194 33.192094041730435 19.03728673429317 0.0
203 36.154574887032055 21.564900627577394 0.0
222 26.94220716258103 19.646041221660656 0.0
311 30.026816365851506 19.74806414723924 0.0
426 29.328885970081075 19.953797036976667 0.0
3.6616625974156047
3
84 71.66671404628602 69.82558972778281 0.0
201 73.06942566874443 66.4155371875273 0.0
285 76.52846675128856 64.53467627520858 0.0
5.525189804913709
6
51 87.4796972088489 47.756969680517095 0.0
97 80.83655393081985 47.885957768227165 0.0
176 83.25078446883326 49.80269543539156 0.0
187 90.73527925072578 49.321418157248914 0.0
413 84.5385679263053 47.21105744926982 0.0
423 86.33348263587412 42.849578750962344 0.0
2.1003076229940727
4
60 6.685650186249958 26.215085378802115 0.0
179 6.3921704565641875 25.373122292709073 0.0
256 9.084822276895222 27.957823662129506 0.0
329 8.408524009417327 26.17711790782152 0.0
4.059414435028615
7
102 8.18421595955036 56.695330028407085 0.0
140 8.351009313590154 57.755812274963105 0.0
182 8.55075443939411 58.957232724444 0.0
259 10.805554373703426 55.065562931432375 0.0
301 10.205417475034958 57.78605478137082 0.0
327 12.508068600465078 56.00134824804169 0.0
395 14.455308554373064 56.36974510258036 0.0
3.7832481125926583
5
36 73.84693866281086 5.931084876629562 0.0
219 71.86135759988488 4.068236169736908 0.0
224 68.77198830845533 1.4647089070724604 0.0
336 74.73195348622076 5.385892537865534 0.0
367 68.93374640224243 2.8725387225377523 0.0
3.4872686385169565
3
356 17.21097311478995 73.75331992499264 0.0
361 19.807610202683698 71.03431014423514 0.0
392 22.98253714629349 75.1053497590306 0.0
3.6032055496379405
3
1 81.621056271133 26.97822636904216 0.0
134 82.29145660069182 27.00036264062399 0.0
420 87.02215119371124 25.105504886264967 0.0
5.690516215451695
7
19 45.30393896925697 18.217750851458245 0.0
43 39.13187449792379 23.060481709511894 0.0
61 40.8278176689943 16.285628867605258 0.0
64 44.118999931331246 18.43295732496014 0.0
105 44.26734127136879 19.424005490747675 0.0
245 44.185009485392264 15.1226698112567 0.0
282 41.706940010060215 20.377520070987572 0.0
3.459342916471067
6
96 2.492049000012179 35.17951563202612 0.0
116 3.3307827792970555 37.12871875183336 0.0
247 0.178728195236162 39.47353988207588 0.0
377 5.170597428402585 39.616528699883126 0.0
382 4.886131278908703 40.335065406580554 0.0
421 4.25835436485564 37.33150635123541 0.0
3.5050786700002554
4
27 59.27957603330438 66.91799834328117 0.0
276 63.525475109187695 65.76786008011511 0.0
333 57.64834805407997 68.24287225654378 0.0
399 61.62022283845768 69.34616314678685 0.0
3.8685862536920403
5
22 55.43791690572614 26.775454204090835 0.0
52 57.88528365800127 25.52451760015745 0.0
93 55.005820091597144 20.6554975366702 0.0
288 53.39506895263412 21.65565771729264 0.0
328 53.60044301492802 20.01333711635025 0.0
5.516313356993103
3
35 21.693690345596075 81.49293349689323 0.0
126 29.57213486502589 89.16756764002469 0.0
216 26.263680808629715 84.64709138074295 0.0
3.3671654854095627
5
8 18.742541906926892 12.141997208526494 0.0
107 16.29756538718246 12.170336393588958 0.0
124 19.524943208219387 15.386496728442104 0.0
234 14.812212603703786 12.11544951075193 0.0
385 17.964612826693493 11.787476721742381 0.0
6.266396945618497
6
91 37.263520813375806 86.45036188802247 0.0
98 41.48757790844023 88.45623225566848 0.0
167 39.16258625843659 77.00313293160947 0.0
291 36.66784720274559 78.56309066596391 0.0
312 38.782723018368955 85.39042228102657 0.0
407 40.19232983903876 80.56036972236798 0.0
5.834704761826701
5
54 76.69268272117267 56.409628656550524 0.0
75 73.82383080850047 47.530910355179714 0.0
87 76.12045619076105 57.09133030948163 0.0
205 73.727215430437 52.82550212931503 0.0
387 75.0134142781806 52.291501738341935 0.0
