#He so k la
3.0
#Number of Nodes
77
# list of nodes
#x #y #z
75.5463298297168 40.54706426484174 0.0
14.013956330801884 97.92024565721279 0.0
2.469115226469322 4.305337639282515 0.0
23.12740566151495 44.02146716257312 0.0
58.59619196970597 93.69028025735413 0.0
53.18664366358166 3.0021495283425774 0.0
96.38458456830845 81.20781921405289 0.0
89.11777819299621 5.301642529064932 0.0
46.648400551265944 66.41588373821844 0.0
2.283937189036707 67.6623543014181 0.0
2.4580232419108956 32.544591312034825 0.0
52.902095194853565 30.39372633517477 0.0
26.629200158533394 5.623115558446742 0.0
29.597979692685705 83.64875400554473 0.0
99.50353414696569 54.22073368427288 0.0
77.03320022285686 63.86794533956274 0.0
38.34724732605811 97.46222151488318 0.0
55.46269898043021 50.05800455294789 0.0
89.86426225075522 24.212413824509497 0.0
69.50030689081169 11.32293632661271 0.0
8.21742473098914 53.731257996613515 0.0
11.751942083998017 16.95887368950228 0.0
30.22712300785709 26.148127297093104 0.0
81.97185500309067 90.0779930599142 0.0
37.35768215701402 56.355320618372446 0.0
65.3145082745221 34.39584080973998 0.0
40.11938921638752 84.97881015258565 0.0
17.040213433571893 35.990776184911226 0.0
43.80424926121074 46.07392356536063 0.0
14.188852500471414 87.1130619740813 0.0
17.309638837807135 61.015543529834254 0.0
65.30066028278867 57.31186834875565 0.0
70.3859109537898 1.3996582853440453 0.0
15.863896404953838 4.114791462941747 0.0
49.675046248159795 79.7150164094316 0.0
47.523813895574385 11.362167996044937 0.0
78.01559923430536 77.75263424038525 0.0
5.013698637776093 83.75292079082828 0.0
82.54589155105255 13.810474582904929 0.0
37.83279821815329 3.6670891762827753 0.0
25.740915976545654 95.70326496254688 0.0
65.6999456874801 71.20373238044196 0.0
67.1686893265454 46.325693462617274 0.0
82.88142557043855 53.45280497219238 0.0
30.80466973530244 39.40396900824784 0.0
2.3398016993133033 17.09745528281063 0.0
62.390774546699305 7.1108647390828965 0.0
13.026168013897237 44.71814821123605 0.0
48.51764319758273 55.46184353204948 0.0
78.0208732922234 26.478207140315025 0.0
30.675296847602194 57.90115702532711 0.0
34.81313144873158 15.669259319952435 0.0
7.840996434141275 7.934440818600288 0.0
83.30593899222815 36.37544788325215 0.0
52.67522325334039 20.291271517123153 0.0
58.82060706885328 62.56391816695678 0.0
10.915545865600716 72.05940866063733 0.0
21.0044883601067 15.739481608780926 0.0
95.4335892546544 34.80948307435392 0.0
30.233772785753963 73.93829011067744 0.0
30.74245021468116 64.85328222522577 0.0
67.33456486294172 19.844922098304323 0.0
40.32346165355136 23.068334918461286 0.0
88.52795208321848 73.73603832340036 0.0
2.2574638015783983 49.430933903285855 0.0
19.84863842854261 51.584512162057216 0.0
11.094531543739409 24.818336016629075 0.0
87.95164513172867 64.44005111529364 0.0
22.124245954533833 31.279933265641404 0.0
56.2902395774809 71.36918802495556 0.0
5.370008648631908 58.931986497835226 0.0
55.92132555602059 41.61217336092082 0.0
19.797048988088434 72.82538165710116 0.0
65.31465741107388 28.368443728772213 0.0
96.60024929054829 12.891483651093427 0.0
45.57655689567595 33.84012815962084 0.0
7.942201808100801 37.94735326748872 0.0
#nguong BER
0.001
#Ma tran yeu cau D
#source_index dest_index bw don vi Mbps
0 0 15997
0 1 691
0 2 1826
0 3 2333
0 4 949
0 5 4581
0 6 558
0 7 1316
0 8 2203
0 9 1494
0 10 2501
0 11 6456
0 12 3087
0 13 2522
0 14 879
0 15 3706
0 16 143
0 17 4158
0 18 5408
0 19 3062
0 20 1594
0 21 1626
0 22 2542
0 23 321
0 24 2576
0 25 14359
0 26 1538
0 27 748
0 28 6367
0 29 984
0 30 3416
0 31 2996
0 32 1898
0 33 4084
0 34 2859
0 35 3497
0 36 1836
0 37 1657
0 38 4294
0 39 3784
0 40 1426
0 41 2344
0 42 16114
0 43 3631
0 44 3045
0 45 1816
0 46 4799
0 47 2630
0 48 3033
0 49 3902
0 50 2113
0 51 4491
0 52 1685
0 53 2207
0 54 5323
0 55 2441
0 56 619
0 57 3889
0 58 790
0 59 1713
0 60 3211
0 61 4139
0 62 2604
0 63 2374
0 64 1395
0 65 4338
0 66 2119
0 67 3241
0 68 1938
0 69 3174
0 70 1466
0 71 6139
0 72 2108
0 73 6697
0 74 1385
0 75 4409
0 76 2778
1 0 802
1 1 8764
1 2 823
1 3 1595
1 4 1153
1 5 1528
1 6 217
1 7 389
1 8 1635
1 9 2159
1 10 1767
1 11 1393
1 12 1766
1 13 4148
1 14 115
1 15 789
1 16 777
1 17 1207
1 18 618
1 19 773
1 20 1209
1 21 1325
1 22 1435
1 23 201
1 24 1716
1 25 1381
1 26 2257
1 27 543
1 28 2338
1 29 5147
1 30 4816
1 31 636
1 32 337
1 33 2564
1 34 2003
1 35 1058
1 36 844
1 37 5631
1 38 668
1 39 1721
1 40 5552
1 41 1127
1 42 1624
1 43 338
1 44 1207
1 45 1491
1 46 1545
1 47 2445
1 48 1483
1 49 525
1 50 1306
1 51 1864
1 52 1022
1 53 300
1 54 1096
1 55 876
1 56 1298
1 57 1947
1 58 83
1 59 2429
1 60 3597
1 61 740
1 62 989
1 63 842
1 64 1773
1 65 3559
1 66 1077
1 67 906
1 68 1194
1 69 1348
1 70 2289
1 71 1303
1 72 4507
1 73 843
1 74 265
1 75 1480
1 76 1852
2 0 1727
2 1 1070
2 2 83222
2 3 4718
2 4 978
2 5 7298
2 6 217
2 7 1274
2 8 1621
2 9 3079
2 10 12046
2 11 5569
2 12 15815
2 13 2491
2 14 262
2 15 1572
2 16 343
2 17 2598
2 18 1977
2 19 2546
2 20 3457
2 21 10814
2 22 6803
2 23 241
2 24 2495
2 25 2966
2 26 1539
2 27 2740
2 28 4683
2 29 1782
2 30 6230
2 31 1463
2 32 1581
2 33 38844
2 34 2547
2 35 6396
2 36 880
2 37 2736
2 38 1978
2 39 10895
2 40 2105
2 41 1414
2 42 3492
2 43 905
2 44 4622
2 45 22662
2 46 5738
2 47 6610
2 48 2749
2 49 1357
2 50 2617
2 51 11661
2 52 37103
2 53 903
2 54 5235
2 55 1586
2 56 1497
2 57 18839
2 58 480
2 59 1665
2 60 4307
2 61 2256
2 62 3739
2 63 1385
2 64 3671
2 65 7019
2 66 10564
2 67 1067
2 68 5667
2 69 1837
2 70 3145
2 71 3404
2 72 3342
2 73 3194
2 74 768
2 75 5137
2 76 8030
3 0 2437
3 1 1628
3 2 6186
3 3 75162
3 4 1587
3 5 7406
3 6 472
3 7 1260
3 8 4357
3 9 6312
3 10 12993
3 11 9047
3 12 9036
3 13 5686
3 14 349
3 15 2163
3 16 595
3 17 4312
3 18 2466
3 19 2779
3 20 10861
3 21 5863
3 22 13997
3 23 468
3 24 11260
3 25 4919
3 26 3655
3 27 9574
3 28 14510
3 29 3238
3 30 23639
3 31 2218
3 32 2216
3 33 11504
3 34 4669
3 35 7837
3 36 1606
3 37 5378
3 38 2962
3 39 8341
3 40 3822
3 41 3157
3 42 6635
3 43 1862
3 44 24700
3 45 7614
3 46 6413
3 47 35056
3 48 7572
3 49 1560
3 50 11571
3 51 14236
3 52 5811
3 53 1038
3 54 8145
3 55 2821
3 56 2352
3 57 14748
3 58 503
3 59 4688
3 60 12700
3 61 3434
3 62 6242
3 63 1806
3 64 8229
3 65 48832
3 66 12325
3 67 2111
3 68 12685
3 69 4049
3 70 7668
3 71 6146
3 72 8313
3 73 4091
3 74 901
3 75 10470
3 76 17132
4 0 1204
4 1 1031
4 2 1113
4 3 1828
4 4 5113
4 5 2005
4 6 361
4 7 481
4 8 1827
4 9 1813
4 10 1803
4 11 1703
4 12 1554
4 13 3643
4 14 146
4 15 1690
4 16 612
4 17 2288
4 18 829
4 19 729
4 20 1129
4 21 859
4 22 1382
4 23 627
4 24 1808
4 25 1478
4 26 3336
4 27 699
4 28 2189
4 29 1411
4 30 3213
4 31 1551
4 32 540
4 33 2053
4 34 5972
4 35 1431
4 36 2202
4 37 1507
4 38 813
4 39 1433
4 40 2580
4 41 3635
4 42 2881
4 43 984
4 44 1207
4 45 1326
4 46 1685
4 47 1965
4 48 1603
4 49 478
4 50 1614
4 51 1883
4 52 830
4 53 404
4 54 1936
4 55 1498
4 56 991
4 57 1891
4 58 260
4 59 1414
4 60 3147
4 61 943
4 62 788
4 63 1755
4 64 1038
4 65 3032
4 66 1163
4 67 1447
4 68 989
4 69 2888
4 70 1232
4 71 1330
4 72 2321
4 73 1620
4 74 320
4 75 1479
4 76 1536
5 0 5448
5 1 1585
5 2 6747
5 3 7570
5 4 1873
5 5 247316
5 6 562
5 7 5394
5 8 3382
5 9 4097
5 10 8721
5 11 17441
5 12 21260
5 13 4608
5 14 856
5 15 3429
5 16 382
5 17 5639
5 18 6449
5 19 15501
5 20 4614
5 21 6386
5 22 11613
5 23 620
5 24 4943
5 25 11779
5 26 2621
5 27 3110
5 28 11627
5 29 2240
5 30 8099
5 31 3139
5 32 10780
5 33 20235
5 34 4047
5 35 45182
5 36 2041
5 37 3441
5 38 9275
5 39 37341
5 40 3174
5 41 3234
5 42 10296
5 43 2790
5 44 7187
5 45 8822
5 46 58123
5 47 7294
5 48 5327
5 49 4181
5 50 4835
5 51 28383
5 52 7618
5 53 2545
5 54 24043
5 55 2574
5 56 1773
5 57 16775
5 58 1096
5 59 3475
5 60 6763
5 61 12016
5 62 12154
5 63 2689
5 64 3564
5 65 8847
5 66 7791
5 67 3028
5 68 6957
5 69 3856
5 70 3362
5 71 8631
5 72 5573
5 73 12212
5 74 2741
5 75 12124
5 76 7089
6 0 442
6 1 72
6 2 280
6 3 357
6 4 612
6 5 680
6 6 0
6 7 178
6 8 408
6 9 319
6 10 403
6 11 617
6 12 464
6 13 556
6 14 210
6 15 561
6 16 83
6 17 500
6 18 490
6 19 402
6 20 227
6 21 250
6 22 376
6 23 194
6 24 386
6 25 530
6 26 222
6 27 195
6 28 687
6 29 238
6 30 801
6 31 506
6 32 169
6 33 711
6 34 420
6 35 422
6 36 1076
6 37 232
6 38 229
6 39 444
6 40 428
6 41 496
6 42 905
6 43 624
6 44 646
6 45 317
6 46 640
6 47 301
6 48 248
6 49 230
6 50 351
6 51 627
6 52 357
6 53 286
6 54 492
6 55 353
6 56 228
6 57 436
6 58 103
6 59 326
6 60 448
6 61 325
6 62 198
6 63 1690
6 64 248
6 65 401
6 66 311
6 67 903
6 68 309
6 69 654
6 70 323
6 71 613
6 72 393
6 73 469
6 74 204
6 75 407
6 76 325
7 0 1361
7 1 447
7 2 1170
7 3 1277
7 4 547
7 5 4260
7 6 255
7 7 4388
7 8 711
7 9 728
7 10 1481
7 11 2352
7 12 2266
7 13 1294
7 14 474
7 15 860
7 16 176
7 17 1597
7 18 3662
7 19 2695
7 20 643
7 21 906
7 22 1577
7 23 104
7 24 1067
7 25 3205
7 26 628
7 27 694
7 28 2304
7 29 434
7 30 1940
7 31 841
7 32 2917
7 33 3349
7 34 1280
7 35 3213
7 36 565
7 37 881
7 38 8062
7 39 2395
7 40 908
7 41 689
7 42 2354
7 43 947
7 44 1548
7 45 1193
7 46 4617
7 47 1394
7 48 1163
7 49 2025
7 50 947
7 51 3188
7 52 852
7 53 783
7 54 2994
7 55 605
7 56 444
7 57 2715
7 58 509
7 59 478
7 60 1416
7 61 2430
7 62 1399
7 63 659
7 64 768
7 65 1884
7 66 1328
7 67 864
7 68 1344
7 69 758
7 70 388
7 71 1714
7 72 1087
7 73 2653
7 74 2624
7 75 2174
7 76 1709
8 0 2326
8 1 1256
8 2 1778
8 3 4757
8 4 2318
8 5 3854
8 6 421
8 7 644
8 8 11290
8 9 1747
8 10 3145
8 11 4308
8 12 3083
8 13 6017
8 14 486
8 15 2662
8 16 556
8 17 4177
8 18 2051
8 19 1782
8 20 2315
8 21 1635
8 22 2962
8 23 283
8 24 8054
8 25 3404
8 26 3843
8 27 1061
8 28 11087
8 29 2216
8 30 7629
8 31 2695
8 32 963
8 33 3369
8 34 11816
8 35 3072
8 36 1770
8 37 2521
8 38 1008
8 39 2921
8 40 2961
8 41 3500
8 42 4391
8 43 1575
8 44 3507
8 45 2739
8 46 3141
8 47 3624
8 48 8319
8 49 1255
8 50 5776
8 51 4259
8 52 1799
8 53 722
8 54 3095
8 55 5298
8 56 2193
8 57 3771
8 58 290
8 59 2972
8 60 12014
8 61 1695
8 62 2656
8 63 1654
8 64 1946
8 65 6934
8 66 1975
8 67 2005
8 68 2121
8 69 8812
8 70 2339
8 71 4170
8 72 4551
8 73 2973
8 74 566
8 75 4643
8 76 2921
9 0 1571
9 1 2287
9 2 3359
9 3 6899
9 4 1621
9 5 4088
9 6 344
9 7 892
9 8 2461
9 9 66926
9 10 9082
9 11 3526
9 12 4932
9 13 5551
9 14 366
9 15 1447
9 16 516
9 17 2511
9 18 1375
9 19 1631
9 20 9389
9 21 1920
9 22 4215
9 23 441
9 24 3393
9 25 2423
9 26 3144
9 27 2607
9 28 5548
9 29 5611
9 30 20593
9 31 1186
9 32 863
9 33 5806
9 34 3785
9 35 3686
9 36 1018
9 37 11649
9 38 1811
9 39 3617
9 40 4994
9 41 2305
9 42 3302
9 43 901
9 44 4695
9 45 4905
9 46 3918
9 47 8420
9 48 3215
9 49 1141
9 50 4643
9 51 5780
9 52 2960
9 53 838
9 54 2529
9 55 1368
9 56 9953
9 57 5562
9 58 384
9 59 4415
9 60 7897
9 61 1713
9 62 2439
9 63 1117
9 64 6554
9 65 13517
9 66 4162
9 67 1428
9 68 4287
9 69 2943
9 70 16877
9 71 3142
9 72 12435
9 73 2414
9 74 607
9 75 3628
9 76 8015
10 0 2293
10 1 1723
10 2 12852
10 3 13608
10 4 1810
10 5 8177
10 6 455
10 7 1372
10 8 3015
10 9 8946
10 10 81427
10 11 6681
10 12 12742
10 13 5914
10 14 547
10 15 2470
10 16 580
10 17 3995
10 18 2167
10 19 3481
10 20 11764
10 21 14078
10 22 9997
10 23 435
10 24 5360
10 25 4541
10 26 2123
10 27 9167
10 28 8244
10 29 3323
10 30 14679
10 31 2201
10 32 1781
10 33 19617
10 34 4312
10 35 6852
10 36 1473
10 37 5648
10 38 2727
10 39 10017
10 40 3082
10 41 2743
10 42 5533
10 43 1445
10 44 9166
10 45 27008
10 46 6363
10 47 22949
10 48 4810
10 49 2300
10 50 6659
10 51 16050
10 52 12141
10 53 1263
10 54 7734
10 55 1927
10 56 3230
10 57 20122
10 58 420
10 59 3366
10 60 9350
10 61 3234
10 62 6586
10 63 1822
10 64 14355
10 65 17465
10 66 29052
10 67 1991
10 68 10753
10 69 3452
10 70 7761
10 71 4863
10 72 7389
10 73 4215
10 74 1078
10 75 8016
10 76 45934
11 0 6022
11 1 1658
11 2 4764
11 3 8567
11 4 2052
11 5 16109
11 6 528
11 7 2896
11 8 4505
11 9 3741
11 10 7565
11 11 64570
11 12 10851
11 13 5045
11 14 953
11 15 3687
11 16 576
11 17 9386
11 18 4856
11 19 6301
11 20 3731
11 21 4835
11 22 12899
11 23 720
11 24 5956
11 25 20141
11 26 3395
11 27 2933
11 28 19269
11 29 1946
11 30 9556
11 31 4004
11 32 3420
11 33 12989
11 34 5241
11 35 16214
11 36 2067
11 37 3046
11 38 6078
11 39 12717
11 40 2652
11 41 3773
11 42 13995
11 43 2678
11 44 11751
11 45 6373
11 46 16503
11 47 7905
11 48 7255
11 49 3976
11 50 4895
11 51 21959
11 52 4620
11 53 2493
11 54 31736
11 55 3892
11 56 2141
11 57 11646
11 58 796
11 59 3721
11 60 7355
11 61 10886
11 62 14770
11 63 3053
11 64 3123
11 65 10997
11 66 6333
11 67 3221
11 68 7059
11 69 4068
11 70 3754
11 71 21593
11 72 5431
11 73 19975
11 74 1916
11 75 34711
11 76 7365
12 0 3231
12 1 1611
12 2 15101
12 3 9548
12 4 1639
12 5 21884
12 6 360
12 7 2254
12 8 2650
12 9 5336
12 10 13502
12 11 11310
12 12 146920
12 13 4512
12 14 817
12 15 2591
12 16 571
12 17 4970
12 18 4164
12 19 6324
12 20 4349
12 21 12317
12 22 15812
12 23 367
12 24 5445
12 25 7797
12 26 2159
12 27 3930
12 28 9939
12 29 2132
12 30 9531
12 31 2160
12 32 3905
12 33 75562
12 34 4039
12 35 18181
12 36 1518
12 37 3441
12 38 4230
12 39 49643
12 40 2808
12 41 2180
12 42 6608
12 43 2183
12 44 7746
12 45 12768
12 46 14622
12 47 9185
12 48 5055
12 49 3021
12 50 4413
12 51 53072
12 52 15054
12 53 1385
12 54 11990
12 55 2343
12 56 2133
12 57 52652
12 58 827
12 59 2659
12 60 7183
12 61 5654
12 62 12736
12 63 2053
12 64 4827
12 65 11360
12 66 13939
12 67 2583
12 68 9215
12 69 3101
12 70 3640
12 71 6586
12 72 5559
12 73 6807
12 74 1583
12 75 11145
12 76 11528
13 0 2308
13 1 4649
13 2 2935
13 3 6024
13 4 3509
13 5 4723
13 6 570
13 7 1016
13 8 5719
13 9 7040
13 10 5426
13 11 4248
13 12 4540
13 13 65423
13 14 445
13 15 2987
13 16 2616
13 17 3723
13 18 1993
13 19 2012
13 20 4764
13 21 2551
13 22 4948
13 23 668
13 24 6332
13 25 3985
13 26 11587
13 27 2273
13 28 6747
13 29 9842
13 30 14842
13 31 1886
13 32 1007
13 33 5949
13 34 11052
13 35 3942
13 36 1543
13 37 7965
13 38 2183
13 39 4123
13 40 17096
13 41 3841
13 42 4547
13 43 1257
13 44 4382
13 45 3583
13 46 4500
13 47 6682
13 48 5411
13 49 1810
13 50 7278
13 51 6806
13 52 2764
13 53 889
13 54 4029
13 55 2896
13 56 4767
13 57 5702
13 58 370
13 59 12111
13 60 15724
13 61 2256
13 62 2858
13 63 2473
13 64 3817
13 65 10925
13 66 4319
13 67 1724
13 68 3583
13 69 5621
13 70 5737
13 71 4294
13 72 21551
13 73 2801
13 74 824
13 75 4391
13 76 4859
14 0 455
14 1 189
14 2 347
14 3 498
14 4 249
14 5 720
14 6 240
14 7 312
14 8 367
14 9 417
14 10 444
14 11 884
14 12 555
14 13 379
14 14 0
14 15 631
14 16 57
14 17 551
14 18 934
14 19 277
14 20 316
14 21 312
14 22 444
14 23 23
14 24 240
14 25 882
14 26 287
14 27 146
14 28 956
14 29 163
14 30 684
14 31 491
14 32 297
14 33 703
14 34 726
14 35 473
14 36 386
14 37 358
14 38 546
14 39 575
14 40 325
14 41 462
14 42 1136
14 43 843
14 44 393
14 45 503
14 46 848
14 47 505
14 48 380
14 49 400
14 50 330
14 51 821
14 52 205
14 53 413
14 54 967
14 55 494
14 56 120
14 57 675
14 58 387
14 59 163
14 60 649
14 61 728
14 62 544
14 63 392
14 64 265
14 65 590
14 66 336
14 67 1838
14 68 294
14 69 507
14 70 339
14 71 682
14 72 420
14 73 702
14 74 4
14 75 669
14 76 413
15 0 3707
15 1 724
15 2 1718
15 3 2134
15 4 2157
15 5 3786
15 6 642
15 7 791
15 8 2051
15 9 1725
15 10 1724
15 11 3820
15 12 2654
15 13 2402
15 14 596
15 15 16177
15 16 433
15 17 4654
15 18 2950
15 19 2413
15 20 1532
15 21 1424
15 22 2335
15 23 887
15 24 2307
15 25 4295
15 26 2238
15 27 882
15 28 5105
15 29 1071
15 30 3465
15 31 3909
15 32 1020
15 33 3473
15 34 3866
15 35 2809
15 36 5139
15 37 1585
15 38 1811
15 39 2718
15 40 1665
15 41 6305
15 42 9171
15 43 4796
15 44 2007
15 45 1671
15 46 3529
15 47 2407
15 48 3093
15 49 1940
15 50 2147
15 51 3636
15 52 1476
15 53 1603
15 54 2997
15 55 2591
15 56 823
15 57 3051
15 58 297
15 59 1519
15 60 3301
15 61 2248
15 62 1966
15 63 5535
15 64 1431
15 65 3552
15 66 1485
15 67 7571
15 68 1675
15 69 5483
15 70 1351
15 71 3572
15 72 2360
15 73 3517
15 74 884
15 75 3858
15 76 2129
16 0 393
16 1 328
16 2 383
16 3 616
16 4 752
16 5 599
16 6 81
16 7 220
16 8 681
16 9 734
16 10 598
16 11 403
16 12 519
16 13 2033
16 14 38
16 15 413
16 16 0
16 17 409
16 18 99
16 19 223
16 20 537
16 21 278
16 22 511
16 23 22
16 24 697
16 25 569
16 26 615
16 27 292
16 28 846
16 29 708
16 30 1173
16 31 91
16 32 124
16 33 652
16 34 787
16 35 602
16 36 452
16 37 881
16 38 256
16 39 397
16 40 2007
16 41 678
16 42 952
16 43 249
16 44 481
16 45 366
16 46 428
16 47 766
16 48 438
16 49 155
16 50 772
16 51 645
16 52 295
16 53 75
16 54 562
16 55 121
16 56 560
16 57 625
16 58 78
16 59 670
16 60 925
16 61 229
16 62 391
16 63 352
16 64 552
16 65 1228
16 66 386
16 67 239
16 68 332
16 69 860
16 70 469
16 71 620
16 72 1119
16 73 361
16 74 51
16 75 598
16 76 713
17 0 4677
17 1 1305
17 2 2250
17 3 4281
17 4 1734
17 5 6336
17 6 646
17 7 1341
17 8 5403
17 9 3011
17 10 4476
17 11 10769
17 12 4091
17 13 4437
17 14 820
17 15 4785
17 16 435
17 17 33454
17 18 2876
17 19 3280
17 20 2681
17 21 2008
17 22 4670
17 23 553
17 24 7831
17 25 9111
17 26 2061
17 27 2144
17 28 19571
17 29 1639
17 30 6568
17 31 6217
17 32 1585
17 33 5927
17 34 5791
17 35 5311
17 36 2092
17 37 2304
17 38 2839
17 39 5037
17 40 2609
17 41 4432
17 42 17286
17 43 2969
17 44 5142
17 45 3144
17 46 5293
17 47 5064
17 48 15011
17 49 2202
17 50 4641
17 51 7341
17 52 2457
17 53 2037
17 54 6966
17 55 4943
17 56 1237
17 57 5865
17 58 246
17 59 3088
17 60 7443
17 61 4663
17 62 3254
17 63 2739
17 64 2096
17 65 7921
17 66 3042
17 67 2775
17 68 2981
17 69 7754
17 70 3064
17 71 17672
17 72 4731
17 73 8292
17 74 759
17 75 10835
17 76 3915
18 0 3923
18 1 622
18 2 1855
18 3 2168
18 4 925
18 5 6516
18 6 512
18 7 4871
18 8 1783
18 9 1549
18 10 2387
18 11 5606
18 12 3272
18 13 2469
18 14 935
18 15 2547
18 16 338
18 17 3358
18 18 27071
18 19 5520
18 20 1507
18 21 1523
18 22 2805
18 23 291
18 24 2315
18 25 7277
18 26 1210
18 27 1007
18 28 5201
18 29 901
18 30 3315
18 31 1342
18 32 2404
18 33 4906
18 34 1962
18 35 4572
18 36 1669
18 37 1365
18 38 9666
18 39 4184
18 40 1382
18 41 1644
18 42 6162
18 43 2558
18 44 2261
18 45 1909
18 46 6958
18 47 2305
18 48 1952
18 49 6266
18 50 1587
18 51 4179
18 52 1450
18 53 3939
18 54 5239
18 55 1436
18 56 874
18 57 3724
18 58 1938
18 59 1474
18 60 2457
18 61 5207
18 62 2774
18 63 2571
18 64 1457
18 65 3199
18 66 1969
18 67 2817
18 68 1661
18 69 2259
18 70 1304
18 71 4781
18 72 1721
18 73 6513
18 74 4446
18 75 4205
18 76 2722
19 0 3511
19 1 850
19 2 2357
19 3 3251
19 4 804
19 5 17423
19 6 356
19 7 2971
19 8 2251
19 9 1499
19 10 2744
19 11 6832
19 12 5302
19 13 1910
19 14 388
19 15 1811
19 16 404
19 17 3407
19 18 6308
19 19 32703
19 20 1698
19 21 2117
19 22 4090
19 23 306
19 24 2490
19 25 7414
19 26 1620
19 27 1202
19 28 5886
19 29 1010
19 30 3920
19 31 1492
19 32 7728
19 33 5642
19 34 2288
19 35 9237
19 36 1089
19 37 1572
19 38 12083
19 39 6965
19 40 1311
19 41 1579
19 42 5966
19 43 1810
19 44 3401
19 45 3151
19 46 31789
19 47 3371
19 48 2072
19 49 4134
19 50 2583
19 51 8334
19 52 2254
19 53 2196
19 54 10385
19 55 1252
19 56 719
19 57 5786
19 58 864
19 59 1208
19 60 3340
19 61 14679
19 62 4034
19 63 1632
19 64 1694
19 65 4324
19 66 2666
19 67 2168
19 68 2409
19 69 1821
19 70 1695
19 71 4050
19 72 1939
19 73 7164
19 74 1882
19 75 4915
19 76 3043
20 0 1704
20 1 2206
20 2 3645
20 3 9060
20 4 1091
20 5 3856
20 6 278
20 7 937
20 8 2392
20 9 10270
20 10 11875
20 11 4056
20 12 4930
20 13 4532
20 14 305
20 15 1473
20 16 430
20 17 2649
20 18 1392
20 19 1787
20 20 76135
20 21 2934
20 22 4775
20 23 252
20 24 3841
20 25 3375
20 26 2715
20 27 3477
20 28 6383
20 29 3055
20 30 24137
20 31 1700
20 32 1006
20 33 6643
20 34 3053
20 35 3915
20 36 1107
20 37 5524
20 38 1459
20 39 4285
20 40 2692
20 41 1808
20 42 3404
20 43 1121
20 44 3995
20 45 5834
20 46 3104
20 47 20646
20 48 2732
20 49 890
20 50 5849
20 51 6173
20 52 3344
20 53 782
20 54 4125
20 55 1678
20 56 3927
20 57 6933
20 58 371
20 59 3216
20 60 8994
20 61 1803
20 62 3192
20 63 966
20 64 11378
20 65 22746
20 66 6356
20 67 1173
20 68 4750
20 69 2480
20 70 18258
20 71 2919
20 72 8845
20 73 2662
20 74 482
20 75 4217
20 76 13919
21 0 1907
21 1 810
21 2 10966
21 3 4749
21 4 629
21 5 6234
21 6 241
21 7 690
21 8 1900
21 9 3191
21 10 14410
21 11 5696
21 12 14022
21 13 2450
21 14 97
21 15 1498
21 16 169
21 17 2520
21 18 1710
21 19 1968
21 20 3222
21 21 21392
21 22 8820
21 23 274
21 24 2680
21 25 3326
21 26 1333
21 27 3704
21 28 5033
21 29 1612
21 30 6479
21 31 1423
21 32 1124
21 33 27327
21 34 1856
21 35 5789
21 36 1009
21 37 2207
21 38 2022
21 39 8567
21 40 1660
21 41 1330
21 42 3223
21 43 865
21 44 4959
21 45 24190
21 46 4574
21 47 6235
21 48 2631
21 49 1121
21 50 3065
21 51 14269
21 52 14114
21 53 731
21 54 4962
21 55 872
21 56 1150
21 57 31234
21 58 240
21 59 1668
21 60 3817
21 61 1892
21 62 4471
21 63 861
21 64 3268
21 65 8637
21 66 22043
21 67 1286
21 68 6593
21 69 1747
21 70 3127
21 71 3226
21 72 3013
21 73 2680
21 74 718
21 75 4593
21 76 9363
22 0 2608
22 1 1024
22 2 7901
22 3 12627
22 4 1839
22 5 12964
22 6 308
22 7 1889
22 8 3764
22 9 4254
22 10 10251
22 11 12141
22 12 16822
22 13 4333
22 14 514
22 15 2251
22 16 506
22 17 5435
22 18 2707
22 19 3949
22 20 4116
22 21 8271
22 22 71736
22 23 478
22 24 4842
22 25 6472
22 26 2136
22 27 4715
22 28 12721
22 29 2164
22 30 10037
22 31 2023
22 32 2181
22 33 20254
22 34 3932
22 35 11175
22 36 1548
22 37 3057
22 38 3137
22 39 15388
22 40 2507
22 41 2131
22 42 6738
22 43 1618
22 44 14736
22 45 9532
22 46 9354
22 47 11636
22 48 6426
22 49 1964
22 50 5278
22 51 38359
22 52 7619
22 53 974
22 54 11344
22 55 1885
22 56 2268
22 57 29792
22 58 615
22 59 2536
22 60 5739
22 61 4706
22 62 18706
22 63 1509
22 64 4411
22 65 14622
22 66 16113
22 67 2501
22 68 19133
22 69 3685
22 70 3967
22 71 6121
22 72 5140
22 73 6369
22 74 1149
22 75 14527
22 76 11560
23 0 220
23 1 173
23 2 352
23 3 659
23 4 454
23 5 644
23 6 141
23 7 176
23 8 233
23 9 360
23 10 449
23 11 470
23 12 607
23 13 481
23 14 99
23 15 815
23 16 28
23 17 379
23 18 274
23 19 294
23 20 207
23 21 176
23 22 361
23 23 0
23 24 417
23 25 562
23 26 455
23 27 180
23 28 1010
23 29 280
23 30 679
23 31 698
23 32 55
23 33 475
23 34 651
23 35 496
23 36 1018
23 37 463
23 38 304
23 39 659
23 40 373
23 41 842
23 42 1160
23 43 377
23 44 336
23 45 355
23 46 525
23 47 406
23 48 543
23 49 173
23 50 487
23 51 745
23 52 305
23 53 266
23 54 567
23 55 373
23 56 215
23 57 414
23 58 120
23 59 287
23 60 557
23 61 506
23 62 249
23 63 927
23 64 241
23 65 720
23 66 389
23 67 1118
23 68 281
23 69 823
23 70 277
23 71 519
23 72 615
23 73 561
23 74 136
23 75 399
23 76 447
24 0 1886
24 1 1552
24 2 2930
24 3 9655
24 4 1875
24 5 4225
24 6 365
24 7 1008
24 8 7209
24 9 4310
24 10 4802
24 11 6411
24 12 4228
24 13 5988
24 14 525
24 15 2224
24 16 652
24 17 8053
24 18 2222
24 19 2585
24 20 3929
24 21 2917
24 22 5635
24 23 629
24 24 50149
24 25 4626
24 26 3668
24 27 2303
24 28 17326
24 29 2831
24 30 12848
24 31 2952
24 32 1400
24 33 6004
24 34 7358
24 35 4249
24 36 1462
24 37 3436
24 38 2279
24 39 4636
24 40 3796
24 41 2723
24 42 7488
24 43 1736
24 44 9001
24 45 3861
24 46 4263
24 47 8938
24 48 14115
24 49 1686
24 50 16242
24 51 7684
24 52 2532
24 53 1015
24 54 5650
24 55 4034
24 56 2750
24 57 6913
24 58 395
24 59 6827
24 60 21065
24 61 2717
24 62 3736
24 63 1984
24 64 4172
24 65 14694
24 66 4261
24 67 1546
24 68 4219
24 69 5985
24 70 4414
24 71 6416
24 72 6949
24 73 3973
24 74 624
24 75 7872
24 76 6426
25 0 13570
25 1 1470
25 2 3064
25 3 5331
25 4 1592
25 5 11539
25 6 555
25 7 2329
25 8 3463
25 9 2575
25 10 5342
25 11 25231
25 12 7219
25 13 4353
25 14 958
25 15 4583
25 16 385
25 17 9711
25 18 6018
25 19 7522
25 20 2312
25 21 3604
25 22 6270
25 23 602
25 24 4486
25 25 57954
25 26 2272
25 27 1793
25 28 14001
25 29 2391
25 30 6617
25 31 5207
25 32 2882
25 33 8116
25 34 3968
25 35 10372
25 36 2482
25 37 2638
25 38 6612
25 39 8354
25 40 2645
25 41 3159
25 42 22803
25 43 5348
25 44 7099
25 45 4646
25 46 11879
25 47 4759
25 48 5881
25 49 8536
25 50 3910
25 51 11756
25 52 3047
25 53 3469
25 54 14460
25 55 3112
25 56 1133
25 57 8499
25 58 1433
25 59 2340
25 60 5513
25 61 10278
25 62 6242
25 63 2811
25 64 2399
25 65 9510
25 66 4585
25 67 4465
25 68 3852
25 69 4006
25 70 3077
25 71 17368
25 72 3861
25 73 28589
25 74 2392
25 75 12407
25 76 4448
26 0 1542
26 1 1842
26 2 1793
26 3 3134
26 4 2984
26 5 2566
26 6 269
26 7 654
26 8 4863
26 9 3037
26 10 3203
26 11 2887
26 12 2707
26 13 14962
26 14 372
26 15 2192
26 16 457
26 17 3039
26 18 1378
26 19 1201
26 20 2795
26 21 1535
26 22 2163
26 23 503
26 24 4154
26 25 2264
26 26 21693
26 27 945
26 28 4088
26 29 2575
26 30 8007
26 31 1296
26 32 674
26 33 2943
26 34 11560
26 35 1851
26 36 1709
26 37 3449
26 38 1177
26 39 1943
26 40 5588
26 41 2934
26 42 2624
26 43 1351
26 44 2556
26 45 1914
26 46 2793
26 47 3488
26 48 3782
26 49 1024
26 50 4504
26 51 3622
26 52 1676
26 53 376
26 54 2713
26 55 1937
26 56 1533
26 57 3049
26 58 334
26 59 4278
26 60 7165
26 61 1508
26 62 1529
26 63 1376
26 64 1760
26 65 5975
26 66 2044
26 67 1541
26 68 2126
26 69 4011
26 70 1842
26 71 2648
26 72 6206
26 73 1750
26 74 427
26 75 2401
26 76 3121
27 0 817
27 1 649
27 2 3090
27 3 12259
27 4 595
27 5 4057
27 6 227
27 7 853
27 8 1322
27 9 2428
27 10 7625
27 11 3610
27 12 4213
27 13 2374
27 14 222
27 15 923
27 16 378
27 17 1810
27 18 991
27 19 1234
27 20 4269
27 21 2988
27 22 6153
27 23 205
27 24 2395
27 25 2246
27 26 958
27 27 8296
27 28 4670
27 29 1546
27 30 7542
27 31 855
27 32 666
27 33 6841
27 34 1495
27 35 3058
27 36 484
27 37 1625
27 38 960
27 39 3613
27 40 1286
27 41 1183
27 42 2288
27 43 524
27 44 6736
27 45 4344
27 46 2892
27 47 15893
27 48 2339
27 49 884
27 50 2313
27 51 7029
27 52 3571
27 53 262
27 54 2968
27 55 783
27 56 1045
27 57 8229
27 58 251
27 59 1644
27 60 3488
27 61 1247
27 62 2726
27 63 826
27 64 3469
27 65 11009
27 66 9115
27 67 653
27 68 15834
27 69 1562
27 70 2335
27 71 2235
27 72 3194
27 73 1939
27 74 342
27 75 3865
27 76 12238
28 0 4734
28 1 1929
28 2 5228
28 3 14026
28 4 2934
28 5 11294
28 6 644
28 7 1791
28 8 9283
28 9 5488
28 10 9534
28 11 23535
28 12 10738
28 13 7358
28 14 866
28 15 4819
28 16 826
28 17 19521
28 18 4681
28 19 5235
28 20 5932
28 21 5754
28 22 12936
28 23 620
28 24 23307
28 25 12462
28 26 4955
28 27 4119
28 28 66807
28 29 3701
28 30 15513
28 31 4837
28 32 2642
28 33 11887
28 34 7416
28 35 10466
28 36 2992
28 37 4719
28 38 4297
28 39 10998
28 40 4124
28 41 4483
28 42 14401
28 43 3447
28 44 14568
28 45 7260
28 46 11368
28 47 11367
28 48 25997
28 49 3962
28 50 12601
28 51 16568
28 52 5267
28 53 2285
28 54 14388
28 55 6191
28 56 3178
28 57 12368
28 58 1019
28 59 5605
28 60 16759
28 61 5286
28 62 9442
28 63 3066
28 64 4766
28 65 19766
28 66 7354
28 67 3905
28 68 7190
28 69 8478
28 70 4755
28 71 18795
28 72 8581
28 73 9411
28 74 1380
28 75 28391
28 76 10930
29 0 861
29 1 5640
29 2 1495
29 3 3146
29 4 843
29 5 2313
29 6 163
29 7 451
29 8 2202
29 9 5587
29 10 3186
29 11 2556
29 12 2405
29 13 8918
29 14 300
29 15 1065
29 16 959
29 17 1389
29 18 1093
29 19 862
29 20 2718
29 21 1538
29 22 2307
29 23 147
29 24 2250
29 25 1568
29 26 2853
29 27 1176
29 28 3603
29 29 8990
29 30 8081
29 31 851
29 32 530
29 33 3817
29 34 4140
29 35 2423
29 36 851
29 37 10636
29 38 1068
29 39 2087
29 40 5576
29 41 1606
29 42 2357
29 43 817
29 44 2328
29 45 2292
29 46 2158
29 47 3573
29 48 1827
29 49 786
29 50 2743
29 51 2875
29 52 1294
29 53 334
29 54 2238
29 55 1435
29 56 3780
29 57 2715
29 58 226
29 59 3190
29 60 5121
29 61 1018
29 62 1488
29 63 838
29 64 2788
29 65 5119
29 66 2140
29 67 1084
29 68 2240
29 69 1749
29 70 2819
29 71 1614
29 72 12262
29 73 1588
29 74 246
29 75 2130
29 76 2656
30 0 3780
30 1 5221
30 2 6931
30 3 21505
30 4 2884
30 5 8425
30 6 661
30 7 1890
30 8 7349
30 9 23477
30 10 15695
30 11 8881
30 12 9776
30 13 15881
30 14 540
30 15 3538
30 16 1241
30 17 7136
30 18 3095
30 19 3721
30 20 23466
30 21 5791
30 22 9466
30 23 757
30 24 13944
30 25 6743
30 26 6549
30 27 7321
30 28 16090
30 29 7943
30 30 138069
30 31 3324
30 32 1842
30 33 12389
30 34 9209
30 35 8537
30 36 2645
30 37 14372
30 38 3518
30 39 8850
30 40 6720
30 41 4855
30 42 8523
30 43 2134
30 44 12332
30 45 8950
30 46 8091
30 47 27980
30 48 8322
30 49 2151
30 50 20074
30 51 15204
30 52 6177
30 53 1599
30 54 8043
30 55 4101
30 56 13203
30 57 13151
30 58 704
30 59 11562
30 60 38068
30 61 4035
30 62 5432
30 63 3205
30 64 14267
30 65 65339
30 66 10136
30 67 3046
30 68 9919
30 69 5733
30 70 23899
30 71 8069
30 72 29272
30 73 5711
30 74 1060
30 75 10153
30 76 17088
31 0 2492
31 1 686
31 2 1146
31 3 2008
31 4 1541
31 5 2762
31 6 469
31 7 929
31 8 2467
31 9 1507
31 10 2085
31 11 4594
31 12 2424
31 13 2293
31 14 495
31 15 5498
31 16 319
31 17 5345
31 18 1902
31 19 1156
31 20 1370
31 21 1187
31 22 2116
31 23 459
31 24 2430
31 25 4066
31 26 1872
31 27 752
31 28 5066
31 29 1297
31 30 2879
31 31 7234
31 32 857
31 33 2914
31 34 4121
31 35 2704
31 36 1365
31 37 1228
31 38 1657
31 39 2942
31 40 1403
31 41 3647
31 42 11417
31 43 2009
31 44 2288
31 45 1678
31 46 2807
31 47 2112
31 48 4604
31 49 1577
31 50 1812
31 51 3728
31 52 1376
31 53 878
31 54 2930
31 55 3945
31 56 853
31 57 2245
31 58 185
31 59 1660
31 60 3717
31 61 2661
31 62 1625
31 63 2630
31 64 1330
31 65 3754
31 66 1478
31 67 2693
31 68 1309
31 69 5650
31 70 1049
31 71 5192
31 72 2361
31 73 2734
31 74 572
31 75 3723
31 76 1790
32 0 1334
32 1 406
32 2 1823
32 3 1777
32 4 555
32 5 10026
32 6 154
32 7 2079
32 8 876
32 9 998
32 10 1876
32 11 3522
32 12 3915
32 13 1357
32 14 308
32 15 960
32 16 117
32 17 1574
32 18 2507
32 19 6381
32 20 824
32 21 1172
32 22 2858
32 23 216
32 24 724
32 25 3509
32 26 680
32 27 704
32 28 2617
32 29 552
32 30 1890
32 31 889
32 32 11582
32 33 3779
32 34 1259
32 35 4494
32 36 567
32 37 882
32 38 4082
32 39 5365
32 40 737
32 41 826
32 42 3051
32 43 746
32 44 1492
32 45 1555
32 46 14760
32 47 1584
32 48 1465
32 49 1536
32 50 1103
32 51 4986
32 52 1160
32 53 1324
32 54 5073
32 55 664
32 56 385
32 57 3290
32 58 343
32 59 598
32 60 1280
32 61 3499
32 62 2176
32 63 612
32 64 991
32 65 2309
32 66 1802
32 67 1135
32 68 1282
32 69 968
32 70 796
32 71 1947
32 72 1457
32 73 3397
32 74 998
32 75 2976
32 76 1861
33 0 4262
33 1 2038
33 2 39955
33 3 11865
33 4 1805
33 5 21455
33 6 722
33 7 2996
33 8 3844
33 9 6231
33 10 21444
33 11 12910
33 12 80350
33 13 6512
33 14 674
33 15 3217
33 16 800
33 17 6067
33 18 4792
33 19 7086
33 20 7205
33 21 29161
33 22 19433
33 23 680
33 24 6688
33 25 7839
33 26 3744
33 27 5878
33 28 13843
33 29 3282
33 30 14485
33 31 2900
33 32 3456
33 33 238945
33 34 5345
33 35 18824
33 36 2313
33 37 5846
33 38 4467
33 39 33013
33 40 3522
33 41 3358
33 42 7708
33 43 2519
33 44 10332
33 45 30473
33 46 15580
33 47 14654
33 48 5768
33 49 3250
33 50 6315
33 51 39906
33 52 56859
33 53 1632
33 54 13661
33 55 2738
33 56 3040
33 57 67341
33 58 635
33 59 4073
33 60 8975
33 61 6172
33 62 11074
33 63 2385
33 64 7521
33 65 16100
33 66 22675
33 67 2666
33 68 13018
33 69 4591
33 70 6451
33 71 8064
33 72 7224
33 73 7401
33 74 1434
33 75 11822
33 76 17188
34 0 2273
34 1 2534
34 2 2155
34 3 4669
34 4 5623
34 5 4346
34 6 864
34 7 998
34 8 10160
34 9 3315
34 10 4079
34 11 5585
34 12 3119
34 13 10856
34 14 536
34 15 3933
34 16 1625
34 17 5095
34 18 2691
34 19 2290
34 20 3285
34 21 2098
34 22 3814
34 23 1113
34 24 6639
34 25 4506
34 26 9756
34 27 1547
34 28 8038
34 29 3147
34 30 8349
34 31 3903
34 32 859
34 33 5236
34 34 29100
34 35 3509
34 36 3340
34 37 4286
34 38 1768
34 39 4342
34 40 5432
34 41 7241
34 42 5960
34 43 2204
34 44 4201
34 45 2476
34 46 4311
34 47 5113
34 48 5837
34 49 1500
34 50 6167
34 51 5434
34 52 2232
34 53 1102
34 54 4175
34 55 4258
34 56 1967
34 57 4708
34 58 570
34 59 6275
34 60 9662
34 61 2534
34 62 3042
34 63 2641
34 64 2984
34 65 9388
34 66 2951
34 67 3036
34 68 2708
34 69 15443
34 70 2492
34 71 4004
34 72 6500
34 73 3537
34 74 671
34 75 4604
34 76 4624
35 0 4069
35 1 1084
35 2 5500
35 3 6685
35 4 1514
35 5 44829
35 6 604
35 7 3006
35 8 2775
35 9 3776
35 10 8052
35 11 17233
35 12 19148
35 13 4327
35 14 577
35 15 2602
35 16 578
35 17 4434
35 18 4129
35 19 9161
35 20 3572
35 21 4894
35 22 13717
35 23 273
35 24 4731
35 25 11544
35 26 2430
35 27 2480
35 28 10804
35 29 1960
35 30 7748
35 31 2525
35 32 4688
35 33 18140
35 34 3595
35 35 61959
35 36 1491
35 37 2648
35 38 6214
35 39 33528
35 40 2325
35 41 2622
35 42 7819
35 43 2118
35 44 6733
35 45 7111
35 46 30338
35 47 6850
35 48 4309
35 49 3449
35 50 3982
35 51 36574
35 52 5833
35 53 1593
35 54 31830
35 55 2078
35 56 1642
35 57 16480
35 58 618
35 59 2480
35 60 5112
35 61 9203
35 62 15008
35 63 2551
35 64 2776
35 65 10140
35 66 7760
35 67 2224
35 68 5865
35 69 3765
35 70 3185
35 71 6939
35 72 4010
35 73 9158
35 74 1884
35 75 11774
35 76 6603
36 0 1378
36 1 530
36 2 1010
36 3 1416
36 4 1700
36 5 1656
36 6 1149
36 7 759
36 8 1965
36 9 1218
36 10 1102
36 11 2186
36 12 1412
36 13 2198
36 14 376
36 15 5113
36 16 360
36 17 2473
36 18 1410
36 19 1034
36 20 854
36 21 845
36 22 1639
36 23 1654
36 24 1226
36 25 2689
36 26 1259
36 27 652
36 28 3275
36 29 930
36 30 2949
36 31 1312
36 32 611
36 33 2181
36 34 3667
36 35 1969
36 36 6235
36 37 926
36 38 973
36 39 1983
36 40 1629
36 41 4252
36 42 3844
36 43 1967
36 44 1754
36 45 1148
36 46 2420
36 47 1586
36 48 2052
36 49 1120
36 50 1563
36 51 2702
36 52 891
36 53 740
36 54 1237
36 55 1481
36 56 674
36 57 2009
36 58 353
36 59 1255
36 60 2422
36 61 1613
36 62 1164
36 63 6882
36 64 1060
36 65 2768
36 66 1335
36 67 4354
36 68 955
36 69 3202
36 70 933
36 71 1815
36 72 1656
36 73 1736
36 74 339
36 75 1716
36 76 1518
37 0 1427
37 1 5642
37 2 2585
37 3 5177
37 4 1511
37 5 3555
37 6 258
37 7 898
37 8 3015
37 9 11962
37 10 5457
37 11 3278
37 12 3458
37 13 9050
37 14 269
37 15 1423
37 16 1036
37 17 2670
37 18 1273
37 19 1764
37 20 5362
37 21 2211
37 22 3063
37 23 307
37 24 3547
37 25 2715
37 26 3689
37 27 2139
37 28 5123
37 29 12033
37 30 12222
37 31 1187
37 32 782
37 33 5135
37 34 4280
37 35 3112
37 36 1217
37 37 23505
37 38 1411
37 39 3518
37 40 7238
37 41 1318
37 42 2890
37 43 1197
37 44 3994
37 45 3555
37 46 3390
37 47 6890
37 48 3082
37 49 928
37 50 3259
37 51 4305
37 52 2835
37 53 554
37 54 3392
37 55 1856
37 56 10486
37 57 4934
37 58 208
37 59 3846
37 60 7555
37 61 1889
37 62 2312
37 63 1366
37 64 4257
37 65 9049
37 66 3543
37 67 1280
37 68 2704
37 69 2779
37 70 5418
37 71 2903
37 72 12606
37 73 2284
37 74 353
37 75 3094
37 76 5705
38 0 3868
38 1 612
38 2 1837
38 3 2828
38 4 772
38 5 9493
38 6 357
38 7 6352
38 8 930
38 9 1648
38 10 2591
38 11 4851
38 12 4037
38 13 1916
38 14 696
38 15 2375
38 16 338
38 17 2644
38 18 11074
38 19 11381
38 20 1584
38 21 1719
38 22 2908
38 23 315
38 24 1530
38 25 6244
38 26 1365
38 27 960
38 28 4993
38 29 811
38 30 3148
38 31 1379
38 32 4312
38 33 5033
38 34 1841
38 35 4953
38 36 1131
38 37 1432
38 38 26712
38 39 5304
38 40 1286
38 41 1588
38 42 6016
38 43 1724
38 44 2971
38 45 2708
38 46 12553
38 47 2248
38 48 2300
38 49 5551
38 50 1600
38 51 6339
38 52 2324
38 53 1564
38 54 5869
38 55 1366
38 56 747
38 57 5011
38 58 1054
38 59 1230
38 60 3129
38 61 7790
38 62 3039
38 63 1601
38 64 1302
38 65 3994
38 66 2304
38 67 2143
38 68 2065
38 69 1937
38 70 1062
38 71 3054
38 72 2116
38 73 6216
38 74 4669
38 75 4178
38 76 2593
39 0 3884
39 1 1629
39 2 9446
39 3 7529
39 4 1450
39 5 38230
39 6 570
39 7 2661
39 8 3470
39 9 4098
39 10 9971
39 11 13070
39 12 45998
39 13 4394
39 14 482
39 15 2853
39 16 758
39 17 5717
39 18 4422
39 19 8080
39 20 4237
39 21 7699
39 22 14118
39 23 346
39 24 5253
39 25 7269
39 26 2589
39 27 3628
39 28 11429
39 29 2346
39 30 9018
39 31 2299
39 32 4717
39 33 33656
39 34 4056
39 35 33483
39 36 1757
39 37 3097
39 38 5624
39 39 116969
39 40 2499
39 41 2734
39 42 7822
39 43 2019
39 44 7775
39 45 12284
39 46 21508
39 47 8096
39 48 4389
39 49 3312
39 50 4661
39 51 50211
39 52 10095
39 53 1851
39 54 18868
39 55 2348
39 56 2109
39 57 26835
39 58 865
39 59 2667
39 60 6481
39 61 8415
39 62 13214
39 63 2827
39 64 4221
39 65 10427
39 66 10389
39 67 2676
39 68 6805
39 69 4032
39 70 4063
39 71 8021
39 72 5236
39 73 7802
39 74 1228
39 75 11421
39 76 9497
40 0 1299
40 1 8522
40 2 2072
40 3 3680
40 4 2569
40 5 2492
40 6 398
40 7 641
40 8 2544
40 9 4605
40 10 3307
40 11 2624
40 12 2345
40 13 12850
40 14 484
40 15 1815
40 16 2248
40 17 2097
40 18 1618
40 19 1542
40 20 2397
40 21 1239
40 22 2656
40 23 430
40 24 3003
40 25 2220
40 26 6269
40 27 1427
40 28 4361
40 29 6976
40 30 7800
40 31 1096
40 32 787
40 33 3744
40 34 5829
40 35 2195
40 36 1602
40 37 6540
40 38 1293
40 39 2593
40 40 27912
40 41 1803
40 42 2958
40 43 871
40 44 2293
40 45 2149
40 46 2645
40 47 4116
40 48 2075
40 49 780
40 50 3296
40 51 4107
40 52 1706
40 53 509
40 54 2174
40 55 1775
40 56 2933
40 57 3399
40 58 387
40 59 4473
40 60 6650
40 61 1079
40 62 1831
40 63 1773
40 64 2151
40 65 6351
40 66 2491
40 67 1408
40 68 2171
40 69 3018
40 70 2879
40 71 2872
40 72 8167
40 73 2174
40 74 526
40 75 2207
40 76 3167
41 0 2252
41 1 1343
41 2 1337
41 3 2805
41 4 2642
41 5 3148
41 6 674
41 7 874
41 8 4960
41 9 1628
41 10 2394
41 11 4322
41 12 2784
41 13 3333
41 14 749
41 15 4283
41 16 205
41 17 3331
41 18 2134
41 19 1772
41 20 1981
41 21 1355
41 22 2474
41 23 868
41 24 2758
41 25 4548
41 26 2465
41 27 1106
41 28 5675
41 29 1803
41 30 4622
41 31 2990
41 32 528
41 33 3371
41 34 7071
41 35 2362
41 36 3694
41 37 1801
41 38 1155
41 39 2645
41 40 2558
41 41 15474
41 42 6554
41 43 2562
41 44 2687
41 45 1971
41 46 3146
41 47 2787
41 48 3412
41 49 1320
41 50 2257
41 51 3324
41 52 1232
41 53 1377
41 54 3176
41 55 6581
41 56 1124
41 57 3284
41 58 363
41 59 2520
41 60 4174
41 61 1867
41 62 1742
41 63 2961
41 64 1635
41 65 4501
41 66 2088
41 67 2852
41 68 1569
41 69 10659
41 70 1742
41 71 3257
41 72 2900
41 73 2946
41 74 758
41 75 4012
41 76 2509
42 0 12902
42 1 1714
42 2 3541
42 3 5670
42 4 2833
42 5 9734
42 6 932
42 7 2998
42 8 5688
42 9 3701
42 10 5517
42 11 16108
42 12 7255
42 13 4596
42 14 1076
42 15 7450
42 16 780
42 17 18432
42 18 5955
42 19 5331
42 20 2920
42 21 3034
42 22 7257
42 23 768
42 24 6465
42 25 24880
42 26 3034
42 27 2346
42 28 15834
42 29 2142
42 30 7958
42 31 12145
42 32 2537
42 33 8475
42 34 4833
42 35 7871
42 36 3873
42 37 3556
42 38 4053
42 39 8032
42 40 3312
42 41 6365
42 42 75919
42 43 8267
42 44 7177
42 45 4777
42 46 10188
42 47 6345
42 48 8642
42 49 5755
42 50 5467
42 51 9937
42 52 3425
42 53 4458
42 54 11681
42 55 4987
42 56 1817
42 57 8221
42 58 1313
42 59 3757
42 60 8147
42 61 7399
42 62 5396
42 63 4448
42 64 3252
42 65 8544
42 66 4493
42 67 4829
42 68 4114
42 69 7192
42 70 3477
42 71 21120
42 72 5863
42 73 13210
42 74 2045
42 75 11751
42 76 5281
43 0 4665
43 1 419
43 2 936
43 3 1703
43 4 802
43 5 2868
43 6 600
43 7 863
43 8 1388
43 9 1037
43 10 1574
43 11 3825
43 12 2353
43 13 1752
43 14 609
43 15 4686
43 16 169
43 17 2740
43 18 2729
43 19 1954
43 20 1313
43 21 976
43 22 2099
43 23 159
43 24 1865
43 25 3973
43 26 1511
43 27 632
43 28 3323
43 29 566
43 30 2124
43 31 2034
43 32 825
43 33 2469
43 34 2084
43 35 2321
43 36 2396
43 37 855
43 38 1564
43 39 2301
43 40 1120
43 41 2602
43 42 8693
43 43 5012
43 44 1539
43 45 1221
43 46 3273
43 47 1875
43 48 2712
43 49 1888
43 50 1030
43 51 2551
43 52 942
43 53 1359
43 54 2736
43 55 1323
43 56 832
43 57 2223
43 58 746
43 59 836
43 60 2419
43 61 2451
43 62 1302
43 63 3192
43 64 1212
43 65 2477
43 66 1066
43 67 4729
43 68 1276
43 69 1824
43 70 817
43 71 3222
43 72 2029
43 73 3153
43 74 738
43 75 2857
43 76 1210
44 0 2540
44 1 1600
44 2 4411
44 3 23101
44 4 1442
44 5 8042
44 6 410
44 7 1294
44 8 3712
44 9 5226
44 10 9573
44 11 9586
44 12 8011
44 13 4475
44 14 420
44 15 2274
44 16 376
44 17 5752
44 18 2263
44 19 2739
44 20 5585
44 21 4867
44 22 14457
44 23 376
44 24 8049
44 25 5288
44 26 2201
44 27 6346
44 28 21024
44 29 2371
44 30 11713
44 31 2853
44 32 1630
44 33 10684
44 34 4220
44 35 7190
44 36 1773
44 37 3441
44 38 2656
44 39 8842
44 40 3074
44 41 2026
44 42 6492
44 43 1384
44 44 43289
44 45 6079
44 46 7144
44 47 14410
44 48 5814
44 49 1796
44 50 7548
44 51 15530
44 52 5208
44 53 1376
44 54 7858
44 55 1791
44 56 1967
44 57 12859
44 58 318
44 59 3005
44 60 10568
44 61 3626
44 62 8020
44 63 1896
44 64 5433
44 65 19500
44 66 10046
44 67 2402
44 68 14065
44 69 3708
44 70 5113
44 71 8321
44 72 5227
44 73 4513
44 74 942
44 75 13071
44 76 11408
45 0 2498
45 1 1491
45 2 25637
45 3 8671
45 4 1243
45 5 8063
45 6 472
45 7 1602
45 8 2034
45 9 5252
45 10 25397
45 11 5953
45 12 15496
45 13 4028
45 14 329
45 15 1430
45 16 510
45 17 3716
45 18 2668
45 19 2800
45 20 5988
45 21 23699
45 22 9947
45 23 327
45 24 3990
45 25 4360
45 26 2257
45 27 4886
45 28 6044
45 29 2177
45 30 9298
45 31 1550
45 32 1656
45 33 29979
45 34 2822
45 35 7383
45 36 1322
45 37 3259
45 38 3011
45 39 10647
45 40 2333
45 41 2444
45 42 4607
45 43 935
45 44 7085
45 45 120233
45 46 6539
45 47 11536
45 48 3652
45 49 1657
45 50 4320
45 51 15632
45 52 25481
45 53 1020
45 54 6441
45 55 1762
45 56 2413
45 57 22966
45 58 193
45 59 2474
45 60 6632
45 61 3320
45 62 5274
45 63 1290
45 64 6483
45 65 10874
45 66 30474
45 67 1666
45 68 8261
45 69 2509
45 70 4871
45 71 4046
45 72 5200
45 73 3514
45 74 873
45 75 5871
45 76 16164
46 0 5960
46 1 1333
46 2 6282
46 3 6389
46 4 2006
46 5 52223
46 6 638
46 7 5587
46 8 3130
46 9 3632
46 10 6344
46 11 15225
46 12 14208
46 13 4348
46 14 797
46 15 3591
46 16 473
46 17 5126
46 18 7390
46 19 33108
46 20 3365
46 21 4556
46 22 10040
46 23 641
46 24 4151
46 25 15111
46 26 2117
46 27 2946
46 28 10492
46 29 1930
46 30 8954
46 31 2643
46 32 17599
46 33 14089
46 34 4429
46 35 26416
46 36 1823
46 37 2727
46 38 11143
46 39 22006
46 40 2672
46 41 2692
46 42 9959
46 43 2563
46 44 6493
46 45 6411
46 46 132925
46 47 6129
46 48 5331
46 49 5943
46 50 3872
46 51 19753
46 52 5694
46 53 2235
46 54 24518
46 55 2136
46 56 1603
46 57 14461
46 58 1306
46 59 2495
46 60 6354
46 61 17727
46 62 9841
46 63 2636
46 64 3207
46 65 8236
46 66 6199
46 67 3089
46 68 5941
46 69 3946
46 70 3430
46 71 10340
46 72 3960
46 73 12677
46 74 3234
46 75 10495
46 76 5786
47 0 2771
47 1 2623
47 2 6490
47 3 25709
47 4 1890
47 5 7171
47 6 481
47 7 1439
47 8 4012
47 9 8989
47 10 21262
47 11 7541
47 12 9067
47 13 6958
47 14 455
47 15 2584
47 16 841
47 17 4626
47 18 2167
47 19 2982
47 20 20249
47 21 8315
47 22 10634
47 23 473
47 24 8049
47 25 5169
47 26 3534
47 27 15243
47 28 13245
47 29 3487
47 30 22669
47 31 2278
47 32 1316
47 33 14255
47 34 4576
47 35 6692
47 36 1970
47 37 6430
47 38 3100
47 39 7379
47 40 3876
47 41 2818
47 42 6320
47 43 1667
47 44 10282
47 45 10322
47 46 6007
47 47 66930
47 48 5588
47 49 1598
47 50 9405
47 51 12020
47 52 6494
47 53 968
47 54 7172
47 55 2618
47 56 4090
47 57 15647
47 58 430
47 59 4367
47 60 12760
47 61 3391
47 62 5662
47 63 1885
47 64 20354
47 65 49625
47 66 12556
47 67 1940
47 68 12096
47 69 4019
47 70 12512
47 71 5944
47 72 8329
47 73 4035
47 74 765
47 75 9173
47 76 36879
48 0 2554
48 1 1435
48 2 2195
48 3 6608
48 4 2027
48 5 4861
48 6 574
48 7 1307
48 8 9864
48 9 2506
48 10 4050
48 11 8708
48 12 4420
48 13 5237
48 14 552
48 15 3654
48 16 391
48 17 13533
48 18 1945
48 19 3069
48 20 1978
48 21 2332
48 22 4557
48 23 702
48 24 10529
48 25 6560
48 26 2982
48 27 2030
48 28 20611
48 29 2116
48 30 9286
48 31 5337
48 32 1263
48 33 6215
48 34 6124
48 35 4828
48 36 1728
48 37 2554
48 38 2344
48 39 4752
48 40 2419
48 41 4047
48 42 10788
48 43 2063
48 44 6656
48 45 3314
48 46 4451
48 47 5015
48 48 23859
48 49 2333
48 50 8066
48 51 6912
48 52 2777
48 53 1292
48 54 5995
48 55 6875
48 56 1748
48 57 6256
48 58 526
48 59 4034
48 60 9120
48 61 2941
48 62 3689
48 63 2798
48 64 2934
48 65 10055
48 66 3917
48 67 2694
48 68 3566
48 69 8199
48 70 3167
48 71 8205
48 72 4726
48 73 5555
48 74 784
48 75 8063
48 76 4541
49 0 4657
49 1 651
49 2 1479
49 3 2113
49 4 571
49 5 5085
49 6 81
49 7 1553
49 8 1388
49 9 1037
49 10 1873
49 11 4830
49 12 2996
49 13 1394
49 14 486
49 15 1458
49 16 192
49 17 2790
49 18 6020
49 19 3937
49 20 939
49 21 1425
49 22 2047
49 23 327
49 24 1570
49 25 6024
49 26 698
49 27 692
49 28 3282
49 29 459
49 30 2342
49 31 1117
49 32 1478
49 33 3460
49 34 1180
49 35 4375
49 36 832
49 37 875
49 38 6928
49 39 2823
49 40 1022
49 41 933
49 42 4596
49 43 1388
49 44 1778
49 45 1582
49 46 6401
49 47 1914
49 48 1336
49 49 6117
49 50 1329
49 51 4517
49 52 1440
49 53 4405
49 54 3982
49 55 1540
49 56 485
49 57 2644
49 58 595
49 59 1002
49 60 2077
49 61 6806
49 62 2260
49 63 1325
49 64 878
49 65 2704
49 66 1668
49 67 1222
49 68 1440
49 69 1626
49 70 793
49 71 3814
49 72 1378
49 73 8670
49 74 1252
49 75 2966
49 76 1367
50 0 2068
50 1 1768
50 2 2737
50 3 11135
50 4 1812
50 5 5089
50 6 416
50 7 1093
50 8 5049
50 9 5750
50 10 5403
50 11 6271
50 12 4570
50 13 7820
50 14 372
50 15 2303
50 16 458
50 17 5118
50 18 1994
50 19 2095
50 20 4902
50 21 2868
50 22 5528
50 23 426
50 24 22511
50 25 3902
50 26 3800
50 27 2908
50 28 14214
50 29 3729
50 30 21716
50 31 2602
50 32 1157
50 33 6461
50 34 5604
50 35 4297
50 36 1418
50 37 4870
50 38 1893
50 39 4486
50 40 3424
50 41 2944
50 42 5171
50 43 1101
50 44 7853
50 45 4362
50 46 3548
50 47 9389
50 48 8554
50 49 1296
50 50 23243
50 51 7221
50 52 3159
50 53 1265
50 54 4710
50 55 2460
50 56 2472
50 57 7392
50 58 375
50 59 4767
50 60 28009
50 61 1591
50 62 3624
50 63 1313
50 64 4726
50 65 21058
50 66 5354
50 67 1779
50 68 4526
50 69 4305
50 70 5414
50 71 4940
50 72 9594
50 73 3136
50 74 969
50 75 5701
50 76 6020
51 0 5178
51 1 2141
51 2 12104
51 3 12739
51 4 2343
51 5 28723
51 6 509
51 7 3585
51 8 4485
51 9 5725
51 10 15170
51 11 19258
51 12 52671
51 13 6386
51 14 858
51 15 3455
51 16 668
51 17 7152
51 18 5120
51 19 8404
51 20 6093
51 21 13520
51 22 42757
51 23 955
51 24 7324
51 25 11438
51 26 3564
51 27 6621
51 28 16141
51 29 3791
51 30 13577
51 31 3468
51 32 3921
51 33 38932
51 34 5814
51 35 37941
51 36 2303
51 37 5143
51 38 6109
51 39 49135
51 40 3837
51 41 3842
51 42 11328
51 43 3215
51 44 15196
51 45 13668
51 46 20100
51 47 13679
51 48 7706
51 49 4291
51 50 6976
51 51 179886
51 52 13215
51 53 1875
51 54 28296
51 55 3650
51 56 2284
51 57 51441
51 58 1078
51 59 4200
51 60 8768
51 61 7831
51 62 39856
51 63 3062
51 64 6736
51 65 17492
51 66 16127
51 67 3732
51 68 16433
51 69 5252
51 70 5611
51 71 9064
51 72 7148
51 73 10377
51 74 1831
51 75 20149
51 76 14132
52 0 1799
52 1 841
52 2 29863
52 3 5279
52 4 905
52 5 7810
52 6 194
52 7 1023
52 8 1699
52 9 3028
52 10 11147
52 11 5365
52 12 16230
52 13 2686
52 14 222
52 15 1380
52 16 200
52 17 2373
52 18 2058
52 19 2533
52 20 3329
52 21 15205
52 22 7123
52 23 229
52 24 2565
52 25 2974
52 26 1472
52 27 2924
52 28 4429
52 29 1385
52 30 6503
52 31 1436
52 32 1373
52 33 53036
52 34 2142
52 35 6821
52 36 634
52 37 2657
52 38 2178
52 39 9259
52 40 1661
52 41 1352
52 42 3657
52 43 1000
52 44 5519
52 45 25404
52 46 5260
52 47 6964
52 48 2605
52 49 1429
52 50 2825
52 51 12303
52 52 53476
52 53 846
52 54 4711
52 55 1520
52 56 1514
52 57 20002
52 58 245
52 59 1993
52 60 4085
52 61 2405
52 62 4561
52 63 1161
52 64 2893
52 65 6334
52 66 12241
52 67 1497
52 68 6056
52 69 1879
52 70 2821
52 71 3148
52 72 3362
52 73 3180
52 74 734
52 75 5034
52 76 9606
53 0 3654
53 1 197
53 2 1009
53 3 1308
53 4 531
53 5 2317
53 6 244
53 7 680
53 8 877
53 9 512
53 10 1095
53 11 2522
53 12 1272
53 13 1022
53 14 379
53 15 1457
53 16 89
53 17 1349
53 18 3455
53 19 1742
53 20 540
53 21 847
53 22 1222
53 23 167
53 24 879
53 25 3344
53 26 682
53 27 465
53 28 2041
53 29 545
53 30 1408
53 31 850
53 32 872
53 33 1523
53 34 1032
53 35 1695
53 36 454
53 37 837
53 38 2619
53 39 1769
53 40 551
53 41 1299
53 42 4316
53 43 1604
53 44 1130
53 45 970
53 46 1663
53 47 1333
53 48 1478
53 49 2627
53 50 870
53 51 2811
53 52 811
53 53 1442
53 54 2515
53 55 931
53 56 346
53 57 1383
53 58 117
53 59 626
53 60 1442
53 61 1883
53 62 1224
53 63 887
53 64 494
53 65 1478
53 66 1044
53 67 1337
53 68 677
53 69 927
53 70 584
53 71 2298
53 72 1154
53 73 2966
53 74 684
53 75 1465
53 76 999
54 0 5055
54 1 1627
54 2 5166
54 3 7122
54 4 1589
54 5 25471
54 6 408
54 7 2931
54 8 4065
54 9 3770
54 10 6410
54 11 31282
54 12 13151
54 13 3914
54 14 560
54 15 3099
54 16 443
54 17 5704
54 18 4372
54 19 11325
54 20 3358
54 21 4149
54 22 13509
54 23 564
54 24 4533
54 25 16536
54 26 2713
54 27 3092
54 28 14170
54 29 1962
54 30 7819
54 31 2913
54 32 4549
54 33 13163
54 34 3230
54 35 31931
54 36 1720
54 37 2662
54 38 6561
54 39 17364
54 40 2073
54 41 3066
54 42 12177
54 43 2359
54 44 7994
54 45 6570
54 46 25458
54 47 6184
54 48 4734
54 49 4412
54 50 3475
54 51 27664
54 52 5038
54 53 2248
54 54 71892
54 55 2896
54 56 1555
54 57 14498
54 58 785
54 59 2444
54 60 6576
54 61 14495
54 62 18978
54 63 2950
54 64 3721
54 65 9322
54 66 7220
54 67 3174
54 68 6105
54 69 4679
54 70 2976
54 71 11490
54 72 3963
54 73 17143
54 74 2139
54 75 16815
54 76 6851
55 0 1559
55 1 820
55 2 1259
55 3 2617
55 4 1413
55 5 3240
55 6 504
55 7 654
55 8 4869
55 9 1636
55 10 2604
55 11 4577
55 12 2555
55 13 3027
55 14 268
55 15 3805
55 16 212
55 17 7878
55 18 1662
55 19 1536
55 20 1476
55 21 1234
55 22 2424
55 23 334
55 24 3203
55 25 3862
55 26 1894
55 27 847
55 28 5418
55 29 1165
55 30 4477
55 31 5352
55 32 574
55 33 3128
55 34 4283
55 35 2005
55 36 1979
55 37 1697
55 38 1230
55 39 1816
55 40 1724
55 41 6837
55 42 5176
55 43 2072
55 44 1896
55 45 1773
55 46 2201
55 47 2354
55 48 7190
55 49 1279
55 50 2785
55 51 2817
55 52 1367
55 53 692
55 54 2569
55 55 15965
55 56 648
55 57 2663
55 58 151
55 59 2489
55 60 4582
55 61 1495
55 62 1268
55 63 2054
55 64 969
55 65 4550
55 66 1298
55 67 2653
55 68 1611
55 69 9049
55 70 1630
55 71 4408
55 72 3181
55 73 2593
55 74 193
55 75 2489
55 76 2329
56 0 852
56 1 1828
56 2 1307
56 3 3102
56 4 730
56 5 2020
56 6 216
56 7 475
56 8 1797
56 9 8858
56 10 3863
56 11 1850
56 12 1925
56 13 4378
56 14 108
56 15 746
56 16 181
56 17 1381
56 18 659
56 19 992
56 20 3459
56 21 1143
56 22 1746
56 23 95
56 24 2674
56 25 1337
56 26 2393
56 27 1469
56 28 2414
56 29 3605
56 30 12339
56 31 750
56 32 530
56 33 2871
56 34 1731
56 35 1853
56 36 653
56 37 8144
56 38 435
56 39 2212
56 40 2692
56 41 835
56 42 2154
56 43 396
56 44 2301
56 45 1897
56 46 1689
56 47 5281
56 48 1953
56 49 515
56 50 3063
56 51 2763
56 52 1554
56 53 238
56 54 1751
56 55 910
56 56 2938
56 57 2830
56 58 198
56 59 3663
56 60 5878
56 61 1018
56 62 1351
56 63 545
56 64 2745
56 65 7119
56 66 1957
56 67 808
56 68 1763
56 69 1369
56 70 5058
56 71 1972
56 72 13217
56 73 1181
56 74 276
56 75 2093
56 76 2622
57 0 3727
57 1 1716
57 2 16815
57 3 14696
57 4 1559
57 5 17651
57 6 582
57 7 2128
57 8 3735
57 9 6720
57 10 23008
57 11 12657
57 12 51038
57 13 6543
57 14 680
57 15 2482
57 16 758
57 17 4973
57 18 4333
57 19 6328
57 20 6091
57 21 29730
57 22 31296
57 23 584
57 24 6351
57 25 8000
57 26 2995
57 27 9770
57 28 13911
57 29 3025
57 30 14021
57 31 2922
57 32 3224
57 33 64778
57 34 4459
57 35 16968
57 36 1901
57 37 4376
57 38 4395
57 39 25339
57 40 3618
57 41 3447
57 42 7261
57 43 2238
57 44 12267
57 45 24325
57 46 13148
57 47 15084
57 48 5656
57 49 2705
57 50 6167
57 51 48583
57 52 21767
57 53 1893
57 54 14607
57 55 3076
57 56 2469
57 57 147860
57 58 626
57 59 4043
57 60 9585
57 61 6281
57 62 11829
57 63 2269
57 64 7395
57 65 17228
57 66 27517
57 67 2959
57 68 18092
57 69 3934
57 70 6527
57 71 7194
57 72 6218
57 73 6759
57 74 1481
57 75 12507
57 76 17623
58 0 1390
58 1 201
58 2 392
58 3 577
58 4 173
58 5 831
58 6 158
58 7 690
58 8 542
58 9 335
58 10 414
58 11 1057
58 12 677
58 13 345
58 14 463
58 15 758
58 16 57
58 17 767
58 18 2017
58 19 526
58 20 86
58 21 255
58 22 337
58 23 129
58 24 325
58 25 968
58 26 200
58 27 171
58 28 584
58 29 310
58 30 548
58 31 653
58 32 363
58 33 826
58 34 413
58 35 773
58 36 215
58 37 281
58 38 1350
58 39 712
58 40 185
58 41 397
58 42 1368
58 43 445
58 44 345
58 45 252
58 46 703
58 47 599
58 48 595
58 49 1099
58 50 364
58 51 1056
58 52 219
58 53 954
58 54 1128
58 55 577
58 56 130
58 57 604
58 58 0
58 59 265
58 60 583
58 61 964
58 62 331
58 63 659
58 64 252
58 65 559
58 66 222
58 67 521
58 68 290
58 69 354
58 70 212
58 71 719
58 72 284
58 73 1336
58 74 437
58 75 554
58 76 299
59 0 1483
59 1 2268
59 2 1485
59 3 5408
59 4 1805
59 5 3734
59 6 336
59 7 724
59 8 3713
59 9 4450
59 10 3645
59 11 2950
59 12 3108
59 13 15176
59 14 172
59 15 1510
59 16 1037
59 17 3048
59 18 1575
59 19 1145
59 20 3139
59 21 1934
59 22 2986
59 23 439
59 24 4695
59 25 3061
59 26 5935
59 27 1501
59 28 6601
59 29 4186
59 30 11934
59 31 1407
59 32 834
59 33 3472
59 34 4825
59 35 2600
59 36 1040
59 37 4726
59 38 1155
59 39 2859
59 40 5380
59 41 2049
59 42 3141
59 43 1152
59 44 4272
59 45 2763
59 46 2697
59 47 5070
59 48 3142
59 49 998
59 50 5720
59 51 4038
59 52 1746
59 53 560
59 54 3005
59 55 1549
59 56 4206
59 57 3262
59 58 279
59 59 18959
59 60 18140
59 61 1543
59 62 2042
59 63 1511
59 64 1920
59 65 8983
59 66 2648
59 67 1744
59 68 2369
59 69 3998
59 70 4097
59 71 3086
59 72 14063
59 73 1899
59 74 397
59 75 3086
59 76 4538
60 0 3392
60 1 3914
60 2 3570
60 3 11772
60 4 3060
60 5 7324
60 6 638
60 7 1516
60 8 11510
60 9 8960
60 10 8810
60 11 7522
60 12 6789
60 13 14828
60 14 641
60 15 3039
60 16 1139
60 17 7036
60 18 3024
60 19 2891
60 20 8290
60 21 4028
60 22 7564
60 23 694
60 24 20675
60 25 5964
60 26 7307
60 27 3388
60 28 14554
60 29 5706
60 30 35565
60 31 3355
60 32 1586
60 33 7981
60 34 9569
60 35 5504
60 36 2127
60 37 7859
60 38 3059
60 39 6623
60 40 6117
60 41 5149
60 42 7944
60 43 2214
60 44 7911
60 45 6371
60 46 5596
60 47 11401
60 48 8301
60 49 1706
60 50 30478
60 51 9635
60 52 3677
60 53 1240
60 54 5899
60 55 4945
60 56 5939
60 57 9174
60 58 525
60 59 16808
60 60 66289
60 61 2739
60 62 5174
60 63 2566
60 64 6881
60 65 24971
60 66 6631
60 67 2809
60 68 4838
60 69 7906
60 70 7251
60 71 7612
60 72 22117
60 73 4979
60 74 948
60 75 7019
60 76 8543
61 0 4888
61 1 891
61 2 2379
61 3 3268
61 4 1002
61 5 12869
61 6 361
61 7 2284
61 8 1961
61 9 1781
61 10 3232
61 11 10931
61 12 6608
61 13 2098
61 14 417
61 15 1890
61 16 213
61 17 3697
61 18 5480
61 19 13888
61 20 1726
61 21 2088
61 22 4581
61 23 354
61 24 3100
61 25 9731
61 26 1304
61 27 1034
61 28 6247
61 29 1134
61 30 4219
61 31 2358
61 32 3597
61 33 6823
61 34 2524
61 35 9309
61 36 1188
61 37 1573
61 38 8304
61 39 7089
61 40 1673
61 41 2095
61 42 7409
61 43 2027
61 44 3975
61 45 3357
61 46 19156
61 47 3075
61 48 2886
61 49 5237
61 50 2392
61 51 8238
61 52 2670
61 53 2293
61 54 13909
61 55 1659
61 56 965
61 57 5750
61 58 848
61 59 1631
61 60 3718
61 61 49865
61 62 4689
61 63 1796
61 64 1958
61 65 4294
61 66 2861
61 67 2077
61 68 2969
61 69 2671
61 70 1754
61 71 6645
61 72 2452
61 73 18098
61 74 1464
61 75 6538
61 76 3373
62 0 2842
62 1 883
62 2 4374
62 3 7178
62 4 1008
62 5 10950
62 6 204
62 7 1186
62 8 2595
62 9 2883
62 10 5192
62 11 12526
62 12 12909
62 13 2835
62 14 204
62 15 2007
62 16 164
62 17 3334
62 18 2187
62 19 4172
62 20 2983
62 21 5065
62 22 20175
62 23 369
62 24 3929
62 25 6323
62 26 1343
62 27 2001
62 28 10015
62 29 1324
62 30 6379
62 31 1758
62 32 1709
62 33 12174
62 34 2330
62 35 16008
62 36 1071
62 37 2384
62 38 3144
62 39 12435
62 40 1830
62 41 1956
62 42 6388
62 43 1654
62 44 9817
62 45 5117
62 46 10007
62 47 7144
62 48 3114
62 49 2514
62 50 3880
62 51 40601
62 52 3551
62 53 993
62 54 16564
62 55 1810
62 56 983
62 57 13925
62 58 571
62 59 1735
62 60 4607
62 61 4422
62 62 30579
62 63 1210
62 64 2249
62 65 7767
62 66 4981
62 67 1506
62 68 6600
62 69 2702
62 70 2247
62 71 6081
62 72 3296
62 73 5664
62 74 1040
62 75 16692
62 76 6484
63 0 2284
63 1 791
63 2 1314
63 3 1601
63 4 1226
63 5 2894
63 6 1513
63 7 719
63 8 1793
63 9 1213
63 10 1663
63 11 3352
63 12 2422
63 13 2331
63 14 1075
63 15 5181
63 16 538
63 17 2180
63 18 2051
63 19 1522
63 20 1313
63 21 860
63 22 1502
63 23 644
63 24 1960
63 25 2774
63 26 1312
63 27 480
63 28 3685
63 29 1047
63 30 3020
63 31 1645
63 32 903
63 33 2943
63 34 3175
63 35 2204
63 36 7653
63 37 1274
63 38 1515
63 39 2350
63 40 1474
63 41 4087
63 42 4904
63 43 3320
63 44 1833
63 45 1373
63 46 2560
63 47 1927
63 48 2539
63 49 927
63 50 1614
63 51 3058
63 52 1089
63 53 1191
63 54 2329
63 55 1903
63 56 585
63 57 2653
63 58 499
63 59 1071
63 60 2591
63 61 1716
63 62 1332
63 63 19573
63 64 1096
63 65 2703
63 66 1535
63 67 6330
63 68 1484
63 69 3284
63 70 1073
63 71 2416
63 72 2155
63 73 2175
63 74 754
63 75 2834
63 76 1840
64 0 1181
64 1 1828
64 2 3336
64 3 8104
64 4 1084
64 5 3634
64 6 220
64 7 779
64 8 2265
64 9 8844
64 10 12769
64 11 3846
64 12 5083
64 13 3731
64 14 272
64 15 1152
64 16 369
64 17 2194
64 18 1564
64 19 1573
64 20 18927
64 21 3588
64 22 4377
64 23 305
64 24 3824
64 25 2667
64 26 2066
64 27 3332
64 28 4526
64 29 2306
64 30 14168
64 31 1028
64 32 825
64 33 8173
64 34 2813
64 35 3457
64 36 1166
64 37 4546
64 38 1596
64 39 4039
64 40 2472
64 41 1223
64 42 2759
64 43 1031
64 44 4785
64 45 6221
64 46 2995
64 47 19303
64 48 2795
64 49 1227
64 50 4068
64 51 5819
64 52 3975
64 53 579
64 54 3459
64 55 1116
64 56 2368
64 57 7867
64 58 313
64 59 2336
64 60 5268
64 61 1680
64 62 3170
64 63 983
64 64 47480
64 65 14366
64 66 6064
64 67 897
64 68 4739
64 69 2275
64 70 14229
64 71 2646
64 72 5697
64 73 2241
64 74 398
64 75 4565
64 76 14771
65 0 3566
65 1 3842
65 2 7519
65 3 47098
65 4 3024
65 5 11472
65 6 587
65 7 2060
65 8 8067
65 9 14545
65 10 20337
65 11 11105
65 12 11586
65 13 12057
65 14 780
65 15 3851
65 16 687
65 17 6870
65 18 3480
65 19 3949
65 20 24251
65 21 7874
65 22 14065
65 23 760
65 24 13093
65 25 7976
65 26 5799
65 27 10590
65 28 20703
65 29 6124
65 30 70530
65 31 3186
65 32 2485
65 33 15949
65 34 8155
65 35 9105
65 36 2520
65 37 9673
65 38 4016
65 39 11810
65 40 6934
65 41 4149
65 42 9194
65 43 2370
65 44 16893
65 45 11330
65 46 9496
65 47 45783
65 48 9471
65 49 2668
65 50 21449
65 51 16218
65 52 7051
65 53 1764
65 54 9385
65 55 4147
65 56 7020
65 57 15523
65 58 670
65 59 8106
65 60 26895
65 61 4821
65 62 8302
65 63 3121
65 64 15269
65 65 154450
65 66 14132
65 67 3490
65 68 14251
65 69 5861
65 70 14973
65 71 7716
65 72 19756
65 73 6323
65 74 1199
65 75 13490
65 76 22834
66 0 2035
66 1 1620
66 2 10889
66 3 11752
66 4 1156
66 5 7538
66 6 362
66 7 1250
66 8 2602
66 9 5176
66 10 27555
66 11 7075
66 12 13531
66 13 3983
66 14 369
66 15 1506
66 16 475
66 17 3421
66 18 1974
66 19 3035
66 20 4926
66 21 17784
66 22 14019
66 23 500
66 24 3855
66 25 4402
66 26 2106
66 27 7904
66 28 8520
66 29 2006
66 30 10339
66 31 1343
66 32 1930
66 33 24116
66 34 3060
66 35 6848
66 36 1129
66 37 3303
66 38 2648
66 39 10837
66 40 2729
66 41 2068
66 42 4454
66 43 1544
66 44 8388
66 45 25508
66 46 6405
66 47 12384
66 48 4050
66 49 1577
66 50 4385
66 51 16478
66 52 9865
66 53 1063
66 54 7448
66 55 2001
66 56 2586
66 57 31923
66 58 569
66 59 2642
66 60 6840
66 61 2801
66 62 5227
66 63 1504
66 64 7039
66 65 12465
66 66 49257
66 67 1711
66 68 14364
66 69 2679
66 70 4874
66 71 3387
66 72 5002
66 73 4137
66 74 809
66 75 7969
66 76 17557
67 0 2611
67 1 863
67 2 1249
67 3 2097
67 4 1668
67 5 2524
67 6 902
67 7 1073
67 8 1626
67 9 1451
67 10 2225
67 11 3276
67 12 2290
67 13 2253
67 14 939
67 15 9210
67 16 435
67 17 2480
67 18 2356
67 19 1719
67 20 1274
67 21 1219
67 22 1764
67 23 814
67 24 1975
67 25 3412
67 26 1400
67 27 879
67 28 3848
67 29 1046
67 30 2895
67 31 2001
67 32 788
67 33 2715
67 34 2472
67 35 2456
67 36 3105
67 37 1256
67 38 2014
67 39 2561
67 40 1682
67 41 3134
67 42 5912
67 43 6766
67 44 1723
67 45 1558
67 46 3008
67 47 2213
67 48 2723
67 49 1815
67 50 1842
67 51 3102
67 52 1163
67 53 744
67 54 2613
67 55 2263
67 56 578
67 57 2638
67 58 432
67 59 1574
67 60 2767
67 61 2071
67 62 1168
67 63 6215
67 64 1096
67 65 2688
67 66 1686
67 67 26330
67 68 1548
67 69 2469
67 70 924
67 71 3437
67 72 2088
67 73 3223
67 74 629
67 75 2548
67 76 2014
68 0 1708
68 1 1247
68 2 5183
68 3 12002
68 4 979
68 5 6750
68 6 398
68 7 882
68 8 2340
68 9 3883
68 10 11665
68 11 6920
68 12 9394
68 13 3643
68 14 428
68 15 1718
68 16 468
68 17 3179
68 18 1779
68 19 2035
68 20 5318
68 21 7632
68 22 20145
68 23 249
68 24 4316
68 25 4509
68 26 1723
68 27 13353
68 28 9973
68 29 2072
68 30 9880
68 31 1327
68 32 1341
68 33 12394
68 34 2399
68 35 6789
68 36 1037
68 37 2517
68 38 1979
68 39 9400
68 40 1998
68 41 1557
68 42 4600
68 43 1356
68 44 14290
68 45 8682
68 46 4262
68 47 14223
68 48 3280
68 49 1109
68 50 4245
68 51 15989
68 52 4801
68 53 846
68 54 5651
68 55 1438
68 56 1500
68 57 17882
68 58 413
68 59 2722
68 60 6028
68 61 2958
68 62 6081
68 63 1478
68 64 4722
68 65 12566
68 66 14294
68 67 1341
68 68 41053
68 69 2430
68 70 3637
68 71 4753
68 72 3817
68 73 3471
68 74 265
68 75 6871
68 76 14035
69 0 2849
69 1 1782
69 2 1778
69 3 4752
69 4 2664
69 5 3877
69 6 612
69 7 735
69 8 12127
69 9 3059
69 10 3017
69 11 4849
69 12 3097
69 13 6794
69 14 706
69 15 4336
69 16 829
69 17 5163
69 18 2193
69 19 1670
69 20 2480
69 21 1662
69 22 3289
69 23 751
69 24 5730
69 25 4606
69 26 3937
69 27 1079
69 28 8386
69 29 1931
69 30 6889
69 31 5052
69 32 1150
69 33 4437
69 34 13791
69 35 3486
69 36 2982
69 37 2694
69 38 2050
69 39 3851
69 40 3125
69 41 12851
69 42 7538
69 43 2196
69 44 3110
69 45 2499
69 46 4145
69 47 4467
69 48 7996
69 49 1574
69 50 4503
69 51 5987
69 52 2087
69 53 775
69 54 3808
69 55 8013
69 56 1018
69 57 3473
69 58 395
69 59 3506
69 60 8598
69 61 2234
69 62 2769
69 63 2875
69 64 2350
69 65 5919
69 66 2454
69 67 3190
69 68 2204
69 69 26313
69 70 2266
69 71 4931
69 72 4725
69 73 2804
69 74 736
69 75 4197
69 76 3626
70 0 1406
70 1 1948
70 2 3698
70 3 7652
70 4 1147
70 5 3838
70 6 351
70 7 783
70 8 2480
70 9 18208
70 10 8078
70 11 3362
70 12 3793
70 13 4837
70 14 240
70 15 1423
70 16 616
70 17 2202
70 18 1543
70 19 1484
70 20 20252
70 21 3003
70 22 3957
70 23 62
70 24 4000
70 25 2449
70 26 2341
70 27 2434
70 28 5258
70 29 3567
70 30 28901
70 31 1411
70 32 786
70 33 6682
70 34 2349
70 35 3782
70 36 1187
70 37 6210
70 38 1416
70 39 2849
70 40 3086
70 41 1474
70 42 2445
70 43 946
70 44 4361
70 45 4616
70 46 2912
70 47 14707
70 48 3053
70 49 972
70 50 4951
70 51 6206
70 52 2968
70 53 632
70 54 3165
70 55 1505
70 56 5241
70 57 6645
70 58 194
70 59 3443
70 60 8100
70 61 1743
70 62 2403
70 63 1194
70 64 14542
70 65 17296
70 66 5809
70 67 1295
70 68 3835
70 69 2574
70 70 32688
70 71 2760
70 72 10980
70 73 2281
70 74 453
70 75 3770
70 76 10026
71 0 4907
71 1 1303
71 2 3823
71 3 6687
71 4 1569
71 5 8270
71 6 682
71 7 1895
71 8 4265
71 9 3091
71 10 5184
71 11 20170
71 12 5728
71 13 3574
71 14 788
71 15 4382
71 16 436
71 17 22382
71 18 3508
71 19 4606
71 20 3173
71 21 2612
71 22 6921
71 23 526
71 24 6955
71 25 16059
71 26 2573
71 27 2248
71 28 20639
71 29 2348
71 30 6730
71 31 4710
71 32 1773
71 33 7274
71 34 4951
71 35 6681
71 36 2407
71 37 2641
71 38 4249
71 39 7382
71 40 2504
71 41 3977
71 42 22368
71 43 4246
71 44 8258
71 45 3838
71 46 9721
71 47 5243
71 48 9326
71 49 3595
71 50 4553
71 51 11225
71 52 2825
71 53 2434
71 54 10589
71 55 4563
71 56 2016
71 57 7404
71 58 924
71 59 2937
71 60 8092
71 61 6085
71 62 5482
71 63 2710
71 64 2818
71 65 8981
71 66 4428
71 67 2856
71 68 4009
71 69 4809
71 70 3357
71 71 52183
71 72 4407
71 73 10720
71 74 758
71 75 20683
71 76 5215
72 0 1866
72 1 4668
72 2 3577
72 3 8981
72 4 1984
72 5 4566
72 6 454
72 7 1042
72 8 3965
72 9 10697
72 10 6365
72 11 4799
72 12 5600
72 13 17025
72 14 292
72 15 2875
72 16 1063
72 17 4686
72 18 1751
72 19 2508
72 20 8687
72 21 2875
72 22 5229
72 23 349
72 24 8564
72 25 3785
72 26 4741
72 27 2851
72 28 8479
72 29 9507
72 30 37876
72 31 2008
72 32 1216
72 33 7155
72 34 6840
72 35 4413
72 36 1760
72 37 10276
72 38 2002
72 39 4902
72 40 7947
72 41 3250
72 42 5398
72 43 1657
72 44 6076
72 45 4913
72 46 4469
72 47 9646
72 48 5171
72 49 1660
72 50 10176
72 51 6706
72 52 3078
72 53 1017
72 54 4731
72 55 2157
72 56 10862
72 57 6434
72 58 454
72 59 14095
72 60 22293
72 61 2744
72 62 3304
72 63 1746
72 64 6821
72 65 18330
72 66 5435
72 67 1940
72 68 3641
72 69 4192
72 70 8692
72 71 5183
72 72 87157
72 73 3185
72 74 708
72 75 5411
72 76 8481
73 0 7519
73 1 958
73 2 3277
73 3 4183
73 4 1548
73 5 11081
73 6 595
73 7 2554
73 8 1959
73 9 2507
73 10 4119
73 11 22371
73 12 7577
73 13 3755
73 14 726
73 15 3496
73 16 393
73 17 6946
73 18 6696
73 19 8303
73 20 2601
73 21 3057
73 22 7224
73 23 403
73 24 3702
73 25 31201
73 26 1694
73 27 1272
73 28 8905
73 29 1621
73 30 5229
73 31 3417
73 32 4046
73 33 7793
73 34 4157
73 35 10044
73 36 1385
73 37 2172
73 38 6865
73 39 8493
73 40 1582
73 41 2514
73 42 13487
73 43 2659
73 44 5144
73 45 3700
73 46 13971
73 47 4570
73 48 4927
73 49 6755
73 50 3743
73 51 10451
73 52 2858
73 53 2482
73 54 15241
73 55 2800
73 56 1281
73 57 7683
73 58 1035
73 59 1954
73 60 4489
73 61 17849
73 62 5405
73 63 2770
73 64 2554
73 65 7100
73 66 4225
73 67 2168
73 68 3831
73 69 3502
73 70 2220
73 71 10616
73 72 3268
73 73 33842
73 74 1711
73 75 11180
73 76 4276
74 0 745
74 1 303
74 2 599
74 3 873
74 4 309
74 5 2528
74 6 179
74 7 2910
74 8 319
74 9 571
74 10 1123
74 11 1402
74 12 1493
74 13 788
74 14 219
74 15 700
74 16 81
74 17 716
74 18 3439
74 19 2010
74 20 641
74 21 508
74 22 1086
74 23 148
74 24 721
74 25 1726
74 26 561
74 27 470
74 28 1265
74 29 268
74 30 1487
74 31 577
74 32 1326
74 33 2006
74 34 707
74 35 1709
74 36 626
74 37 487
74 38 4052
74 39 1647
74 40 499
74 41 486
74 42 1822
74 43 775
74 44 883
74 45 904
74 46 2126
74 47 1207
74 48 940
74 49 1239
74 50 542
74 51 2103
74 52 507
74 53 570
74 54 1876
74 55 416
74 56 368
74 57 1139
74 58 547
74 59 374
74 60 921
74 61 1887
74 62 983
74 63 764
74 64 471
74 65 1252
74 66 839
74 67 778
74 68 795
74 69 722
74 70 519
74 71 1384
74 72 715
74 73 2255
74 74 1228
74 75 1398
74 76 557
75 0 3875
75 1 1301
75 2 4459
75 3 9959
75 4 1700
75 5 11679
75 6 695
75 7 1737
75 8 3477
75 9 4129
75 10 6789
75 11 38579
75 12 9828
75 13 4516
75 14 772
75 15 3343
75 16 458
75 17 9662
75 18 3470
75 19 5945
75 20 3562
75 21 4432
75 22 15757
75 23 610
75 24 7610
75 25 14579
75 26 2963
75 27 3157
75 28 29373
75 29 2086
75 30 9863
75 31 3350
75 32 2863
75 33 11336
75 34 4592
75 35 12341
75 36 2047
75 37 3232
75 38 3976
75 39 12387
75 40 2207
75 41 3589
75 42 9715
75 43 2870
75 44 14512
75 45 5951
75 46 10996
75 47 8267
75 48 7440
75 49 3837
75 50 5356
75 51 21492
75 52 5039
75 53 1673
75 54 18906
75 55 3160
75 56 1720
75 57 13327
75 58 557
75 59 2885
75 60 7155
75 61 6022
75 62 15960
75 63 2451
75 64 3552
75 65 13079
75 66 7487
75 67 2560
75 68 7697
75 69 3885
75 70 3492
75 71 17903
75 72 5729
75 73 10548
75 74 887
75 75 57766
75 76 7451
76 0 2501
76 1 2349
76 2 7739
76 3 16092
76 4 1429
76 5 7208
76 6 453
76 7 1511
76 8 3089
76 9 8670
76 10 38525
76 11 7104
76 12 10989
76 13 6203
76 14 441
76 15 2072
76 16 671
76 17 4100
76 18 2037
76 19 2857
76 20 12386
76 21 9112
76 22 10460
76 23 399
76 24 4815
76 25 4264
76 26 2593
76 27 10228
76 28 9748
76 29 2333
76 30 20114
76 31 1855
76 32 1582
76 33 17485
76 34 4298
76 35 6584
76 36 1277
76 37 5588
76 38 2494
76 39 8822
76 40 2959
76 41 2070
76 42 5641
76 43 1225
76 44 10102
76 45 14440
76 46 5828
76 47 32130
76 48 5430
76 49 2137
76 50 6407
76 51 13736
76 52 8709
76 53 1086
76 54 6547
76 55 2154
76 56 3483
76 57 17451
76 58 252
76 59 4038
76 60 9302
76 61 3424
76 62 5724
76 63 1805
76 64 17840
76 65 24723
76 66 19511
76 67 2083
76 68 15039
76 69 3618
76 70 10575
76 71 3914
76 72 8307
76 73 3981
76 74 879
76 75 6982
76 76 63097
#Chi tiet cac cum
4.014156806345683
4
100 74.03638335248579 39.54356124051623 0.0
324 78.75861332704329 42.95428041607021 0.0
381 72.98333762741501 40.785141958235435 0.0
398 76.4069850119231 38.905273444545045 0.0
3.7148999429406637
3
330 17.619389257012056 98.09725788825648 0.0
345 14.116888988905217 97.5229920151226 0.0
405 10.305590746488384 98.14048706825926 0.0
4.151942515698385
7
30 4.067932695980332 0.5065853015126855 0.0
151 3.0357680861732415 5.327004864007866 0.0
177 2.2727737815631524 6.470760699776834 0.0
185 0.2075495366386172 7.787283544124289 0.0
194 3.8367862400961115 4.437585079997133 0.0
298 3.063268002213536 3.8509607987957413 0.0
412 0.7997282426202655 1.7571831867630583 0.0
4.476643020094233
7
82 22.580706457064394 45.20272761408905 0.0
169 27.46427607029894 42.91156275823363 0.0
205 24.580695290759877 47.0327344348994 0.0
319 20.30901906913531 41.52820331710248 0.0
362 26.488177418696687 46.367556631582524 0.0
365 20.450582440921522 42.03369671657975 0.0
403 20.018382883727917 43.073788665524994 0.0
4.695118850220395
3
168 60.52147279844788 89.40805714918079 0.0
276 59.703166583549866 98.16168363591248 0.0
295 55.56393652712019 93.50109998696911 0.0
4.503110910356969
11
70 52.502040992745364 1.8063642604203864 0.0
89 53.709320478036105 1.2733584607528523 0.0
101 50.337705891037025 1.921367032260508 0.0
110 52.27189982476516 2.4240422784004596 0.0
115 54.36813167063246 7.347502673965049 0.0
124 49.66500348511635 4.166816615544184 0.0
146 54.044035156516415 1.8646125561277584 0.0
164 54.272358619209584 0.925059595401304 0.0
191 56.99536809423218 5.062380520077181 0.0
229 51.30776713025773 2.022260772446235 0.0
393 55.579448956849944 4.209880046372432 0.0
0.0
1
278 96.38458456830845 81.20781921405289 0.0
3.8126444710604357
3
153 88.65216123004008 2.3350811199263095 0.0
173 85.94589637951627 7.125899025260667 0.0
389 92.75527696943233 6.4439474420078175 0.0
4.380995743486396
4
97 45.44317335530626 70.62783709866358 0.0
133 43.99138291219596 64.33059075162723 0.0
198 46.876642286513 62.84386873202184 0.0
376 50.28240365104855 67.86123837056114 0.0
3.68732626372064
6
6 5.921451286964867 67.05831277759884 0.0
61 1.6040190369879679 69.06151021446034 0.0
245 1.9091086577651115 70.08452103779635 0.0
266 0.4548031006356795 67.66083604521874 0.0
317 3.587187816358373 65.33281434259028 0.0
338 0.2270532355082454 66.77613139084406 0.0
6.830139256422503
9
0 1.5203242811490507 33.81959585605239 0.0
28 0.36387014549037755 33.51232904697839 0.0
161 3.6017265260623748 25.810889131217436 0.0
296 0.04572781697195882 36.41506147298508 0.0
372 4.252008548600119 28.06374868449704 0.0
374 0.649089112734659 38.69899880336329 0.0
382 2.9844739353744583 33.36304831597719 0.0
406 3.708388914518715 33.3312621693897 0.0
411 4.996599896296348 29.88638832785293 0.0
4.559812974291414
8
62 49.32321192319608 30.805071255367558 0.0
127 57.05745056318658 31.540672882631835 0.0
134 52.03508495585243 29.797577289889528 0.0
138 49.904626154727985 28.828453326566496 0.0
193 57.33342342640882 29.31891264679074 0.0
253 53.488085016363875 26.122397431274344 0.0
408 51.66689792038492 34.49156858955804 0.0
427 52.40798159870783 32.24515725931956 0.0
4.88550223015984
10
60 25.169573562993666 7.730934905837486 0.0
73 24.712761614935367 4.716179197581014 0.0
76 29.479018772587523 9.591322446688253 0.0
109 22.628145980064 5.981269402907859 0.0
156 28.5808181853806 2.4703924339898182 0.0
186 24.80017358722271 7.235690298650796 0.0
203 28.729444462900673 5.187403106402019 0.0
255 29.92479606517046 4.892023247743936 0.0
274 23.83919535520532 5.253975946864712 0.0
421 28.42807399887364 3.1719645978015203 0.0
4.546068245886556
7
27 25.686940674477167 81.33131785878503 0.0
182 31.355078275125454 85.54897650951624 0.0
210 29.68555712935293 79.3820599062951 0.0
396 31.549093625434015 83.6099773012693 0.0
397 27.973935738983812 84.895618578782 0.0
431 28.585826513758363 85.78480744942982 0.0
437 32.34942589166817 84.9885204347357 0.0
0.0
1
407 99.50353414696569 54.22073368427288 0.0
4.488703150241318
4
46 78.9274135836913 64.67046595240811 0.0
56 72.56261651394284 63.465034341228254 0.0
321 76.56542706745354 65.30525787239581 0.0
357 80.07734372633979 62.03102319221877 0.0
0.0
1
145 38.34724732605811 97.46222151488318 0.0
3.403042214565384
5
13 54.01655219520915 52.65064186918051 0.0
65 57.672793779781806 48.8506904269796 0.0
122 53.455448370403225 47.38413167249216 0.0
129 58.571690425025025 51.441792293734146 0.0
178 53.59701013173181 49.962766502352984 0.0
3.452834890238423
5
176 91.39871604059815 25.504574371519936 0.0
257 90.42491885920751 20.80540150480084 0.0
275 91.08901858502304 26.680883184153874 0.0
425 87.82072953108543 25.769084468967673 0.0
435 88.58792823786195 22.30212559310515 0.0
4.968667919191176
5
306 73.83183658895607 13.757173653845376 0.0
325 67.81056087331207 10.73417738655016 0.0
354 68.5633559061379 8.62338661016966 0.0
384 69.86079149695375 10.543534503238552 0.0
415 67.4349895886986 12.956409479259799 0.0
2.1642331949483133
5
24 8.628064854233342 54.559870033383866 0.0
47 9.006702247250203 52.25099529940686 0.0
137 7.359847768774948 55.502432381703656 0.0
217 6.721630391534108 54.44297701156487 0.0
234 9.370878393153099 51.90001525700832 0.0
4.9639058088194545
5
34 7.507569666049351 17.472827082001206 0.0
78 13.665566891863259 14.437255237500393 0.0
314 15.446425139027491 20.274164903699248 0.0
322 11.184085508409733 18.5066959176607 0.0
375 10.956063214640256 14.10342530664986 0.0
4.744898959975649
7
9 25.981997498986214 24.083918798750382 0.0
49 28.8865866721773 29.839275548400327 0.0
68 29.392304625022433 29.462522488817196 0.0
84 32.599953236057644 29.161552775282257 0.0
211 30.294434292661805 24.187554590546473 0.0
342 31.048726194722114 23.694625391108953 0.0
358 33.38585853537213 22.607441486746147 0.0
0.0
1
87 81.97185500309067 90.0779930599142 0.0
2.332770832940351
5
31 38.23104040028105 56.46245541143902 0.0
38 37.28830078103316 57.361668116735835 0.0
57 36.44070926583229 54.21033099698612 0.0
66 38.44742532688956 57.52918751928653 0.0
423 36.38093501103401 56.21296104741472 0.0
5.57055727211977
7
51 63.7112449510547 32.446171862176044 0.0
88 66.94142148965936 33.94220714153936 0.0
130 69.15391389213566 38.43193704563474 0.0
232 61.01844352832064 34.11011601354267 0.0
241 68.36662320855383 32.15737560246053 0.0
302 61.83586305008275 32.79764473445126 0.0
350 66.17404780184773 36.88543326837527 0.0
3.1579330967397965
4
71 38.57070039013881 82.99444171363089 0.0
102 40.45600991212061 84.80356057504608 0.0
335 39.19375973513906 84.81403784812639 0.0
413 42.25708682815158 87.30320047353926 0.0
3.3865715425432965
3
67 17.86462826078058 32.7060833521729 0.0
126 16.551489579586416 36.07174617650165 0.0
224 16.704522460348688 39.19449902605915 0.0
6.4063361209424246
9
8 41.132026016270515 44.53557070068205 0.0
35 43.354889579996545 49.779554178614674 0.0
59 43.22418996247821 44.46580163533195 0.0
103 45.49791069970301 40.47649655646358 0.0
107 43.146818777126164 51.995581763138546 0.0
248 41.45120006616065 50.06286982796686 0.0
308 40.11837169899983 43.668242798055005 0.0
315 49.21948923986156 42.65101274734133 0.0
420 47.093347310300224 47.03018188065172 0.0
3.911392427335483
4
154 14.718644751116962 89.80399284126634 0.0
180 17.000291742945237 86.03805111719456 0.0
236 14.067170857774856 83.27599598000351 0.0
395 10.969302650048606 89.33420795786081 0.0
5.904388350070978
11
16 17.745754172420085 58.89736099124018 0.0
40 18.525064748232673 60.179173296197185 0.0
50 17.546107330504583 57.18242406949783 0.0
64 23.008153297539778 62.118664412278456 0.0
116 18.88621209970819 58.67168572041717 0.0
167 17.725534062533917 66.5670089954902 0.0
310 14.109174271044747 58.923125210800585 0.0
329 15.552227021604626 60.82513663443628 0.0
371 19.722196033416697 59.6671424582873 0.0
379 15.199895573195276 63.86538374468311 0.0
394 12.385708605677898 64.27387329484847 0.0
3.468825135348232
3
125 61.8407399079551 57.56026081932429 0.0
265 66.61593291103944 58.32920326476147 0.0
300 67.44530802937145 56.04614096218123 0.0
2.392101998464503
3
117 69.87466013982251 0.8840409758425584 0.0
144 68.58694259843864 2.535790994147816 0.0
313 72.69613012310829 0.7791428860417623 0.0
6.353085033874954
14
11 17.440326518808618 3.515360345687473 0.0
58 16.88760964068341 1.8038843939702178 0.0
128 12.434726678143528 2.936060213843777 0.0
162 21.165187340965648 3.549115847842727 0.0
179 15.655453940042454 8.120501216573507 0.0
227 19.776115387788792 4.498651112838025 0.0
246 11.952423280836463 2.327871573848563 0.0
249 15.1620612354926 10.42899108304826 0.0
279 20.73740089298227 3.8005434053232063 0.0
392 17.6053933499883 0.6194607692416413 0.0
409 13.35467997543424 5.384294771156322 0.0
414 17.063121984367037 6.432550443685178 0.0
418 10.981579497234154 0.7039062314966256 0.0
434 11.878469946586245 3.4858890726289378 0.0
7.305165499915047
6
32 46.40085980143442 82.76418563960682 0.0
42 44.466835706550825 76.1657000058325 0.0
187 54.958743173240606 84.75961647138305 0.0
235 54.78764648823238 77.8919707238619 0.0
391 51.3369730855808 80.60367744002944 0.0
402 46.099219233919754 76.10494817587588 0.0
6.024006061211413
8
20 49.39540710469403 11.811467587890192 0.0
52 44.8918733401697 6.451664729010607 0.0
77 51.06569223151125 10.128826573555711 0.0
98 47.11997924795669 16.194810395172848 0.0
120 51.83423501965975 13.849787917735792 0.0
200 46.54694172224174 9.720052387547128 0.0
268 41.534797503304986 12.01049791101129 0.0
316 47.80158499505701 10.730236466435931 0.0
4.291190100695923
3
54 82.05415011769216 76.30197258355194 0.0
303 76.66838564405255 76.14457453780913 0.0
309 75.32426194117134 80.81135559979465 0.0
5.7764173727491155
6
44 4.196260086597662 78.47577805815374 0.0
123 8.573172357568575 79.20350934512408 0.0
226 5.026793838566726 89.19561941481294 0.0
230 1.9416379074135217 84.69478490652703 0.0
336 5.921877350230446 82.29417539458534 0.0
422 4.422450286279626 88.65365762576666 0.0
5.014071751083024
5
21 85.57038146301727 15.498256282468065 0.0
190 79.22789500066003 12.765638767877652 0.0
258 83.2420317312267 15.749519927001389 0.0
328 77.89305381804955 11.941780772953093 0.0
417 86.79609574230916 13.097177164224439 0.0
5.319941072845416
10
48 35.836662592711185 4.395007130122467 0.0
75 40.016156984115 3.345249142861777 0.0
197 42.734602082239455 1.5997014776211018 0.0
208 32.87036073152062 4.043075079603847 0.0
219 38.73958597204975 1.4716278234344093 0.0
307 37.021366636906926 6.114836778082142 0.0
347 39.940457465812166 2.4539110275208182 0.0
353 34.89941500673553 0.8980770871776185 0.0
364 36.18994664161224 6.913242897546329 0.0
370 40.079428067830015 5.436163318857241 0.0
3.6482945236956565
5
148 24.419780684400045 92.64174756922839 0.0
171 28.882006444499627 97.08769460123074 0.0
222 22.473482592357183 95.93542705558055 0.0
332 29.386550642752876 95.56397816426409 0.0
344 23.54275951871853 97.28747742243057 0.0
4.946610956695922
4
181 62.50377306495808 68.78559791250986 0.0
237 65.68448033300713 69.56161119513249 0.0
290 69.52205791216245 70.35519173012656 0.0
432 65.08947143979273 76.11252868399895 0.0
5.997110225638896
8
1 72.25616727274783 49.23413281672906 0.0
25 65.7842904429346 50.15546134287099 0.0
90 64.42878593997355 42.28027212061919 0.0
95 65.9243934426289 48.577606144719084 0.0
114 70.93114742813589 43.997054825017 0.0
225 66.63223604465587 49.75442861849691 0.0
301 63.318350892057374 41.727843421743074 0.0
390 68.07414314922924 44.87874841074285 0.0
4.713418904381592
3
175 84.62085360120186 57.29367558025265 0.0
218 78.51038137683155 51.68920342260238 0.0
270 85.5130417332823 51.37553591372211 0.0
5.800007303575238
6
132 27.482737357418333 39.52211416372636 0.0
157 27.95807385641264 38.18250859126998 0.0
272 33.76520068505058 44.39148755128199 0.0
294 30.45056826261198 38.226214178513146 0.0
326 34.21399044151538 39.20875042841218 0.0
373 30.957447808805753 36.892739136283424 0.0
6.217050172804003
8
22 3.3187043861063654 21.60928342418192 0.0
131 1.714818036851005 11.959548907774415 0.0
143 1.0276536105408347 18.051235684027354 0.0
166 3.882205721498 19.049506072696065 0.0
195 4.237107772375919 23.01792338223334 0.0
215 1.4589471747608895 16.981196076381284 0.0
228 1.209873282517519 13.821885866836427 0.0
378 1.869103609855891 12.289062848354245 0.0
5.692963800080929
10
94 60.389220227216164 8.695454464306048 0.0
223 61.94794722301777 7.506434512476913 0.0
242 64.89339323230608 3.0326748703487727 0.0
273 64.6406340367809 4.200699260953351 0.0
282 64.74607541939666 8.972930154305166 0.0
291 63.46890196667682 2.932261928719516 0.0
304 62.41965676734405 5.852795352601015 0.0
341 60.74689401389556 7.651614952171406 0.0
349 57.41657002783533 9.879822346838038 0.0
368 63.23845255252365 12.383959548108741 0.0
5.793431287250034
8
15 7.585995549938955 46.71022492724818 0.0
17 13.013449773145652 43.54051560285448 0.0
26 9.235148891374253 44.99274070293065 0.0
252 14.680867754222023 40.97659097489929 0.0
269 13.754430259186462 48.161525858127085 0.0
271 15.700644038722391 46.654687589246734 0.0
401 14.66531906826568 44.32030125045711 0.0
424 15.573488776322499 42.38859878412485 0.0
5.888453019610385
5
72 52.75426286830529 59.55145631687463 0.0
119 45.587639946463845 52.80481923347823 0.0
204 48.32868882850243 57.33147899103684 0.0
250 49.407231553857734 52.24082962512014 0.0
385 46.51039279078433 55.38063349373753 0.0
4.015132264533145
3
233 75.24730751644186 29.38141570828055 0.0
387 77.29265575863889 22.951247531598934 0.0
400 81.52265660158945 27.1019581810656 0.0
3.1372888526219787
5
81 30.284258627461618 60.483873602222815 0.0
139 28.23462362796466 55.92994024888412 0.0
159 33.00868041324173 59.039646209923625 0.0
267 32.61573379553128 55.6291327372636 0.0
346 29.233187773811693 58.423192328341365 0.0
5.668673236939424
12
33 31.3582820722529 11.17505504633089 0.0
74 38.10664830800779 13.421965006063395 0.0
172 35.53971037687372 17.564196520595303 0.0
199 32.622288264224906 16.429039929597103 0.0
264 37.89734484108271 11.988854661688116 0.0
281 37.60809080127439 19.256880499598484 0.0
293 35.581029856922044 13.965119725709904 0.0
305 34.1394536259096 18.000507663901185 0.0
318 31.031977478253047 15.686945046110578 0.0
348 35.213600476983615 20.87565052017751 0.0
380 33.46776912628091 14.96350968752737 0.0
410 35.191382156713345 14.703387532129392 0.0
4.583555075268621
6
92 7.735395749600206 7.2965540405987195 0.0
105 8.074781579056912 12.062079154997782 0.0
240 4.862940421345419 9.473643173888606 0.0
263 10.061047533448503 3.9244096161673827 0.0
288 8.794700739081245 5.183388983210038 0.0
311 7.517112582315362 9.666569942739205 0.0
3.4190253909245687
2
3 85.4837464963887 39.01114306642658 0.0
188 81.1281314880676 33.73975270007772 0.0
5.648813872402716
8
69 51.15561944157808 22.55135282400547 0.0
189 58.30813432891526 20.714840849954705 0.0
209 49.67867017345463 18.933515037339657 0.0
289 51.84786333094182 16.97048566886344 0.0
299 53.741562329622944 21.13641739456386 0.0
352 56.719941402375966 22.14100743670009 0.0
363 48.77551833594278 21.395872708950787 0.0
366 51.17447668389167 18.48668021660719 0.0
3.5185295307936864
3
239 57.144050771690544 59.4705043502308 0.0
261 58.903521220490234 63.70021243284062 0.0
280 60.414249214379076 64.52103771779895 0.0
2.6964665200475433
3
86 10.724390588337705 73.27196402926124 0.0
121 9.806877640160481 73.20934997043602 0.0
277 12.215369368303968 69.69691198221479 0.0
5.910171812799614
11
14 21.418789964882574 11.299654296158891 0.0
29 24.120760370830734 15.953610026233951 0.0
63 16.80693157803645 11.578874932092159 0.0
99 24.590239185615296 17.203755456518678 0.0
221 22.139785305723578 12.414291667342551 0.0
284 19.287807397480616 18.233756267776315 0.0
320 18.473169315345174 17.798907771455436 0.0
343 20.292716583999216 17.268487844082617 0.0
360 19.24987779385395 20.55501111056529 0.0
361 24.142760056442555 12.225136747065136 0.0
386 20.52653440896352 18.60281157729915 0.0
0.0
1
104 95.4335892546544 34.80948307435392 0.0
5.321990040462811
4
19 29.35272812659312 72.04647209828654 0.0
37 30.161035276181078 73.08735089498008 0.0
113 25.92940102431512 75.85922300388857 0.0
163 35.491926715926525 74.76011444555455 0.0
5.8166969395516075
8
91 26.535171515185755 63.120129728004855 0.0
96 35.85799411950211 62.084677189393055 0.0
158 29.063061416225025 68.69058736213759 0.0
201 29.627410694099623 67.89291717900544 0.0
323 25.84023371722199 65.88712393871047 0.0
333 33.47440559576162 62.36696827768313 0.0
367 31.11491517558699 63.46272358088279 0.0
383 34.426409483866166 65.32113054598875 0.0
3.6867365368619263
5
53 66.40344013472397 17.390641061732662 0.0
312 67.76953315619502 19.95178534173399 0.0
334 68.47780837233546 23.349921466415786 0.0
388 66.80647759584147 18.018282651244384 0.0
429 67.21556505561259 20.513979970394782 0.0
5.859933491399766
5
39 39.27666218705315 23.09610364345839 0.0
251 37.17549748806376 20.876352162932736 0.0
256 39.986129466944455 25.337278133392925 0.0
292 39.31489367768822 24.87144881996587 0.0
339 45.864125448007215 21.16049183255649 0.0
3.8827000309345485
4
118 92.40999041332545 73.6643589414313 0.0
140 85.7401501209357 73.83795470853838 0.0
196 87.66121575065316 73.10784729715044 0.0
340 88.30045204795968 74.33399234648137 0.0
2.390365106986695
5
43 2.678989913598069 48.59819214998942 0.0
55 1.6876754516846098 51.26105815074005 0.0
136 1.4231868431902952 49.597350851040964 0.0
331 0.8841522369724406 47.86239684610065 0.0
436 4.613314562446576 49.83567151855819 0.0
4.87557045191187
11
18 15.20858306479685 53.08153368926727 0.0
80 19.23900454758337 51.28806693415153 0.0
106 20.48904026845269 55.119219042814464 0.0
142 20.69389432324149 48.42824954537358 0.0
152 19.95753508910476 53.37634690732383 0.0
214 20.329200558621462 50.49143670089521 0.0
247 20.27400074736131 51.83864253276673 0.0
254 20.647906693522266 47.661732174593624 0.0
287 22.011021003377063 51.77397026425914 0.0
377 17.81837766195069 48.41750175856098 0.0
426 21.666458755956793 55.952934232622916 0.0
4.464935429397092
7
2 7.256094198571983 22.779381635668265 0.0
7 14.914614326213414 22.820705913969284 0.0
79 11.634303621081104 29.250524470791152 0.0
141 12.060801777175847 26.451123769192748 0.0
160 13.384009586450286 24.690284237974442 0.0
220 7.92565320859139 24.16015567647857 0.0
430 10.486244088091853 23.57617641232905 0.0
5.018206655813993
4
174 86.75957085626301 64.13958557676445 0.0
259 86.76081325611852 62.939233544692776 0.0
286 85.41007033220414 65.27599210494981 0.0
399 92.876126082329 65.40539323476754 0.0
2.589991988982119
5
5 21.036895591527635 31.51497977362487 0.0
41 21.843716008769025 30.91005639625089 0.0
135 24.287404597684006 30.42525540843323 0.0
202 23.864552893342843 31.741364003783623 0.0
243 19.588660681345644 31.808010746114416 0.0
3.540553519953987
5
260 53.57019983027853 69.46244781739075 0.0
337 55.84449396683263 72.18717666466758 0.0
355 58.80599743105485 71.37374141537974 0.0
428 54.460328369064975 74.40018525309226 0.0
433 58.77017829017348 69.42238897424748 0.0
3.5155807281026505
5
10 2.3790771812126645 57.0843835066577 0.0
192 3.496996780373453 59.297706334646456 0.0
206 8.651460155003345 59.956268375062066 0.0
216 7.383644596451598 61.37396206957605 0.0
244 4.938864530118477 56.94761220323385 0.0
5.33566126366632
6
85 55.98417117923987 37.864853719108645 0.0
111 51.76610428335394 38.26502273751473 0.0
165 58.120975771887856 44.48603102325883 0.0
184 57.63264508372745 41.24973149051912 0.0
285 54.49899536048654 43.35201454619038 0.0
356 57.52506165742791 44.45538664893321 0.0
5.3115901366188245
7
4 20.573549049638277 74.27680278049532 0.0
12 20.33320244255335 70.75147112734574 0.0
45 16.53347253394612 68.63467067835373 0.0
149 21.36818640672133 70.56819928405271 0.0
170 19.5334706589984 76.15428021368078 0.0
183 21.333042815206106 73.52132204940828 0.0
207 18.90441900955547 75.87092546637163 0.0
5.5878994258449035
6
23 62.43042564999678 29.78961270633408 0.0
93 67.9291747960863 25.3126612227803 0.0
112 61.17355028957164 30.424512277500412 0.0
147 65.77489722080423 30.489740077009127 0.0
238 70.74541599240953 27.052586128343133 0.0
419 63.834480517574754 27.141549960666264 0.0
2.064396843739723
2
231 94.62900668431038 13.504620598108456 0.0
416 98.5714918967862 12.278346704078398 0.0
5.459076861419108
7
108 46.2530204011 35.11737972013458 0.0
150 40.93722853016685 31.34800597899558 0.0
262 43.469030510645275 30.13545822121106 0.0
283 48.117497354011576 36.98201901562819 0.0
351 45.30979372298601 33.02049104466021 0.0
359 48.70697930727218 38.31248499957196 0.0
404 46.24234844354974 31.965058137144325 0.0
4.703972283197828
8
36 5.736758301744539 40.99202350591748 0.0
83 7.955543928459652 40.92848619653519 0.0
155 7.1908979821521095 42.48282563988206 0.0
212 6.343171895864138 34.91288535830708 0.0
213 12.292414185022709 37.210643974466784 0.0
297 7.169434969177806 38.74604477078704 0.0
327 7.1898158407094845 33.30394174177123 0.0
369 9.659577361675975 35.001974952242925 0.0
