#He so k la
3.0
#Number of Nodes
3
# list of nodes
#x #y #z
10.15853690169941 14.899250026484136 0.0
15.436919434227464 4.1490366337676114 0.0
2.535933836113875 4.299378806102391 0.0
#nguong BER
0.001
#Ma tran yeu cau D
#source_index dest_index bw don vi Mbps
0 0 41
0 1 227
0 2 131
1 0 169
1 1 1439
1 2 501
2 0 111
2 1 567
2 2 1366
#Chi tiet cac cum
4.638011086602811
2
1 7.151566367535822 18.430436094382927 0.0
4 13.165507435862997 11.368063958585344 0.0
5.1717518315312
6
2 16.411811675515896 5.212982490046976 0.0
5 19.535629018244453 3.5217815927228955 0.0
6 12.902810331268055 5.634252238396483 0.0
8 19.981583056995426 6.617446964898946 0.0
9 10.847590818326125 3.291254427564273 0.0
12 12.942091705014835 0.6165020889760983 0.0
3.8025783504184663
5
0 0.716987340431231 7.638695466276303 0.0
3 5.127557786926622 3.6458988487339035 0.0
7 3.123326833101524 1.6539641036094839 0.0
10 0.3948884797938609 5.289664610880204 0.0
11 3.316908740316136 3.268671001012059 0.0
