#He so k la
3.0
#Number of Nodes
3
# list of nodes
#x #y #z
15.53275153145837 13.978313261585969 0.0
2.6529404992506955 10.521895240153246 0.0
12.78108758952163 4.502121549526624 0.0
#nguong BER
0.001
#Ma tran yeu cau D
#source_index dest_index bw don vi Mbps
0 0 11
0 1 85
0 2 165
1 0 92
1 1 253
1 2 223
2 0 168
2 1 251
2 2 313
#Chi tiet cac cum
3.7588667281017814
2
1 19.196907363709006 14.816788733269096 0.0
2 11.868595699207736 13.139837789902842 0.0
4.262442356048374
3
0 1.1510403380827317 10.95504790777593 0.0
5 5.1294135051946155 13.991116520133279 0.0
7 1.6783676544747395 6.619521292550528 0.0
5.798366993624698
4
3 11.07987820400772 7.463198054232098 0.0
4 18.287868660750966 2.686516409000031 0.0
6 9.967874858808539 2.0778211994737537 0.0
8 11.78872863451929 5.780950535400615 0.0
