#He so k la
3.0
#Number of Nodes
4
# list of nodes
#x #y #z
5.063989082505433 14.230265556236855 0.0
17.84334597134508 3.6004096159311985 0.0
15.54260377360169 14.579639370099336 0.0
7.32794346989953 3.93740490614363 0.0
#nguong BER
0.001
#Ma tran yeu cau D
#source_index dest_index bw don vi Mbps
0 0 300
0 1 89
0 2 49
0 3 201
1 0 106
1 1 343
1 2 65
1 3 257
2 0 62
2 1 58
2 2 0
2 3 49
3 0 272
3 1 299
3 2 48
3 3 627
#Chi tiet cac cum
3.2840960338980194
3
0 6.040253982665837 16.30690103554319 0.0
6 7.171235136832598 11.711376748371908 0.0
10 1.9804781280178656 14.672518884795469 0.0
2.221491753414094
3
2 16.763002568643493 5.541513359352962 0.0
4 18.83997033517515 3.0775493677415 0.0
5 17.92706501021661 2.182166120699132 0.0
0.0
1
3 15.54260377360169 14.579639370099336 0.0
4.203430345913778
4
1 5.128744083034695 5.5837071408310095 0.0
7 9.37537613161685 1.5266967670357947 0.0
8 4.343719752235284 6.8976811560701465 0.0
9 10.463933912711292 1.7415345606375703 0.0
