#He so k la
3.0
#Number of Nodes
3
# list of nodes
#x #y #z
13.19183788775172 2.3996441228755563 0.0
8.57399103202942 14.55678295839 0.0
2.086482611537989 2.409059599952413 0.0
#nguong BER
0.001
#Ma tran yeu cau D
#source_index dest_index bw don vi Mbps
0 0 91
0 1 392
0 2 114
1 0 349
1 1 2619
1 2 227
2 0 156
2 1 267
2 2 284
#Chi tiet cac cum
6.295107817419041
3
2 9.395934725430573 3.961398917043804 0.0
7 19.48667825190012 2.4576718991414763 0.0
9 10.69290068592447 0.7798615524413887 0.0
6.393096464875838
9
1 13.71298443762093 16.5530042627216 0.0
3 4.785047998936968 19.70611234202707 0.0
4 3.6061296599078556 15.216680625851282 0.0
5 11.539194344360217 12.19580834146598 0.0
6 12.854883373132296 12.89991417736163 0.0
10 7.4810789465144625 16.647757475419034 0.0
11 11.77263487399052 15.084958293249537 0.0
12 8.449076704065408 11.153396804571457 0.0
13 2.9648889497361184 11.55341430284241 0.0
1.1609081473032592
2
0 2.9061637209865565 1.5869704288229967 0.0
8 1.2668015020894212 3.2311487710818296 0.0
