#So luong nut la la
13
#Toa do cac nut
0.716987340431231 7.638695466276303 0.0
7.151566367535822 18.430436094382927 0.0
16.411811675515896 5.212982490046976 0.0
5.127557786926622 3.6458988487339035 0.0
13.165507435862997 11.368063958585344 0.0
19.535629018244453 3.5217815927228955 0.0
12.902810331268055 5.634252238396483 0.0
3.123326833101524 1.6539641036094839 0.0
19.981583056995426 6.617446964898946 0.0
10.847590818326125 3.291254427564273 0.0
0.3948884797938609 5.289664610880204 0.0
3.316908740316136 3.268671001012059 0.0
12.942091705014835 0.6165020889760983 0.0
#Ma tran yeu cau D
#source_index dest_index bw don vi Mbps
0 0 0
0 1 5
0 2 3
0 3 4
0 4 7
0 5 18
0 6 9
0 7 42
0 8 12
0 9 11
0 10 122
0 11 16
0 12 2
1 0 19
1 1 0
1 2 21
1 3 12
1 4 12
1 5 2
1 6 20
1 7 12
1 8 0
1 9 5
1 10 25
1 11 16
1 12 17
2 0 21
2 1 17
2 2 0
2 3 28
2 4 49
2 5 75
2 6 101
2 7 21
2 8 4
2 9 34
2 10 9
2 11 5
2 12 16
3 0 19
3 1 10
3 2 19
3 3 0
3 4 9
3 5 25
3 6 23
3 7 110
3 8 25
3 9 39
3 10 48
3 11 149
3 12 25
4 0 2
4 1 29
4 2 46
4 3 12
4 4 0
4 5 20
4 6 11
4 7 18
4 8 14
4 9 45
4 10 7
4 11 8
4 12 26
5 0 5
5 1 4
5 2 96
5 3 0
5 4 16
5 5 0
5 6 43
5 7 19
5 8 75
5 9 27
5 10 8
5 11 14
5 12 5
6 0 9
6 1 9
6 2 65
6 3 41
6 4 8
6 5 46
6 6 0
6 7 25
6 8 41
6 9 125
6 10 0
6 11 32
6 12 36
7 0 46
7 1 0
7 2 1
7 3 115
7 4 21
7 5 5
7 6 30
7 7 0
7 8 17
7 9 47
7 10 78
7 11 200
7 12 5
8 0 16
8 1 0
8 2 19
8 3 14
8 4 0
8 5 110
8 6 23
8 7 10
8 8 0
8 9 5
8 10 15
8 11 2
8 12 9
9 0 11
9 1 15
9 2 67
9 3 42
9 4 4
9 5 25
9 6 97
9 7 26
9 8 41
9 9 0
9 10 9
9 11 24
9 12 73
10 0 84
10 1 24
10 2 22
10 3 21
10 4 6
10 5 7
10 6 24
10 7 69
10 8 18
10 9 21
10 10 0
10 11 100
10 12 24
11 0 21
11 1 22
11 2 16
11 3 31
11 4 7
11 5 12
11 6 27
11 7 25
11 8 20
11 9 47
11 10 66
11 11 0
11 12 13
12 0 10
12 1 11
12 2 4
12 3 5
12 4 36
12 5 39
12 6 13
12 7 39
12 8 18
12 9 107
12 10 17
12 11 24
12 12 0
