#So luong nut la la
18
#Toa do cac nut
15.675944880520785 15.934449365652297 0.0
11.782672845971799 5.0476638349221075 0.0
12.600498062027267 1.2834960031380205 0.0
16.411837505132677 12.739531481576702 0.0
2.1492178803327495 9.403142775098502 0.0
4.30773778288131 10.535743955483714 0.0
3.7513102436889607 18.246147139512704 0.0
12.304315635976165 14.092628406211556 0.0
3.758616554585636 0.3576463979875215 0.0
5.804438372615795 6.322133466040494 0.0
17.587025635003407 1.1478176883922284 0.0
1.4246004174062596 16.783434531183993 0.0
7.617791334315285 15.308289093099397 0.0
1.1171232336560935 2.492429671447482 0.0
3.5396876551847822 17.192507896748342 0.0
16.742063870168806 15.03529711370042 0.0
13.957264822932531 17.844235239747135 0.0
2.1593147917390723 18.530254161274993 0.0
#Ma tran yeu cau D
#source_index dest_index bw don vi Mbps
16 17 55
10 7 61
9 4 27
2 12 16
16 3 62
11 12 29
13 9 3
8 10 54
5 14 36
10 2 41
14 11 36
17 3 19
5 2 49
15 17 59
12 17 3
6 11 26
4 0 56
15 7 29
13 17 36
3 16 27
12 1 3
13 3 50
17 5 53
11 0 29
9 11 44
0 11 47
17 13 41
11 10 57
6 15 15
6 0 2
3 6 62
9 10 47
14 3 36
4 12 19
8 9 44
2 4 3
11 15 2
8 15 5
14 17 54
3 9 62
5 17 15
5 0 15
15 3 56
7 15 13
3 14 46
14 13 18
9 16 52
16 14 33
16 13 7
14 15 37
5 6 52
2 3 63
11 8 36
15 10 36
12 6 46
13 11 60
15 4 33
1 0 49
16 15 19
2 7 63
9 6 15
9 15 1
5 12 24
15 14 57
14 12 40
7 11 2
11 7 34
1 13 13
0 14 53
6 2 5
13 16 43
9 7 23
12 2 51
3 11 45
8 13 5
4 15 28
8 3 4
16 8 26
17 14 18
7 2 46
9 1 57
10 8 6
7 0 1
7 13 17
4 16 20
0 13 39
6 7 43
1 6 10
6 17 35
4 3 3
2 1 60
2 14 56
0 8 37
7 5 19
15 6 53
3 15 6
13 12 17
17 15 21
2 9 4
0 5 2
13 4 58
10 14 24
6 3 60
15 16 53
6 10 34
3 17 29
1 4 55
11 17 29
17 8 27
11 6 24
10 3 23
1 14 45
16 1 62
10 15 62
13 8 58
17 2 21
12 5 50
2 17 56
15 8 35
12 9 30
0 17 21
1 10 32
17 6 1
8 12 61
8 1 8
0 9 29
8 7 2
13 15 10
4 11 1
11 3 7
15 13 56
16 5 7
7 4 20
2 6 16
1 17 36
7 3 30
13 5 51
4 6 16
10 0 32
10 12 63
6 16 48
1 5 14
2 5 24
0 6 22
15 5 16
1 16 47
0 3 28
16 12 47
6 1 53
8 6 54
17 1 56
16 2 27
3 10 57
12 15 28
16 0 4
4 13 57
17 10 1
15 11 29
6 12 20
10 4 23
17 16 34
8 14 28
12 10 13
0 7 9
0 1 55
3 1 44
10 6 36
6 5 50
12 16 30
13 0 47
1 11 30
9 14 1
16 4 55
1 7 59
3 13 5
17 7 32
4 1 4
6 4 15
9 8 56
14 9 4
5 13 21
9 17 4
11 4 15
3 0 43
16 9 10
7 6 47
10 16 61
7 14 48
13 7 19
6 9 29
5 4 39
16 6 58
0 4 47
14 1 6
13 6 57
3 7 51
4 8 34
2 13 26
13 10 48
8 11 31
5 15 37
14 2 3
2 8 35
17 11 29
1 12 11
3 8 15
12 13 51
12 0 50
13 1 24
9 0 41
10 5 48
12 7 59
9 13 13
8 5 57
5 1 32
5 16 10
10 13 21
17 0 43
6 13 50
12 14 16
7 12 38
7 1 33
11 16 50
0 15 53
14 16 51
12 3 45
10 17 6
5 8 36
16 10 48
15 12 63
8 4 49
9 5 44
2 15 39
9 12 46
11 13 35
0 10 2
17 9 58
5 9 25
12 8 53
13 14 25
14 7 61
15 2 60
15 9 34
5 7 10
11 14 38
10 1 12
15 0 57
2 16 32
12 4 2
4 2 56
3 12 1
4 7 52
5 3 54
5 11 58
3 4 57
4 10 63
5 10 34
4 17 53
1 9 18
4 9 48
9 2 58
2 11 57
0 2 15
14 8 25
10 9 47
2 0 23
4 14 59
8 16 50
12 11 36
16 7 61
6 14 42
1 2 25
7 8 58
0 16 40
14 0 18
7 17 19
14 5 43
1 8 40
14 10 8
7 10 15
6 8 6
2 10 59
17 4 42
17 12 23
1 3 49
16 11 60
11 5 31
10 11 43
11 9 49
14 4 7
3 5 10
8 17 60
9 3 44
11 1 23
13 2 42
