#So luong nut la la
11
#Toa do cac nut
19.433160467685425 11.54820985824625 0.0
8.778390804829657 8.756241077724585 0.0
18.48207611896384 17.418942908369992 0.0
13.53379817070011 11.793020328865854 0.0
1.742714198629454 0.09695001106904999 0.0
9.94664167148381 17.646428875214607 0.0
4.1381243308509985 19.029511724165932 0.0
13.115806174139594 10.643906798613141 0.0
13.450690215780813 14.270068866106074 0.0
11.914128659961037 16.791661167916423 0.0
15.834212210112847 0.5075766263031043 0.0
#Ma tran yeu cau D
#source_index dest_index bw don vi Mbps
2 0 61
3 0 24
5 3 39
1 2 16
0 4 16
4 7 15
9 4 25
0 1 61
2 10 39
9 8 29
1 9 50
7 2 21
2 7 35
10 9 1
3 10 3
8 4 20
3 4 34
5 4 58
4 6 17
5 10 50
9 1 57
9 3 24
9 7 22
2 8 7
1 5 11
2 9 61
9 2 6
3 7 60
0 8 62
2 4 31
6 0 34
6 4 13
5 1 12
5 9 41
7 3 21
7 8 46
0 7 50
8 10 52
2 5 42
6 5 56
3 6 60
3 2 54
8 2 57
1 4 2
6 9 32
10 0 40
4 8 22
7 6 36
3 9 14
6 10 50
5 7 62
0 9 51
2 3 22
10 5 51
3 5 10
6 7 54
6 1 56
8 3 48
8 9 4
1 8 16
0 2 60
10 1 9
7 4 19
10 7 12
4 1 35
8 1 56
3 8 24
3 1 2
5 8 63
8 6 40
2 1 39
7 9 5
6 8 61
4 2 49
7 5 62
9 10 42
10 4 37
5 2 47
4 9 27
1 3 35
10 3 3
5 6 20
10 8 22
4 5 22
7 1 52
4 3 8
0 10 23
1 6 53
8 0 25
9 5 36
10 2 50
0 3 45
1 7 30
10 6 34
9 6 45
6 3 63
0 5 25
8 7 15
4 0 56
7 10 27
0 6 61
1 10 59
8 5 11
2 6 10
9 0 33
5 0 30
1 0 63
7 0 19
4 10 40
6 2 30
