#So luong nut la la
16
#Toa do cac nut
12.593659755661344 15.181397780389013 0.0
17.706555105901927 8.15757924263036 0.0
17.296917826860902 17.241453418680994 0.0
11.10175364652135 1.512712661689173 0.0
9.857551176171347 14.78329075464179 0.0
6.65678938957018 7.404511146778333 0.0
12.575490451872774 8.957621638283099 0.0
13.392292498795666 6.169580556842021 0.0
12.22624265765228 12.146413357657504 0.0
16.20093939672022 6.565425604936507 0.0
18.013298092999833 4.688544822267382 0.0
9.920534269086628 2.6647089511629463 0.0
10.215300069218557 7.363330207414769 0.0
13.371430647976446 14.61684580764536 0.0
5.635141698061342 12.56432468253634 0.0
6.5775108567274545 19.572645503110742 0.0
#Ma tran yeu cau D
#source_index dest_index bw don vi Mbps
5 9 15
3 11 36
5 3 23
12 6 47
2 9 19
3 7 55
14 8 18
12 15 53
5 1 58
1 12 32
6 11 4
2 8 26
6 1 31
14 2 24
4 6 32
2 15 40
3 10 56
2 5 45
10 0 8
15 2 14
4 7 51
12 9 50
11 2 56
3 14 18
8 5 31
13 14 1
8 1 42
11 12 32
10 8 59
2 6 49
10 11 41
1 2 29
3 4 15
0 12 15
7 14 25
6 9 54
14 11 49
2 4 29
5 0 33
11 7 38
13 8 10
4 14 21
0 10 27
13 12 40
8 14 3
4 11 8
7 9 9
9 2 36
11 1 23
5 7 6
0 14 57
13 1 16
4 2 37
6 15 55
15 1 20
8 6 9
0 5 39
4 10 49
4 15 11
11 5 46
6 13 3
8 4 23
8 12 63
0 2 16
13 9 6
7 15 45
10 12 20
1 11 20
2 14 48
6 12 6
5 4 55
13 4 9
7 2 59
8 0 20
6 14 52
7 6 58
11 3 3
9 15 56
7 13 30
7 5 49
15 14 43
5 8 53
7 1 58
2 7 57
10 3 30
15 6 52
12 7 58
10 2 45
3 1 41
15 13 59
10 5 21
14 0 1
9 14 61
12 5 2
1 7 4
11 13 57
0 6 24
3 12 39
0 4 20
15 3 36
9 5 63
8 3 49
14 10 3
10 7 39
5 13 1
4 3 46
0 13 23
12 2 12
9 12 57
13 10 5
14 3 23
1 9 59
4 8 53
8 2 30
9 6 56
4 0 8
14 15 37
9 11 48
2 10 25
14 9 52
0 7 11
1 0 11
11 9 41
7 10 14
0 3 42
11 15 9
13 6 52
6 0 57
14 5 31
9 3 56
7 0 18
14 1 5
12 8 25
7 4 32
10 14 12
12 10 63
14 12 32
14 6 13
6 5 42
4 13 43
15 5 14
10 1 33
3 2 42
2 3 10
15 9 1
15 4 36
0 1 39
3 15 57
13 3 36
10 13 45
6 7 42
6 10 5
10 15 3
3 5 8
1 8 2
2 11 54
8 10 22
0 9 45
13 5 56
2 13 23
13 7 51
14 7 12
11 4 50
4 1 8
11 14 14
2 12 9
4 5 40
9 1 29
5 15 44
11 0 29
9 4 12
8 7 34
1 3 49
11 10 45
2 1 7
6 3 49
7 11 62
0 8 18
12 4 45
12 14 30
3 9 15
5 11 32
3 8 49
11 8 50
4 12 49
8 13 24
12 13 47
12 3 26
10 4 31
7 12 53
13 11 46
6 8 54
5 14 25
0 15 7
6 2 21
6 4 4
3 0 13
9 0 18
9 7 59
9 10 1
15 11 22
1 10 61
8 9 26
1 14 8
12 1 19
1 13 55
12 0 13
15 8 42
15 7 11
13 0 18
9 13 54
0 11 49
10 6 46
10 9 48
3 6 55
13 2 22
7 3 46
4 9 4
1 6 4
15 10 21
14 13 10
3 13 39
13 15 6
7 8 21
11 6 14
15 12 3
8 11 35
1 4 21
15 0 50
1 5 59
5 2 41
5 6 16
1 15 48
5 10 34
14 4 30
5 12 50
8 15 18
9 8 4
