#So luong nut la la
9
#Toa do cac nut
1.1510403380827317 10.95504790777593 0.0
19.196907363709006 14.816788733269096 0.0
11.868595699207736 13.139837789902842 0.0
11.07987820400772 7.463198054232098 0.0
18.287868660750966 2.686516409000031 0.0
5.1294135051946155 13.991116520133279 0.0
9.967874858808539 2.0778211994737537 0.0
1.6783676544747395 6.619521292550528 0.0
11.78872863451929 5.780950535400615 0.0
#Ma tran yeu cau D
#source_index dest_index bw don vi Mbps
0 0 0
0 1 1
0 2 22
0 3 8
0 4 7
0 5 38
0 6 23
0 7 59
0 8 28
1 0 15
1 1 0
1 2 4
1 3 4
1 4 14
1 5 12
1 6 5
1 7 5
1 8 32
2 0 3
2 1 7
2 2 0
2 3 57
2 4 18
2 5 49
2 6 13
2 7 1
2 8 22
3 0 23
3 1 22
3 2 35
3 3 0
3 4 2
3 5 19
3 6 0
3 7 2
3 8 24
4 0 17
4 1 16
4 2 22
4 3 32
4 4 0
4 5 22
4 6 0
4 7 20
4 8 18
5 0 75
5 1 12
5 2 27
5 3 32
5 4 12
5 5 0
5 6 27
5 7 32
5 8 3
6 0 15
6 1 20
6 2 27
6 3 27
6 4 7
6 5 29
6 6 0
6 7 32
6 8 70
7 0 34
7 1 1
7 2 29
7 3 23
7 4 11
7 5 15
7 6 40
7 7 0
7 8 9
8 0 27
8 1 18
8 2 8
8 3 27
8 4 50
8 5 22
8 6 56
8 7 23
8 8 0
