#So luong nut la la
14
#Toa do cac nut
2.9061637209865565 1.5869704288229967 0.0
13.71298443762093 16.5530042627216 0.0
9.395934725430573 3.961398917043804 0.0
4.785047998936968 19.70611234202707 0.0
3.6061296599078556 15.216680625851282 0.0
11.539194344360217 12.19580834146598 0.0
12.854883373132296 12.89991417736163 0.0
19.48667825190012 2.4576718991414763 0.0
1.2668015020894212 3.2311487710818296 0.0
10.69290068592447 0.7798615524413887 0.0
7.4810789465144625 16.647757475419034 0.0
11.77263487399052 15.084958293249537 0.0
8.449076704065408 11.153396804571457 0.0
2.9648889497361184 11.55341430284241 0.0
#Ma tran yeu cau D
#source_index dest_index bw don vi Mbps
0 0 0
0 1 18
0 2 32
0 3 8
0 4 21
0 5 12
0 6 12
0 7 12
0 8 151
0 9 35
0 10 6
0 11 16
0 12 32
0 13 6
1 0 10
1 1 0
1 2 3
1 3 15
1 4 13
1 5 4
1 6 103
1 7 11
1 8 8
1 9 21
1 10 8
1 11 82
1 12 1
1 13 12
2 0 38
2 1 15
2 2 0
2 3 4
2 4 7
2 5 18
2 6 24
2 7 21
2 8 9
2 9 1
2 10 15
2 11 32
2 12 13
2 13 13
3 0 14
3 1 39
3 2 21
3 3 0
3 4 60
3 5 38
3 6 26
3 7 5
3 8 11
3 9 16
3 10 51
3 11 5
3 12 11
3 13 41
4 0 7
4 1 9
4 2 26
4 3 16
4 4 0
4 5 2
4 6 12
4 7 3
4 8 3
4 9 2
4 10 1
4 11 2
4 12 37
4 13 51
5 0 15
5 1 50
5 2 5
5 3 26
5 4 9
5 5 0
5 6 103
5 7 7
5 8 0
5 9 28
5 10 30
5 11 125
5 12 31
5 13 43
6 0 17
6 1 32
6 2 29
6 3 6
6 4 30
6 5 187
6 6 0
6 7 3
6 8 24
6 9 15
6 10 38
6 11 129
6 12 10
6 13 12
7 0 19
7 1 19
7 2 27
7 3 15
7 4 2
7 5 4
7 6 27
7 7 0
7 8 14
7 9 20
7 10 11
7 11 25
7 12 10
7 13 1
8 0 133
8 1 2
8 2 40
8 3 17
8 4 23
8 5 13
8 6 18
8 7 5
8 8 0
8 9 32
8 10 5
8 11 2
8 12 30
8 13 26
9 0 18
9 1 17
9 2 8
9 3 16
9 4 23
9 5 22
9 6 32
9 7 14
9 8 16
9 9 0
9 10 2
9 11 16
9 12 6
9 13 3
10 0 20
10 1 50
10 2 4
10 3 65
10 4 25
10 5 23
10 6 8
10 7 3
10 8 25
10 9 4
10 10 0
10 11 51
10 12 53
10 13 27
11 0 14
11 1 70
11 2 17
11 3 2
11 4 12
11 5 130
11 6 91
11 7 12
11 8 2
11 9 5
11 10 27
11 11 0
11 12 8
11 13 42
12 0 1
12 1 53
12 2 2
12 3 7
12 4 6
12 5 60
12 6 8
12 7 14
12 8 7
12 9 14
12 10 42
12 11 25
12 12 0
12 13 14
13 0 20
13 1 3
13 2 34
13 3 29
13 4 37
13 5 2
13 6 32
13 7 19
13 8 29
13 9 26
13 10 53
13 11 15
13 12 49
13 13 0
