#So luong nut la la
13
#Toa do cac nut
6.860933750521862 2.2997914634015793 0.0
6.917216678286655 7.785871533085895 0.0
16.615035298920397 12.469523274377966 0.0
3.667091104007935 1.7671340194233278 0.0
4.239475742253779 19.609840326510167 0.0
18.494996809951807 0.9499369671972271 0.0
5.797327573859334 2.9495724194680433 0.0
11.712221257318529 12.398034991718687 0.0
12.621332147576796 9.799967646026246 0.0
12.365935380105885 18.288039637332922 0.0
6.383879083363959 1.2305818658426966 0.0
1.1427959031786539 5.040435020503235 0.0
5.306364120521098 18.785829661993844 0.0
#Ma tran yeu cau D
#source_index dest_index bw don vi Mbps
1 7 53
11 3 62
4 8 47
12 10 14
3 0 49
7 9 23
7 5 11
12 3 38
4 12 8
3 12 24
9 12 50
3 9 34
6 0 7
6 12 26
10 2 5
4 2 1
2 7 22
10 9 58
8 2 25
1 3 5
4 1 42
12 2 9
4 10 37
3 7 50
10 0 53
0 8 15
10 5 27
1 5 1
11 1 10
7 2 38
11 8 53
7 4 21
1 2 55
5 7 8
12 6 54
0 10 30
9 4 38
6 4 33
12 1 27
4 6 47
10 1 2
11 5 61
11 4 58
2 11 18
10 8 35
3 5 4
2 1 15
0 7 51
8 10 11
5 8 3
5 11 54
3 4 15
1 10 12
7 10 50
6 5 44
4 0 19
2 4 54
2 6 5
10 6 44
4 5 59
6 11 12
8 12 54
11 0 42
9 8 5
1 8 18
1 11 24
5 9 11
3 8 31
0 5 57
0 4 2
8 6 58
12 9 26
8 11 21
11 9 3
8 0 4
0 11 42
12 5 46
8 3 16
1 9 16
9 11 1
11 12 29
2 12 6
9 2 51
0 3 39
7 0 7
2 9 2
3 11 53
10 7 15
6 7 17
6 9 18
6 1 53
1 0 24
4 9 19
12 7 19
1 12 14
2 0 55
2 3 23
5 0 7
12 0 12
12 11 46
11 10 6
11 2 28
4 7 1
5 12 6
5 3 17
5 2 23
10 3 4
7 12 20
2 8 20
3 10 51
8 4 22
9 7 16
4 3 18
6 2 18
7 1 25
5 10 45
11 6 60
3 6 19
6 8 4
9 0 15
7 11 54
8 9 39
7 3 33
1 4 63
7 6 19
2 10 46
10 12 28
2 5 17
9 6 59
5 4 57
4 11 2
10 4 60
5 1 16
0 12 32
3 1 6
9 1 54
9 10 7
1 6 15
8 5 52
0 9 34
0 6 12
6 3 19
8 7 36
0 1 57
12 4 2
8 1 45
3 2 27
0 2 21
10 11 44
9 3 22
5 6 26
12 8 1
7 8 8
6 10 26
9 5 47
