#He so k la
3.0
#Number of Nodes
19
# list of nodes
#x #y #z
36.08013254789003 16.088270971898837 0.0
3.351386077987344 34.374974010181056 0.0
4.273262237152363 5.396699014208468 0.0
34.22009264026547 35.792493501092395 0.0
14.415334014090199 17.097697476853597 0.0
12.574831770814992 7.029523443577042 0.0
5.991341397355866 15.960031400298107 0.0
36.5780844247313 6.5906087248705845 0.0
29.746587757740873 21.78801208914179 0.0
13.553597389708093 37.348584754506255 0.0
34.55585793910949 27.003769159212634 0.0
19.95975900927023 2.9725930960338434 0.0
14.401823438774114 29.574861512943237 0.0
25.526261126714328 30.353797839576572 0.0
5.30615763070605 23.40259302145158 0.0
22.588256806310635 11.806629270367745 0.0
24.74268327941825 37.50439668004712 0.0
21.207169653157262 20.803130185011295 0.0
28.680101659229784 5.252311119057049 0.0
#nguong BER
0.001
#Ma tran yeu cau D
#source_index dest_index bw don vi Mbps
0 0 2396
0 1 1944
0 2 2102
0 3 1687
0 4 1227
0 5 2383
0 6 1294
0 7 1470
0 8 1428
0 9 1336
0 10 1668
0 11 1228
0 12 1800
0 13 1776
0 14 2186
0 15 2162
0 16 628
0 17 1968
0 18 2192
1 0 2638
1 1 1880
1 2 2232
1 3 2058
1 4 1475
1 5 1546
1 6 1666
1 7 1320
1 8 1364
1 9 956
1 10 931
1 11 949
1 12 1231
1 13 1715
1 14 1961
1 15 2038
1 16 1275
1 17 1764
1 18 1369
2 0 2156
2 1 1864
2 2 1929
2 3 1574
2 4 1723
2 5 2287
2 6 1524
2 7 1576
2 8 1560
2 9 1460
2 10 1517
2 11 1213
2 12 1342
2 13 1409
2 14 1869
2 15 1909
2 16 993
2 17 1624
2 18 1841
3 0 2509
3 1 1745
3 2 1800
3 3 1207
3 4 709
3 5 1934
3 6 1237
3 7 1764
3 8 1283
3 9 1202
3 10 2060
3 11 1252
3 12 1025
3 13 1376
3 14 1974
3 15 1720
3 16 1342
3 17 1436
3 18 1434
4 0 1182
4 1 1469
4 2 929
4 3 793
4 4 617
4 5 1052
4 6 1309
4 7 1206
4 8 981
4 9 370
4 10 788
4 11 632
4 12 840
4 13 1061
4 14 934
4 15 1034
4 16 715
4 17 1006
4 18 1227
5 0 2352
5 1 1657
5 2 1607
5 3 2540
5 4 1212
5 5 2469
5 6 2077
5 7 1740
5 8 1894
5 9 1435
5 10 1903
5 11 925
5 12 1456
5 13 1882
5 14 1934
5 15 2518
5 16 1078
5 17 1627
5 18 2099
6 0 1446
6 1 1028
6 2 1403
6 3 1611
6 4 856
6 5 1777
6 6 1005
6 7 1224
6 8 1503
6 9 889
6 10 1443
6 11 651
6 12 1230
6 13 1048
6 14 1402
6 15 1158
6 16 825
6 17 1298
6 18 1245
7 0 1680
7 1 1208
7 2 1658
7 3 1439
7 4 1098
7 5 2140
7 6 1229
7 7 1854
7 8 1129
7 9 814
7 10 1043
7 11 1068
7 12 1514
7 13 1399
7 14 1535
7 15 1662
7 16 978
7 17 1321
7 18 1574
8 0 1606
8 1 1545
8 2 1506
8 3 1184
8 4 1046
8 5 1767
8 6 1083
8 7 1700
8 8 1290
8 9 619
8 10 1246
8 11 895
8 12 1143
8 13 1156
8 14 1667
8 15 1488
8 16 1061
8 17 1015
8 18 866
9 0 1398
9 1 1194
9 2 1464
9 3 1004
9 4 719
9 5 975
9 6 993
9 7 832
9 8 874
9 9 605
9 10 901
9 11 615
9 12 737
9 13 971
9 14 929
9 15 1220
9 16 736
9 17 849
9 18 1273
10 0 1589
10 1 1381
10 2 1379
10 3 1598
10 4 1061
10 5 2187
10 6 955
10 7 877
10 8 1272
10 9 820
10 10 1111
10 11 891
10 12 1049
10 13 1284
10 14 1496
10 15 1383
10 16 896
10 17 1539
10 18 1699
11 0 1156
11 1 1041
11 2 1125
11 3 1105
11 4 550
11 5 1455
11 6 684
11 7 948
11 8 795
11 9 777
11 10 851
11 11 506
11 12 1320
11 13 937
11 14 1253
11 15 760
11 16 472
11 17 761
11 18 780
12 0 1044
12 1 1349
12 2 1578
12 3 1053
12 4 490
12 5 1829
12 6 1176
12 7 1259
12 8 1219
12 9 663
12 10 1144
12 11 427
12 12 1131
12 13 1455
12 14 1052
12 15 1850
12 16 922
12 17 1072
12 18 1652
13 0 1960
13 1 1346
13 2 1644
13 3 2068
13 4 696
13 5 1234
13 6 1111
13 7 1692
13 8 1050
13 9 1207
13 10 1132
13 11 1079
13 12 1265
13 13 1265
13 14 1427
13 15 2049
13 16 1149
13 17 1290
13 18 1165
14 0 2413
14 1 2817
14 2 2044
14 3 1641
14 4 1276
14 5 1833
14 6 1093
14 7 1512
14 8 1436
14 9 1203
14 10 1511
14 11 1005
14 12 1408
14 13 1120
14 14 1639
14 15 2158
14 16 972
14 17 1452
14 18 1648
15 0 1847
15 1 2245
15 2 1996
15 3 1743
15 4 845
15 5 2366
15 6 1285
15 7 1704
15 8 1706
15 9 1397
15 10 2027
15 11 846
15 12 1404
15 13 1987
15 14 2580
15 15 1902
15 16 1085
15 17 1332
15 18 2086
16 0 1025
16 1 1173
16 2 1142
16 3 865
16 4 789
16 5 1142
16 6 757
16 7 1133
16 8 817
16 9 621
16 10 733
16 11 899
16 12 636
16 13 807
16 14 1064
16 15 1395
16 16 909
16 17 984
16 18 1064
17 0 1515
17 1 1629
17 2 1566
17 3 1938
17 4 939
17 5 1458
17 6 885
17 7 1188
17 8 1429
17 9 917
17 10 1710
17 11 1134
17 12 934
17 13 1263
17 14 1620
17 15 1696
17 16 667
17 17 1524
17 18 1455
18 0 1561
18 1 1819
18 2 1901
18 3 1750
18 4 1077
18 5 2132
18 6 1188
18 7 1479
18 8 1056
18 9 729
18 10 1121
18 11 877
18 12 1832
18 13 1868
18 14 1752
18 15 1967
18 16 1407
18 17 1247
18 18 1402
#Chi tiet cac cum
625.1231740489359
33
15 33.321683139818894 12.999027899890619 0.0
34 32.428217231806975 15.431184294989654 0.0
39 31.590593059628826 11.858117708863276 0.0
48 38.38880473421472 12.010094383001787 0.0
58 38.504981783631266 16.36630587502104 0.0
137 37.21234390402216 15.130596326359065 0.0
153 39.151334025960246 16.37882837940107 0.0
174 36.45030274720521 20.666635430037257 0.0
193 35.84467930399845 17.413284918068396 0.0
194 35.99360504463664 17.99284444128133 0.0
218 38.35047208396732 20.978796770288845 0.0
233 36.84335726821942 14.15134675379894 0.0
238 39.763547679418096 18.828104077873267 0.0
240 37.22900263706722 21.416597192180856 0.0
241 33.08909509683618 18.391000522218665 0.0
272 39.86166292103546 13.077986832057178 0.0
274 33.30226462344003 17.20476448463553 0.0
289 37.75098064547465 11.656658341739803 0.0
314 39.56064883861436 12.21747174619734 0.0
325 38.73332482326413 11.926882783721764 0.0
346 37.86347506201089 18.812552309445927 0.0
352 31.88974645692104 15.450881093866414 0.0
365 36.18152371271438 17.47280405405559 0.0
382 35.11711492009514 20.233555573591374 0.0
395 37.811069400704575 17.315810907597015 0.0
396 37.86554180176951 17.555010495045714 0.0
399 30.68021620337495 16.21356173726386 0.0
402 34.13574473951772 11.805975899976083 0.0
404 35.335443691031344 15.156538635455579 0.0
437 32.349662770634666 13.215242907594433 0.0
438 32.609759237445665 13.782389788478781 0.0
460 36.647548625460246 19.745717569901533 0.0
468 38.78662586643057 18.056371938763622 0.0
6.020457308789868
30
12 0.7220925575985011 34.56149327654841 0.0
28 2.580178947935116 37.28106499241236 0.0
61 2.4708721459012515 34.37598637216909 0.0
115 0.21285296179058572 39.51263068277972 0.0
116 3.367620028012907 37.549402006827115 0.0
125 7.0945244786644315 31.50678194926956 0.0
140 2.8533614364304816 38.02581896521537 0.0
197 1.0762917872278464 36.48047645269992 0.0
198 1.5747237446419668 36.296524055285 0.0
230 6.404063311621886 34.03396336318794 0.0
231 6.894753521814478 34.69427221730655 0.0
242 3.5748535193316786 32.820727943017154 0.0
256 0.8078625321211477 29.523654445776884 0.0
259 2.9466703511139647 37.79166250316043 0.0
276 1.0860205262959837 29.31286026111089 0.0
296 0.022092759228049708 31.773603566196712 0.0
304 6.314745551429853 32.39937695626358 0.0
305 2.777252151448536 31.502257384402768 0.0
332 3.337761928970846 29.775321984632633 0.0
333 2.5042372524106025 35.170003274991544 0.0
347 1.0861994822946908 33.38288957182094 0.0
384 0.9219818032049653 39.41851543042553 0.0
388 5.885694928878032 31.38952350833348 0.0
412 7.941748081368251 32.897425660205236 0.0
418 0.5242010985529888 30.09019377309812 0.0
430 6.003561130267599 39.322169352990024 0.0
436 5.67581436017051 30.812630213604344 0.0
458 7.418391647533044 35.771249458175625 0.0
474 2.29550411589697 36.289938439284704 0.0
479 4.165654197463152 37.486802244239904 0.0
6.365294624046114
31
7 1.5604166098788534 7.800702415451751 0.0
38 4.354506736920614 0.5707732848843918 0.0
43 6.605092886413528 2.5126599712585147 0.0
93 5.117908283260488 1.7237892659301222 0.0
101 7.076672946101173 7.453735320356543 0.0
138 5.793692935906011 3.4520093363822144 0.0
147 2.7684120522072853 3.4284677151839125 0.0
165 8.399669865239092 1.7041122946614449 0.0
180 5.82427443750715 2.6505401946473772 0.0
204 5.847470348852801 0.5065018594440144 0.0
205 6.75422055307336 6.73888445797626 0.0
224 5.960579396387029 7.758252448346079 0.0
227 4.28112999954046 8.398791531951904 0.0
228 4.682862329455723 8.101878955455891 0.0
235 2.0463043293553604 7.3480159563428735 0.0
257 1.1549903998008961 8.762146048582277 0.0
265 4.943762329619597 9.773582593298954 0.0
269 0.4205910130227115 8.279088139774476 0.0
273 6.9177924999701155 4.717740232625175 0.0
275 4.6700815695664755 5.567272302662026 0.0
319 1.5690335988306365 5.341535771657787 0.0
326 5.262342089682392 8.088625300317666 0.0
327 5.595159613655822 8.932563421783602 0.0
341 7.102152881034876 9.083070526872621 0.0
413 0.4266849000042686 10.468268637140705 0.0
421 1.3331296461487612 10.343586837708507 0.0
425 5.742364709144733 2.1633433506052198 0.0
450 3.1224379083113627 0.11283961477396004 0.0
453 0.38618818653844633 1.5735528592047638 0.0
484 2.024526331959055 1.2380266439356982 0.0
489 4.726677964334179 2.7033121512457674 0.0
6.146497922131004
29
0 32.04077849821212 35.237232567648824 0.0
19 38.01206664871672 32.73127639410527 0.0
40 32.24956341991736 36.72872811955154 0.0
57 38.10707347585399 33.31359431430308 0.0
63 33.942273831678 38.487251528421254 0.0
75 32.82492773096842 37.613776608437185 0.0
95 33.951043279884 37.87790794175426 0.0
106 29.69762087609988 33.76972524278235 0.0
112 32.72874443993059 38.47148318719128 0.0
151 31.9100279589971 37.37896366748963 0.0
171 30.957933881710094 34.59349443065754 0.0
172 38.414982525108655 36.06619312798087 0.0
203 31.07904309522441 36.51415274329774 0.0
215 38.33516341470184 37.000782848235836 0.0
216 38.737847265099084 37.66105935841323 0.0
254 36.933770023234665 39.32166551534228 0.0
264 35.699074066814674 34.09922407954487 0.0
270 31.785452755895395 38.42394623345016 0.0
284 30.499157950878892 33.34028957770971 0.0
285 30.488899179840356 33.828380423447115 0.0
300 35.57677192233585 37.22803827953941 0.0
334 38.9091798245364 31.81859137785548 0.0
336 35.69273893192499 36.5540287554649 0.0
356 32.944483354844465 32.254217509244796 0.0
363 34.659331277062236 39.27911131691473 0.0
389 31.401513092456394 35.053672786163304 0.0
393 37.760758418697954 32.297946691675634 0.0
401 32.196736678639105 33.19280187548831 0.0
454 34.84572874843494 37.84477502956917 0.0
5.889790313140694
18
44 11.683771274316431 22.315761766553905 0.0
102 12.06196879371562 13.795031444858584 0.0
117 15.091458097074629 14.600588164951354 0.0
119 16.738181227742036 16.332331090183825 0.0
141 12.025117712325331 14.669389130367682 0.0
142 12.804108049381774 14.398844804151231 0.0
166 13.498743323829435 12.677801707688735 0.0
184 17.584454542886828 17.48157861541122 0.0
185 17.507850456115904 17.608897465323018 0.0
217 14.304771498295295 15.87224946007466 0.0
239 16.161410860473936 19.414664216842127 0.0
290 13.67427444353385 21.676803224809422 0.0
345 11.502042164785287 14.848741618088457 0.0
358 18.614241919850116 17.100431932945828 0.0
360 14.583245886711918 19.71995897586656 0.0
371 13.046938902349842 19.44210317656772 0.0
372 13.804849712006662 19.241365085106573 0.0
409 14.788583388228727 16.562012703573828 0.0
660.72913188339
34
1 8.90026653886316 9.378076446671697 0.0
20 14.835059990979211 10.780620548824523 0.0
23 12.043431534788565 7.239101768131236 0.0
29 16.648702501162386 6.464867560564579 0.0
62 16.393691711269103 7.002168072460616 0.0
89 10.005729028519747 6.291225985723046 0.0
90 10.454027651438436 6.876771132902222 0.0
113 12.120579321401323 0.9139979194708302 0.0
118 11.682876472511968 8.980834437978206 0.0
124 10.259676653475577 11.165018807063728 0.0
154 11.153342527305478 11.753190575462073 0.0
182 14.481462975719083 2.617351585410307 0.0
209 10.482565754897422 9.856836029115385 0.0
219 10.10391379032866 5.458868009603182 0.0
222 14.35886202415878 3.244295356540163 0.0
223 12.169442285963514 8.323064981012205 0.0
244 15.916581420356422 7.5172945352108576 0.0
248 13.783687667126621 10.95359405792054 0.0
255 10.521044396665452 2.908235016373678 0.0
260 12.916818943261287 9.83406354913559 0.0
266 9.90061992394118 7.351234813190003 0.0
278 15.279935046742892 6.124636542022151 0.0
318 13.18672419523639 8.489988653804708 0.0
338 9.337329197506305 5.504760538863962 0.0
369 12.195392269315452 2.7144531832537644 0.0
374 12.141550615373465 4.715960045606003 0.0
403 13.285299647835188 6.559570764149197 0.0
411 17.202592987448778 7.856419745432377 0.0
417 12.314887944383315 3.7381153941210497 0.0
449 13.855211579500683 5.510282422599137 0.0
467 14.611069789649887 5.278140521493986 0.0
475 16.114802752834702 5.912421607315853 0.0
476 9.13475404538967 10.862555349248256 0.0
477 9.75234702235963 10.825781124944319 0.0
6.67141826483435
23
3 9.159493491014283 18.053507172355364 0.0
13 6.720043403881905 17.95518671490639 0.0
25 8.908148458270743 17.059546878409314 0.0
59 5.943867032108671 15.599192018788166 0.0
73 7.113036750751221 16.451024662387514 0.0
79 9.628153321549336 16.572472567971914 0.0
96 9.273976403330902 15.697414218564626 0.0
149 7.35361804499959 18.53200493207003 0.0
192 4.764261608374813 15.587002454044423 0.0
234 8.945983661974761 15.509240041663414 0.0
237 1.0929861199805415 19.075969716558053 0.0
268 7.120919705667119 15.358127846644015 0.0
281 4.613511621754346 17.8522364803913 0.0
307 0.0552199135649758 12.915317391718382 0.0
309 7.787568514309877 14.613050239616712 0.0
313 5.517263064142656 17.90469334993592 0.0
321 0.8393683364698638 14.727381839262796 0.0
331 2.5884682563256254 16.16658274294924 0.0
383 3.0428008422501454 16.079464608637714 0.0
405 6.9482971292190125 15.96123547648041 0.0
451 6.855977709848167 12.231018982471554 0.0
463 6.3715500826403275 16.526290625931846 0.0
480 7.1563386667560245 10.652761245097414 0.0
6.633406250652511
26
41 34.01764247741719 6.30364245866136 0.0
42 34.46749951368875 6.650194560765244 0.0
70 39.51544920349604 10.74238354714486 0.0
111 36.20582372251091 3.587677620655299 0.0
123 38.99687940520865 2.9235648821740465 0.0
127 35.8038785711205 6.978990557819982 0.0
135 35.97858924168571 0.5319782639916126 0.0
150 34.62418415847132 5.3033473717405855 0.0
190 39.6634963091235 7.215343767660888 0.0
213 35.32894226410231 8.377485219852442 0.0
220 35.98589622059368 1.8937109114241995 0.0
226 39.10377667107384 6.607134439196761 0.0
251 33.901711476415706 6.933286366886051 0.0
280 35.157532811687716 10.180437701201141 0.0
292 33.469680236946076 9.252845364289676 0.0
301 37.420087896622306 7.807519802487488 0.0
317 36.13339995875824 4.599816026195914 0.0
320 33.99967039495215 4.205068821069919 0.0
357 34.35588039891876 10.570303827238961 0.0
362 38.97615603115501 8.471539351823441 0.0
370 37.34985332442869 9.871133229302961 0.0
441 39.211392626755504 9.087182743189397 0.0
446 36.036978777481195 7.507635958333591 0.0
447 36.67976639288071 7.027110962489292 0.0
466 39.051450612845045 0.4355670364909277 0.0
488 39.594576344674365 8.290926054549114 0.0
5.3000759810681215
24
11 25.872848840048817 24.74219108250615 0.0
32 29.126726276752084 18.601882981017013 0.0
33 27.47903065453368 25.541530127990516 0.0
60 31.67967538566867 19.24254156061533 0.0
66 27.104604652587533 24.134724537190746 0.0
67 27.23731554537749 24.975987277793575 0.0
71 30.000925478989558 20.051994899211593 0.0
72 30.616178535442067 20.60123804563503 0.0
109 30.07524188595324 21.088596738871985 0.0
110 30.839838253453696 21.47488493661851 0.0
208 26.84158636016523 18.967969676160664 0.0
229 30.60397760715856 24.190950380971145 0.0
250 28.437810181178946 26.219822145632282 0.0
294 34.37666532265765 21.944367432497682 0.0
312 29.815754716098223 23.170476154608814 0.0
316 30.055954043339185 18.938092654519348 0.0
329 31.44750505029365 24.400102015738675 0.0
348 30.055126908439444 19.704810147362394 0.0
375 31.235917648490346 23.43963557745627 0.0
386 29.0301332852116 21.503078826381753 0.0
387 29.725134752380114 21.264433399079508 0.0
397 30.057855296273143 16.49708420033521 0.0
459 32.73569645474244 22.225340570261167 0.0
482 29.466603050545512 19.990554770947597 0.0
6.048955558435489
18
2 11.944326826282154 38.61987913453174 0.0
54 16.292564190479986 34.92934530519297 0.0
64 18.46744417372392 37.08495475086467 0.0
78 9.195220989612562 39.11684043441121 0.0
85 16.013893328126592 35.22614066192868 0.0
108 15.183220048550261 35.375276696400206 0.0
130 16.76797246739335 36.896080023666 0.0
163 14.604218621010299 37.83975273459666 0.0
169 16.50750186864525 37.00299497393689 0.0
177 13.9759943352214 39.586594822802056 0.0
183 10.640425655118795 33.642313831042124 0.0
196 12.499330220908728 36.007572803202585 0.0
200 17.24583831310389 37.519317017383315 0.0
287 7.769145566321486 39.117759830875734 0.0
288 13.714288885937336 36.297300039159275 0.0
308 12.13096467509433 39.77592128571058 0.0
385 10.188339138073138 38.523475298207416 0.0
432 10.824063711142228 39.71300593720047 0.0
5.739996988818155
25
10 36.885997710838026 28.687992746507526 0.0
24 32.22816527452838 27.30465642924249 0.0
30 35.88369556276466 25.912163071002666 0.0
65 34.77854421022333 27.4967159167016 0.0
81 36.255487128863265 30.250938556428828 0.0
82 36.53564955330432 30.838506385965722 0.0
91 32.41164592271742 29.6295087110047 0.0
104 34.51717860234603 24.763511087638097 0.0
145 37.32065091100268 27.390015480194855 0.0
146 30.826865174007636 26.406881400960405 0.0
191 37.20387048983916 26.791220616120615 0.0
201 29.85630327320305 26.96704424289328 0.0
243 36.03796882029627 26.566284881785723 0.0
279 39.11450932026857 25.59789104554232 0.0
286 36.83074517157576 23.40955805803129 0.0
293 38.99695398436125 30.640282784718615 0.0
364 31.053084165154175 27.62545543714274 0.0
381 30.780456850359307 28.53176169786441 0.0
429 35.903832907145315 23.133941818353005 0.0
431 35.872601374815886 23.568936320447335 0.0
435 34.18961870426455 28.811012932991876 0.0
452 33.11271078106455 25.723646658526732 0.0
469 32.34366757242 26.09879834638031 0.0
470 32.086307726796115 26.901814767364474 0.0
471 32.86993728557731 26.045689586506082 0.0
5.130960925696315
17
22 20.479203777451666 0.96710333721313 0.0
35 19.574323292792613 0.8514160084186325 0.0
53 17.23305335833411 2.217523717193562 0.0
76 22.02169023371122 4.219587430655153 0.0
236 20.93714612611959 1.302668555381123 0.0
247 24.32439515515826 2.4085728244300957 0.0
253 19.524189049808374 4.933644819484071 0.0
271 18.3091290888797 7.830800675680265 0.0
297 23.942524844530492 3.5717074610637307 0.0
335 23.3009118356579 2.918978160211069 0.0
337 16.632619640896866 2.175173372440203 0.0
367 19.85992655038791 3.1421433565342913 0.0
380 16.540602240030783 3.8192507975453003 0.0
416 19.430077475204136 2.599285810287243 0.0
424 21.623557867079473 0.37869486494104865 0.0
426 16.73545476615143 4.160573919359291 0.0
440 18.847097855399397 3.03695752173713 0.0
5.712753963679783
23
74 12.528304055004929 24.178058480760182 0.0
129 11.66560887103158 28.40712825083513 0.0
158 14.01976485731651 26.41147382989943 0.0
214 11.695044711125849 30.79156043722431 0.0
245 11.97155853682573 32.064817699964884 0.0
246 11.53177234550095 32.78372895680683 0.0
262 10.96891273108009 30.768364098180136 0.0
263 15.627437886345474 30.715253680856772 0.0
277 14.745922616515664 25.80147203262278 0.0
295 10.633431091261643 31.675677870025048 0.0
310 17.3396663718134 26.56274015370778 0.0
311 17.87254699946975 26.014794887999418 0.0
377 15.996647192555924 27.22164665030259 0.0
400 14.692495766374675 28.982133707916308 0.0
427 13.271819955290384 30.818586117696768 0.0
428 13.938338216149356 30.50422654903267 0.0
433 17.308088996704562 31.426664603794688 0.0
434 17.106211972155556 31.79643632376641 0.0
443 14.946783480788612 29.905483906808808 0.0
455 14.211545984680114 32.92438728313381 0.0
461 13.087338414084423 32.43737635196834 0.0
462 18.086158206568278 27.588262909954487 0.0
481 17.99653983316122 30.441540014436963 0.0
6.0645370785782475
26
14 28.961235016549512 28.39612636974586 0.0
26 20.417597619679892 28.311899898010296 0.0
45 21.927524209262106 30.978299109437 0.0
51 20.07469241649565 33.01067732032369 0.0
52 25.060081103076595 31.62825840671005 0.0
86 28.3028914949393 30.420390856640463 0.0
87 28.082331381587764 30.61023143511474 0.0
92 20.61120351901994 30.260504866235774 0.0
100 24.200032577007576 29.269352865948367 0.0
114 29.165592877393813 28.763585801232146 0.0
126 25.680331243512523 29.041655903888923 0.0
136 20.82314480772963 31.779277885615993 0.0
139 23.433084630904258 29.95541258987602 0.0
179 25.38734099624915 33.24623834246295 0.0
202 22.87186940567473 27.920962433567087 0.0
221 23.71829759344339 31.72767530806271 0.0
302 30.02520546728794 30.878372186824134 0.0
303 30.65374994299417 30.79142891408341 0.0
339 30.232946708882732 31.412594350039637 0.0
349 26.624744990295376 30.283824157719895 0.0
378 27.196512633360395 33.56071587208396 0.0
379 27.7574373294967 33.24112800985238 0.0
398 26.15124351806788 31.44172996893535 0.0
415 25.84463036766453 26.720651665351664 0.0
419 23.90815982062343 26.827614159186172 0.0
442 26.570907623373536 28.720135152042296 0.0
6.2444829539173945
30
47 0.5720358734004394 23.04550234326302 0.0
50 7.4899001687556925 29.252792666701083 0.0
88 4.965821585518943 20.55572314031348 0.0
97 6.1189548102037685 27.867854034614158 0.0
98 6.825574536182749 27.85923166459846 0.0
105 5.930168023667442 26.38518167792772 0.0
121 1.9820093266075554 25.405710416322254 0.0
128 6.257824564866946 20.76745176822006 0.0
131 4.931815423464318 21.219090665610217 0.0
132 4.745437088443929 21.875421295506506 0.0
143 5.040352078663937 25.292326076276566 0.0
156 4.689711844868336 26.66094574912566 0.0
157 9.361046284195634 22.851968521165528 0.0
168 6.03998688665077 21.79342497356268 0.0
170 4.780238204642799 22.43905233828682 0.0
175 8.063856462931385 21.821933344144654 0.0
176 8.993696038035438 21.893962898099723 0.0
181 2.6505253702282783 20.325200258297087 0.0
187 3.4194278947762937 19.590772752996 0.0
199 1.218005127745448 22.79378823155554 0.0
207 9.450315679222262 21.915264697052304 0.0
291 6.479456637900333 28.39791490463711 0.0
330 8.843243682277468 25.101431196077595 0.0
353 7.084814060779132 21.64551959222118 0.0
354 7.661486267980261 21.210213699808165 0.0
355 7.660864156371945 21.64766695147052 0.0
376 3.7203570944136626 22.809430990517114 0.0
394 1.9677940401117018 23.47592154709029 0.0
406 0.25265705114738424 23.38096853933546 0.0
439 1.987352657127256 22.7961237087507 0.0
6.160045308932146
32
4 19.14841647047604 10.438169253501643 0.0
5 19.77303530936818 10.282634776580505 0.0
6 19.97625046000747 10.623422971585063 0.0
16 21.071333532779832 11.684856545723363 0.0
17 21.82376071069967 11.087192150234701 0.0
37 23.54062987658179 12.818268197128656 0.0
55 21.411197911821237 10.012948211072564 0.0
56 21.63193127138536 10.197684898998055 0.0
68 20.989699530274596 9.894577868003577 0.0
77 27.774300889355963 12.669602341397582 0.0
133 21.47562052937792 8.593802756148952 0.0
134 21.807932356589884 8.75911013654839 0.0
144 20.9949829791089 11.909565118970464 0.0
152 20.360148944957942 7.744872577496994 0.0
210 22.222492001270783 15.460756760967218 0.0
211 22.83921270838897 15.18845639250034 0.0
252 26.411063212860768 15.626322786097338 0.0
340 28.737547701345385 12.170469477518738 0.0
350 24.504767063188392 11.02886034581102 0.0
351 24.98774784545407 11.883942943966622 0.0
361 19.62699697563465 9.9866834207472 0.0
373 21.31526076808881 14.114387598873503 0.0
390 20.148054713091387 13.09492374379178 0.0
391 20.57831908840698 13.276787393075653 0.0
407 26.66209484150958 11.06821453490416 0.0
408 26.880830167126277 11.52391468776014 0.0
410 19.628351880171792 8.811892789011639 0.0
420 21.0423500340467 13.747911165608768 0.0
422 21.944462285931536 13.648640290697946 0.0
448 27.44252385189573 11.01924817951692 0.0
473 25.72695126367512 13.57697452619061 0.0
487 20.34595062706881 15.867041811337725 0.0
5.586108500865603
18
83 20.259517197013164 34.171855598377526 0.0
94 25.912235373384963 35.300760896563624 0.0
122 26.062221793706556 39.170734751265286 0.0
155 23.88505997044558 36.72586939630209 0.0
159 28.062506997720586 35.88643962432117 0.0
162 28.525322406105637 35.27757298225193 0.0
173 22.664393696395024 35.4980747046317 0.0
178 27.256224188785524 38.96329701913496 0.0
206 23.341570317872847 39.950858626634435 0.0
258 25.262273182415083 39.04984202976118 0.0
267 24.494592939285283 36.09868107810409 0.0
315 21.93944107853285 39.541406660820115 0.0
328 22.688143910664017 39.317888269704916 0.0
344 29.15153499673134 39.29078249056159 0.0
366 20.32148859898811 37.23913468262528 0.0
368 25.95418138629983 36.05773374344263 0.0
392 29.220778994218744 38.71307279056869 0.0
414 20.36681200096345 38.82513489577694 0.0
4.910787811909723
25
36 19.530371515070545 25.418775853572736 0.0
103 17.879094367533664 19.89011395565114 0.0
148 24.061217347641893 18.993040867810905 0.0
167 18.31381883626714 20.308831613107824 0.0
186 22.073764374485616 23.269626043065834 0.0
188 20.00910175228554 20.608127903272425 0.0
195 24.966373754690046 19.031285778649107 0.0
212 18.282877017833375 21.604250975524252 0.0
225 22.67222908128575 20.258964043297485 0.0
249 23.38162354887174 18.867780489258 0.0
261 17.877613888999427 23.544280273124453 0.0
282 21.452515980307965 20.312523462554843 0.0
283 21.362914679286014 20.5510934329378 0.0
298 20.180699299077837 23.729555514495523 0.0
299 20.57367906814843 23.00473158400446 0.0
306 24.024261595289275 22.45584279083574 0.0
322 21.22264460206138 19.368445111723787 0.0
323 21.387474123299107 19.50051952798212 0.0
324 21.59616626429689 19.012781052531363 0.0
359 21.315893889730834 18.130853480847428 0.0
444 19.011918518488752 23.75213706077014 0.0
464 23.28675992541467 21.728373109786293 0.0
472 20.652257439474486 19.792035884932588 0.0
483 22.28158914746217 18.298434450195913 0.0
485 22.78238131162891 18.64585036535017 0.0
5.57832827374959
28
8 31.43392125295829 4.124175051437947 0.0
9 31.1485559360792 4.547264910022426 0.0
18 26.336935064383468 5.5192481470514325 0.0
21 28.516653075410062 1.7365810578168899 0.0
27 29.477711714545983 0.5988921577682612 0.0
31 28.497469770305543 8.406208919556086 0.0
46 31.48559890461069 0.8643368430610694 0.0
49 31.925975496128697 7.429891533441147 0.0
69 25.803536521770663 7.330028156131823 0.0
80 31.054778500745822 6.0873438019589186 0.0
84 29.595706794935225 9.08003454967573 0.0
99 28.71330497877249 10.417995902298673 0.0
107 25.41010195339224 6.19851695868155 0.0
120 29.17870761947844 2.440768791866456 0.0
160 24.369362056790106 6.703304355147205 0.0
161 24.961732785381706 6.6683707224839095 0.0
164 31.719602567598088 0.5747924865188168 0.0
189 25.326241955428316 4.6308331853882265 0.0
232 25.6913015996568 1.2918671786973506 0.0
342 27.018207156308268 5.430079197934709 0.0
343 27.71793708987044 5.89328182301222 0.0
423 26.656438303787372 7.5033315696874165 0.0
445 31.404336817630547 9.210655369858834 0.0
456 31.17315409023366 5.583889183307158 0.0
457 31.917561326819836 5.913242242907244 0.0
465 28.50110683978322 3.9260260114002303 0.0
478 30.104199797194507 2.1895176026104624 0.0
486 27.902706488434447 6.764233623875189 0.0
