#He so k la
3.0
#Number of Nodes
15
# list of nodes
#x #y #z
18.85938922842523 32.98312512557464 0.0
13.52806269222523 4.255742037942014 0.0
4.545033478874918 15.991588936296182 0.0
35.32647346427303 7.324044379851273 0.0
34.844174968737995 19.87653083455991 0.0
5.568258192014243 35.05183833552517 0.0
25.026894047978978 19.009211926684692 0.0
37.01350455424662 30.058119354980477 0.0
14.41396271309202 21.48234096702965 0.0
5.5572185038669595 5.635781501225057 0.0
17.69416057147736 11.60882915381977 0.0
25.451310202880016 4.847441748514589 0.0
30.245560547864095 36.62140896113212 0.0
5.538040767734574 26.49405959741051 0.0
27.84588112246674 27.344980238267798 0.0
#nguong BER
0.001
#Ma tran yeu cau D
#source_index dest_index bw don vi Mbps
0 0 2122
0 1 1630
0 2 1729
0 3 2285
0 4 2399
0 5 2190
0 6 2149
0 7 1705
0 8 1846
0 9 2688
0 10 2492
0 11 1634
0 12 1210
0 13 2025
0 14 2108
1 0 1172
1 1 1552
1 2 1615
1 3 2238
1 4 1817
1 5 2164
1 6 2028
1 7 909
1 8 2207
1 9 2209
1 10 1900
1 11 1754
1 12 1863
1 13 1794
1 14 1675
2 0 2070
2 1 1636
2 2 1908
2 3 2019
2 4 1438
2 5 1986
2 6 1671
2 7 1177
2 8 2105
2 9 2050
2 10 2195
2 11 1663
2 12 1926
2 13 1995
2 14 1731
3 0 2865
3 1 1872
3 2 2554
3 3 3057
3 4 2026
3 5 2956
3 6 3051
3 7 1802
3 8 2769
3 9 2974
3 10 3149
3 11 2562
3 12 1846
3 13 3107
3 14 2774
4 0 1990
4 1 1295
4 2 1355
4 3 2275
4 4 1617
4 5 1932
4 6 2218
4 7 1319
4 8 1981
4 9 2017
4 10 1788
4 11 1468
4 12 1233
4 13 2263
4 14 2353
5 0 2137
5 1 2420
5 2 2330
5 3 2949
5 4 2178
5 5 3575
5 6 2568
5 7 1672
5 8 2665
5 9 3026
5 10 2393
5 11 2511
5 12 1853
5 13 2895
5 14 2094
6 0 2181
6 1 2372
6 2 2183
6 3 3362
6 4 2230
6 5 2945
6 6 2926
6 7 1317
6 8 2217
6 9 2987
6 10 2743
6 11 2124
6 12 1397
6 13 2623
6 14 2452
7 0 1383
7 1 1260
7 2 1184
7 3 1682
7 4 1194
7 5 1629
7 6 1752
7 7 1227
7 8 1497
7 9 1460
7 10 1765
7 11 1555
7 12 1134
7 13 2159
7 14 1925
8 0 2586
8 1 2100
8 2 1539
8 3 2447
8 4 2042
8 5 2521
8 6 2332
8 7 1608
8 8 2101
8 9 2114
8 10 2337
8 11 2197
8 12 1199
8 13 2496
8 14 1720
9 0 2455
9 1 2313
9 2 1725
9 3 3227
9 4 1569
9 5 2761
9 6 3156
9 7 2016
9 8 2283
9 9 3175
9 10 2623
9 11 2773
9 12 1940
9 13 2247
9 14 2388
10 0 2117
10 1 2036
10 2 1812
10 3 3281
10 4 1891
10 5 2813
10 6 2793
10 7 1879
10 8 2667
10 9 2866
10 10 2527
10 11 2167
10 12 1601
10 13 2091
10 14 2911
11 0 1946
11 1 1683
11 2 1995
11 3 2976
11 4 1655
11 5 3325
11 6 1821
11 7 1386
11 8 1415
11 9 2037
11 10 2155
11 11 2458
11 12 1338
11 13 2641
11 14 2068
12 0 1135
12 1 1114
12 2 1544
12 3 1940
12 4 1158
12 5 1747
12 6 2341
12 7 1207
12 8 1694
12 9 1888
12 10 1751
12 11 1649
12 12 1627
12 13 1775
12 14 1611
13 0 2010
13 1 1784
13 2 1931
13 3 3217
13 4 1848
13 5 3010
13 6 2851
13 7 1710
13 8 2038
13 9 2932
13 10 2957
13 11 2496
13 12 2364
13 13 2102
13 14 2226
14 0 2337
14 1 2141
14 2 2328
14 3 2562
14 4 2019
14 5 1936
14 6 2395
14 7 1913
14 8 1784
14 9 2516
14 10 2003
14 11 2127
14 12 1553
14 13 2611
14 14 2129
#Chi tiet cac cum
6.5763673830142775
30
3 17.364174590206968 34.115901117621135 0.0
9 21.67046309980463 31.465270154837828 0.0
13 14.264011410668006 33.659145294610255 0.0
29 18.897643768918602 36.3385915818945 0.0
31 19.700365386978966 37.13674612931279 0.0
41 15.669387864993013 33.3729267121319 0.0
64 16.895444653346377 34.77605509945625 0.0
74 20.49446415729751 29.207620961062283 0.0
80 17.79333905642928 28.356440000669675 0.0
105 16.962912736863867 35.00620534416769 0.0
113 20.887395575531443 30.599871763685776 0.0
119 19.428391318193977 39.31426143854784 0.0
130 17.71956328532556 39.459961141393705 0.0
147 22.046346012812176 34.29173402466878 0.0
148 20.004735465245947 31.32098549027832 0.0
169 17.5601035831256 38.23868144291035 0.0
185 22.15994570578608 35.05279207825183 0.0
222 22.101008171224358 32.822328815023944 0.0
231 15.269109268897752 31.234653819374472 0.0
234 19.547568996978654 28.734427372719733 0.0
297 22.079422498137532 38.033927861507756 0.0
316 17.871193788850505 26.971564653268373 0.0
317 22.566845123323066 30.379512995513476 0.0
358 22.47747942082409 31.56602851477522 0.0
375 18.061798364786867 29.242444107775 0.0
385 13.948630325354305 31.183666884473524 0.0
395 23.46119098317931 34.54328506411189 0.0
445 14.312860189738482 29.322243240483747 0.0
446 14.570187931178577 29.19586247235547 0.0
466 19.995694118755416 34.550618190355706 0.0
4.865788418513585
27
24 12.359768736955711 7.664325376674688 0.0
25 12.592344095801312 7.520075888451177 0.0
42 11.97488386691469 2.5203339929697908 0.0
57 17.522882259979788 4.186995506024829 0.0
86 11.00904917125381 5.451402472121487 0.0
133 13.196795196595376 1.6157564695438937 0.0
144 12.504573007379893 2.7311432452086484 0.0
158 16.466410762438827 3.5020666466521857 0.0
165 9.738604868367165 2.1233870608038883 0.0
178 15.54515700049755 3.7594234954257684 0.0
198 9.884596026396542 1.0306765209740076 0.0
219 10.947444167747433 0.8456109196297275 0.0
242 12.622319490560598 0.3643373314507695 0.0
323 13.763162568657652 2.8332215421464944 0.0
326 13.187936300168802 8.143292998094191 0.0
341 14.807800375700586 6.748179643670989 0.0
352 16.270386361260602 2.575324580329312 0.0
380 14.768425514976126 7.180354402026853 0.0
381 14.843398095589489 7.961746884292252 0.0
386 9.954620150706543 4.112292294474227 0.0
402 13.667675596953156 6.596718466988278 0.0
428 14.259415708920885 2.3431306675907275 0.0
429 16.923122588552246 4.03573829319972 0.0
448 15.776190213474138 2.6294901852788755 0.0
449 13.183299626813229 5.337920088704169 0.0
460 14.98140027618162 5.026752730184444 0.0
461 12.506030661237581 6.065337321523009 0.0
5.8408360474691445
28
7 3.361671355382289 13.811160813356999 0.0
17 6.964711117428039 17.57045680007036 0.0
90 8.541550382305152 11.75648012363673 0.0
108 4.235753929714988 20.471794920962154 0.0
124 3.478765251077787 17.791457435543375 0.0
128 4.665546436275351 13.873390824269533 0.0
134 3.4883283657433304 14.694290388357597 0.0
146 5.5700136380071275 13.362206644695927 0.0
151 9.821594273337764 14.46555755694968 0.0
179 3.418960574434858 11.825433676139175 0.0
191 2.2206524272744463 20.93159768921302 0.0
196 3.7890889967024037 19.064291905215317 0.0
197 4.719310201618839 15.004380264601275 0.0
208 2.553988118769208 12.44551804711751 0.0
221 5.440735762310653 11.085318956239174 0.0
226 9.102347445495646 12.338336256415056 0.0
237 5.8202812767610235 19.85654221217515 0.0
263 2.0974525038533613 18.834584467090128 0.0
294 4.464757113636351 17.363687847434043 0.0
331 4.692027013594014 18.810428629347346 0.0
354 3.8502436615136157 17.295663337492602 0.0
356 0.6202684361974778 17.40323749654813 0.0
367 2.7556453942150587 14.553898458823555 0.0
368 6.386374379482395 14.002070500972703 0.0
370 4.435410496104959 19.3706188490956 0.0
376 6.766091877735955 18.12452374974875 0.0
401 2.678126221543564 15.858053842990351 0.0
415 1.3212407579820302 15.79950852179189 0.0
613.6282507474268
39
0 31.86544011050214 8.15680314864279 0.0
19 33.11568920939354 12.276260730811645 0.0
20 33.734718445586516 12.681812321338446 0.0
33 39.25762181856706 1.798517740875854 0.0
49 31.320398868599124 11.125309592428902 0.0
50 36.27667447554725 1.2185255368552976 0.0
89 31.573023146398796 10.491577356705113 0.0
91 34.88079835095877 7.816738563990838 0.0
126 39.71636198746026 5.080842463663334 0.0
142 35.258003418657786 6.393993171999395 0.0
168 36.58751968529941 12.680439928205313 0.0
211 31.911315479032833 3.5536275364750027 0.0
224 35.746354612467634 1.5062476398813966 0.0
241 34.85816665654582 3.63577616177757 0.0
270 32.89839562379406 5.9714322211102875 0.0
272 39.08988618327519 1.1370154682555276 0.0
282 32.878329523913536 9.93063695937944 0.0
284 39.06879281929344 13.239487991664497 0.0
292 35.13808079896266 10.31872094618274 0.0
301 33.279865943477176 3.843009597314244 0.0
311 37.5870643084489 7.949048408435772 0.0
320 36.62015283056318 2.311196150509279 0.0
328 35.16268897626589 13.16477043685983 0.0
332 33.70306313137167 4.772446152620895 0.0
339 33.716543401528014 8.606804320162777 0.0
347 32.90555355951541 7.747537457829147 0.0
353 37.73732867725487 6.554422002881536 0.0
355 36.695014694069776 9.203343638873715 0.0
365 36.05800279205236 5.679741702910094 0.0
372 38.89972422741497 8.623879995428593 0.0
397 38.158295173516876 5.42223480902787 0.0
399 38.80186188630706 5.8915480096843496 0.0
400 34.90872426921869 11.158243004129211 0.0
416 30.30331984775455 9.1927516303518 0.0
432 32.02709652518973 3.0036992551457486 0.0
442 39.717459533692235 9.05179973490023 0.0
443 39.785602163981814 9.884421909148308 0.0
447 34.99535685672891 8.914560398872608 0.0
455 31.494175094040905 5.648506718870228 0.0
6.575425124381046
27
8 33.12234472091391 24.751510462619105 0.0
71 31.342327015097528 19.392707657940225 0.0
88 30.84786152491943 20.24283236211285 0.0
194 34.10322367794216 22.120374122558285 0.0
199 35.91346214235639 17.812452329698495 0.0
213 34.565707993426614 14.848961080516693 0.0
220 38.286497481470064 20.557221224410174 0.0
225 37.75207418594139 13.979045123773544 0.0
229 34.70529603281889 23.89654929681407 0.0
245 39.1038015775938 18.772090645645072 0.0
246 39.68487528905667 18.455013362873576 0.0
248 33.62920529915965 18.366597680786867 0.0
260 38.11539173483832 21.97107754146791 0.0
276 35.82943234017844 19.013169746966316 0.0
279 36.505423067772725 15.081676619321486 0.0
299 36.18811229883001 23.530086014615478 0.0
307 34.732434723178706 21.21224137621876 0.0
309 31.30315900107983 21.79571468923418 0.0
312 35.51468290314675 18.63425843868593 0.0
344 34.3310947542601 18.708817044598906 0.0
346 31.814739790716175 20.46037227771622 0.0
360 37.602695410319065 18.661238966314134 0.0
361 33.34337712179157 23.194611077698646 0.0
378 33.21038049850528 15.845631485630276 0.0
412 32.647234646554665 21.264028282114996 0.0
444 33.89814480900716 21.45940770647772 0.0
457 32.699744115050564 22.638645916307553 0.0
636.2992583164825
37
27 2.3392112605908513 37.090123989292394 0.0
30 6.886621131080003 37.933713680143626 0.0
34 10.181756857535797 37.49151112038543 0.0
47 1.464080018930709 32.10490546793129 0.0
48 1.5579119066280636 32.35794584952032 0.0
60 8.89428080987931 30.972494581193942 0.0
76 2.089813282590295 34.649652135697096 0.0
78 0.4262808292567581 33.94358634739936 0.0
94 3.140787448056444 34.931634392760024 0.0
95 3.6781181110264383 34.190484419478466 0.0
98 9.021668983778497 39.10419701646456 0.0
100 8.289978637408387 31.991588357299158 0.0
102 5.122050128314717 35.84698271535236 0.0
116 2.367086315226475 35.45037648030065 0.0
138 7.269907375323667 31.443820469393675 0.0
139 7.77478055539239 31.75004240504147 0.0
141 5.239345922813465 34.335345086153644 0.0
154 4.644002739684954 33.631070495679566 0.0
156 10.02607359364689 32.34200476203274 0.0
157 10.871990888487412 32.84611493200241 0.0
189 2.0648743532771383 33.76423828250306 0.0
215 11.932222771672569 33.90278458734626 0.0
227 2.4551878689826987 36.845876188486265 0.0
228 2.9794538969883577 36.35893231641252 0.0
313 6.801114031012791 32.99061425297287 0.0
325 11.799231023098136 34.36179453038929 0.0
330 0.6888867251622381 39.88443778071616 0.0
340 0.2766746104911119 37.47511669827284 0.0
393 1.5477736686011303 37.31757725293545 0.0
410 7.950472719305034 32.44054633649935 0.0
421 2.700382598352377 33.016471128458356 0.0
431 6.685528075398491 39.19468190765158 0.0
437 10.107754694353618 39.874692093146535 0.0
450 9.712105053019961 34.70814784788079 0.0
456 7.278927001616847 35.44766431609283 0.0
465 6.435685932450048 36.08788358569339 0.0
470 3.323531285092908 38.83896460545184 0.0
634.970616434831
36
37 22.235814442079327 19.576101428531075 0.0
65 23.245136557760215 23.13111871812918 0.0
72 27.68972521962993 20.866175910843353 0.0
73 27.399325666321637 20.969865481928778 0.0
75 25.5094911866151 19.73613794046051 0.0
81 29.446669591921108 17.36156291549868 0.0
92 27.326799019073235 12.647388323135369 0.0
93 27.50239838097632 12.405802061848306 0.0
107 23.346664788386057 22.696802650571087 0.0
115 25.91304038062641 18.151411201206308 0.0
135 28.613062753454148 19.859775718192136 0.0
136 26.20011002700303 20.411103255434455 0.0
175 26.856259979844516 21.492404649392647 0.0
183 21.583346289800573 23.451703145488263 0.0
186 20.958114413846108 24.00621907577692 0.0
187 25.033057264179984 16.482193509532753 0.0
188 25.818728948442647 16.74861782308175 0.0
207 26.34924798363275 18.906350957243383 0.0
214 22.94365159273055 15.020909267529825 0.0
217 23.7321426428668 19.125199214507195 0.0
255 21.08763462043734 21.5344414714502 0.0
257 21.910334400365514 21.28543806004665 0.0
268 22.405422097170867 21.51792406811639 0.0
277 24.089901427771977 21.156460103669573 0.0
278 24.68963270008231 21.13108182412208 0.0
315 24.60198449113504 22.17064273693674 0.0
349 20.642181128639997 16.63962415231544 0.0
369 28.070297627744193 21.43777755688604 0.0
384 27.01608109020754 16.237127840271608 0.0
406 21.401088579127315 17.12177801268507 0.0
413 29.027300076136076 13.224364495323357 0.0
425 27.6800078590847 19.451625156547983 0.0
426 27.548785790499014 19.51993842240189 0.0
433 28.26162745558141 14.801901859684532 0.0
463 20.52110140286587 19.281951782270532 0.0
471 24.312017851203798 14.772708569588897 0.0
6.797087289978259
23
55 33.19908915974193 31.083020424008378 0.0
127 37.309393111238144 28.44562513728617 0.0
137 36.57130165571133 31.31434927449512 0.0
163 37.49193689599074 27.315741451189695 0.0
164 37.49313291229885 27.68273603693895 0.0
172 33.28478882885874 28.463026275145495 0.0
173 33.83762804148917 28.616994317001502 0.0
212 36.96846188850841 25.87675716527221 0.0
243 37.723158751670084 36.30127089632503 0.0
244 37.594789950587966 36.830305332608695 0.0
254 39.83786394498661 30.76186565910736 0.0
265 38.268966463734024 25.678235446828765 0.0
291 39.33732452926653 25.99737518858027 0.0
302 35.345277022467016 30.120684148243623 0.0
306 38.32688319142008 30.75293424072581 0.0
327 39.988265854866434 24.906223436090848 0.0
343 38.50172394258282 31.76085182664866 0.0
357 34.505868798388036 30.514667918871616 0.0
371 36.200679283399566 34.42296664169596 0.0
388 34.95689162081952 31.277962250956826 0.0
403 39.10697490259685 26.52948296729519 0.0
420 38.45754132292391 34.9372773114483 0.0
468 37.00266267412567 31.746391817786378 0.0
6.7445025889804375
31
11 14.649643882629952 22.240516579700593 0.0
15 13.256462716447338 16.044197101712374 0.0
16 18.456059377188083 24.165582673169922 0.0
35 12.233070931294378 19.691792144062614 0.0
36 12.932005271566622 19.180994527063177 0.0
61 18.045862642242238 25.214307862590662 0.0
62 18.29783731739964 25.55125287406694 0.0
63 11.919955387390909 26.583382733739704 0.0
83 15.828952255436597 19.31040663481616 0.0
122 17.268809609480318 19.794233031505865 0.0
150 13.327613095743448 25.437357314046093 0.0
159 17.598407924193015 18.16441575558492 0.0
176 14.378493643921187 26.07741953131628 0.0
190 13.210458232242697 24.082572588342025 0.0
209 14.218059864534052 27.46808137446648 0.0
216 18.902561375696667 21.844252065712134 0.0
262 13.286010813772203 22.96895030926182 0.0
280 12.623867294550681 21.765671581650004 0.0
293 16.494786913433025 24.652908339776033 0.0
319 11.560427127109907 15.37123224337749 0.0
329 11.706269285374018 19.8300558539834 0.0
336 13.876758462374852 20.335592864392492 0.0
348 15.015958965217346 24.20653328923683 0.0
407 14.819872443316541 16.895530718174555 0.0
414 13.544715619206476 18.748059812825808 0.0
438 12.325701891630846 17.00723657868547 0.0
439 15.753071435656977 22.15059508195153 0.0
451 11.066740210272734 20.91389263296227 0.0
453 14.88295370608626 17.98212870547841 0.0
458 13.367995123626274 17.899067978321543 0.0
459 11.983461286817372 24.374349195945626 0.0
600.1971881858913
37
1 8.171346845748529 9.65046335370976 0.0
2 8.999479821483739 9.130530217174357 0.0
28 7.913262158426553 3.1540292496257627 0.0
51 8.39221125797574 10.382351534428196 0.0
52 8.710635027394295 10.419869433892929 0.0
54 6.330943503529868 2.9638014415942227 0.0
79 7.6576097072289775 4.612359045532558 0.0
99 10.063054455498333 10.753956931156509 0.0
106 3.4233896836846123 3.4363461137167497 0.0
121 7.912232713795015 7.227935036710769 0.0
143 3.1796088554167583 2.9261421571223085 0.0
155 0.5333499821246415 4.41977079484409 0.0
167 2.4249373895174666 3.6781774315033915 0.0
181 3.894542052248678 5.138424566856437 0.0
202 2.7078768155103643 6.269888346899692 0.0
233 4.638324375813122 8.828050871428632 0.0
235 4.619678101807617 2.4397527423708154 0.0
247 6.620853814338874 7.059874537829368 0.0
256 1.4692960834687576 2.90049239839575 0.0
264 7.284879187220246 3.5962458759720155 0.0
266 5.365916686243649 6.206834590295742 0.0
273 4.323003016638175 9.543268731139655 0.0
274 9.72733413081692 7.291906914983402 0.0
285 6.182701720859507 4.4627350402764385 0.0
286 4.618165969348827 5.180131937847799 0.0
288 8.798854701082945 4.561542567227515 0.0
305 7.886071196830294 2.406362547373188 0.0
308 5.607432205440897 5.4127471283059565 0.0
318 6.427458999088657 5.790334187309907 0.0
321 4.2482199677032355 6.657291817533414 0.0
334 5.2949913342248704 8.398030954213345 0.0
363 2.0046768682913285 8.160198204843043 0.0
364 6.838822220958024 0.7319249116095201 0.0
366 8.22258017574237 6.863157205788135 0.0
405 0.6646035314867549 0.28547854230309533 0.0
411 3.5326575153649475 5.575308500599952 0.0
430 0.9260825707238258 2.0081996829126334 0.0
577.5080249875757
35
6 15.29467378880509 13.11181429363993 0.0
12 19.9029153838979 10.763601279870619 0.0
21 21.10680363568351 11.369396823412197 0.0
23 14.899145684989188 10.293240313878883 0.0
45 23.34478281566454 12.088805281402136 0.0
56 19.209419150084585 13.924151986577145 0.0
66 14.384752860635274 11.832620887581868 0.0
67 14.611667882138693 11.130699899378506 0.0
69 17.486236343900504 8.289070617530475 0.0
70 17.33343554392463 8.960191805119093 0.0
96 15.444763621789573 15.686363652392025 0.0
109 21.214011849252476 9.614478721497756 0.0
110 14.858282131732215 8.51127971739699 0.0
111 17.568007399091996 15.543908849800166 0.0
125 20.54362771887858 10.605759199751505 0.0
132 15.934981735415652 14.015020804770382 0.0
145 17.85270564893201 14.584109517513117 0.0
171 15.371201569608926 9.484799460083265 0.0
177 19.282913705265848 14.90590474041876 0.0
204 15.091615311695655 8.60185315325873 0.0
205 18.17038681839492 9.758150095014036 0.0
253 13.123067785137398 10.403819304754126 0.0
258 14.987758475492846 12.362245257123755 0.0
283 15.84328066931497 10.51756401356812 0.0
289 22.6116950499419 13.26237469729189 0.0
295 14.21001930970251 13.064817047552047 0.0
296 19.084130019625764 7.228321873453308 0.0
342 12.229793932511644 11.428608291535841 0.0
359 20.68515942025996 12.311036653923296 0.0
379 21.90663716049587 14.08033154428437 0.0
391 20.128904099594614 13.535773761628963 0.0
408 19.688154322444827 8.777674318392304 0.0
418 21.59979291573406 13.23259984241073 0.0
422 17.165888936257364 11.418626650544462 0.0
423 17.125007305412314 11.610006026941232 0.0
6.832082869609014
31
10 26.33643430603939 9.771411162658591 0.0
22 26.64880621793047 5.152299260743638 0.0
40 25.765458955620296 0.9269850929851087 0.0
44 27.73042897602496 3.318599575727855 0.0
46 27.809578690232456 3.688505290865598 0.0
53 20.406863646005764 4.351691276506808 0.0
58 24.441617109280457 0.31183967556052594 0.0
85 25.989787609447635 7.441404420109596 0.0
97 20.383985113805757 5.943743570408744 0.0
103 22.243024102782847 8.242073271668026 0.0
120 21.64241690834679 5.580122836764152 0.0
184 26.474062215614353 1.775202334921178 0.0
192 28.033615774882215 4.337892082683915 0.0
200 23.731167742216623 8.386678302447 0.0
210 24.243202215142553 7.079471066680139 0.0
232 25.324181287915454 11.564636486727643 0.0
249 24.17301424657578 8.746238714522828 0.0
251 30.406698144988844 0.5632128159428934 0.0
252 29.389697845435382 5.304307706583913 0.0
259 22.67608651942473 0.4054087947845874 0.0
287 24.36285198641864 9.323492138463811 0.0
290 24.01233755709303 3.5264865756427546 0.0
314 23.981791589592785 5.839654849138431 0.0
322 24.806557997152428 0.22839734553203467 0.0
350 25.43671744233506 8.307667767129233 0.0
351 25.8252337888202 8.190699911083795 0.0
377 20.38139686061892 0.4749784891645771 0.0
417 28.696242902660117 2.4566384088321858 0.0
419 26.9735338106709 7.681420073936661 0.0
427 30.491966192710873 0.2355935800047837 0.0
464 30.171858533494717 1.1139413257312605 0.0
4.961646928958615
24
39 29.81592630948616 35.1218171973202 0.0
77 27.9445006347471 37.20901884964602 0.0
84 29.89425248090142 34.139098129067875 0.0
117 27.411121463318565 36.20274522154347 0.0
118 33.76490140857894 37.93667746636391 0.0
129 32.15682205571611 38.691065869431526 0.0
149 33.353654798308106 36.88779585022223 0.0
152 33.57989117519146 36.24219805059912 0.0
162 29.690730257038208 32.36108261656233 0.0
201 31.60823472068734 36.059182835164684 0.0
203 31.594612862025357 36.85877711888651 0.0
223 31.374576491763662 31.839482073302644 0.0
239 31.581077790854476 39.12606108620403 0.0
240 31.930241564478656 39.80253462623265 0.0
250 26.543627225922517 34.90143587823751 0.0
333 34.16760091048089 38.16188235581081 0.0
335 25.345836516785656 37.40284652544351 0.0
373 25.98849127221948 36.032114549801015 0.0
390 31.38071780118052 35.477132695560385 0.0
392 29.651505689590344 38.03162722482001 0.0
440 29.019074249729197 37.756672829635086 0.0
452 30.008171275741283 37.79395291690318 0.0
454 28.334849217401324 38.10513847747906 0.0
467 29.753034976591774 36.773474622933215 0.0
630.8905961829691
35
5 1.9343752882091865 30.015513946914997 0.0
18 11.170650252482488 27.00071041990589 0.0
43 1.5849846046292693 23.214668190669634 0.0
59 8.374937233519098 30.16631403092345 0.0
68 0.8064481817251969 27.367420036828907 0.0
87 9.940370504077485 28.873904500358762 0.0
104 6.333941255293778 23.19832227272692 0.0
112 3.9886525934755683 29.68338775353099 0.0
114 0.6872733100110628 25.516958082424818 0.0
123 5.3866753745720555 26.56509437555667 0.0
153 6.31267637072223 24.320061743553687 0.0
160 5.178566267553332 25.60988756380982 0.0
161 5.238829666371684 25.432214636239976 0.0
174 1.4667932688435106 24.26825251034026 0.0
182 4.24051695207433 22.16599779243427 0.0
195 5.958769535120082 24.853606064995105 0.0
206 4.2826791831635305 27.61497330635482 0.0
261 8.552789128802711 23.6515107556835 0.0
267 10.596040868503982 30.526225417081964 0.0
271 3.6230446227736275 21.81605206492477 0.0
300 8.591112801292002 24.62700120210638 0.0
303 6.36828830808205 28.523656878981 0.0
304 6.971136504718268 28.580123018620807 0.0
324 7.1265980945962335 26.561808929521124 0.0
337 6.860339967740225 29.38162497841225 0.0
338 3.0826671100305263 29.509527096362426 0.0
345 10.189888984133566 28.927699623493815 0.0
374 0.29392508871862 29.489623642674708 0.0
382 10.810195646921073 29.464535274363918 0.0
394 1.2872532578741909 23.14649422849811 0.0
396 9.609104021633662 24.843186325483295 0.0
398 1.1052756725821802 29.249814862244136 0.0
424 10.166984585741151 26.932294004200937 0.0
441 1.8999332107513058 22.15442643629124 0.0
462 3.809709153970779 24.03919394285454 0.0
5.340935045153199
32
4 29.06186075709138 31.756004949837724 0.0
14 25.60463416434014 24.848675289430165 0.0
26 32.435275713754415 27.487380403786098 0.0
32 24.547050885078008 27.26295921791965 0.0
38 27.188212570215565 25.4464835799006 0.0
82 27.06062068527518 24.687339123748366 0.0
101 25.458827785842306 30.439183080623806 0.0
131 29.89742532686686 28.848567230405738 0.0
140 25.954823867830978 29.144497685465378 0.0
166 30.390997709921002 26.553572645707035 0.0
170 29.373220250252736 27.70909071009819 0.0
180 25.653986013421694 28.768165993647052 0.0
193 24.965644478805988 31.588176383790643 0.0
218 28.190477221516105 25.754825610386032 0.0
230 27.98779711580954 28.368197589049608 0.0
236 29.380448749525815 25.662691112500106 0.0
238 29.77145472010189 25.55745391101108 0.0
269 27.37041221864863 31.757979939189454 0.0
275 30.899892301845423 25.317805527868494 0.0
281 29.933312408085484 24.57911225486695 0.0
298 31.875224105640886 25.911085489633958 0.0
310 27.06632472323068 30.166417927642065 0.0
362 26.888033834998115 30.947034517147447 0.0
383 31.162782714232662 23.956649414197408 0.0
387 30.45889604079039 28.499514764077396 0.0
389 22.62579915621771 28.474728627152366 0.0
404 28.246003504488044 22.9808240467484 0.0
409 31.84575256966208 26.628078462524897 0.0
434 24.074846863384757 25.28306993431847 0.0
435 24.383190890383844 25.67432637895807 0.0
436 24.736385457340354 25.685932097254938 0.0
469 26.578581114336966 29.29354372568193 0.0
