GFSO_03
5
10.0
1.0 1.0
0.41455988274219413 0.42270561875725865 0.41184188422339324 0.39293106504918796 0.3740036721812021 0.35634719142160254 0.33993970150382896 0.32453789336251604 0.3098816405408802 0.2957332640432192 0.2818790109853892 0.26812098901461084 0.25426673595678073 0.2401183594591198 0.22546210663748395 0.210060298496171 0.19365280857839753 0.17599632781879787 0.15706893495081206 0.13815811577660675
0.42349204716314254 0.45 0.42137170456029355 0.39723718127452556 0.37631224813499287 0.35770782206943824 0.3407865922207853 0.325076614884523 0.31021629158950703 0.2959172811906393 0.28193784356129736 0.2680621564387026 0.2540827188093607 0.239783708410493 0.22492338511547705 0.2092134077792147 0.1922921779305618 0.17368775186500712 0.15276281872547443 0.12862829543970644
0.41412079267294694 0.42228667649916674 0.4113173633607686 0.392332983896646 0.3734298160458741 0.3558559832449915 0.33955297968886256 0.3242555414540444 0.3096933384788857 0.29562658492162686 0.2818445935222455 0.2681554064777545 0.2543734150783732 0.24030666152111435 0.22574445854595565 0.21044702031113754 0.19414401675500847 0.1765701839541259 0.15766701610335399 0.13868263663923136
0.3982184330362496 0.400724936271668 0.39437306199566763 0.3816288269155457 0.36661933752317327 0.35137875392327844 0.3365547366999725 0.3222587068828785 0.308421245143868 0.2949190439813083 0.28161750607700864 0.26838249392299135 0.25508095601869163 0.24157875485613206 0.2277412931171215 0.2134452633000275 0.1986212460767215 0.18338066247682674 0.1683711730844542 0.1556269380043324
0.38369335261633847 0.38385070779107267 0.3790149063404198 0.3698709200473306 0.3582115729748802 0.34548269565207224 0.33246023827536453 0.31947339314668904 0.30662436525483355 0.29391238276643583 0.2812933410447497 0.2687066589552503 0.2560876172335642 0.24337563474516646 0.23052660685331097 0.21753976172463546 0.2045173043479277 0.19178842702511983 0.1801290799526695 0.17098509365958015
0.37172459152647824 0.37066921314851414 0.36644858558071036 0.35927456571127253 0.3499453962212178 0.33931308516308767 0.32799409824783554 0.31635223048753747 0.3045761848673436 0.2927533452124762 0.2809183615876846 0.26908163841231547 0.25724665478752384 0.24542381513265643 0.23364776951246263 0.22200590175216456 0.21068691483691232 0.20005460377878215 0.1907254342887274 0.18355141441928963
0.3622442477224951 0.3604890786709291 0.35655499323421247 0.35050348008364657 0.34270585966490585 0.33364121315584194 0.32373408671104426 0.313296087134597 0.30253510716641213 0.29158586204998127 0.28053872685072817 0.2694612731492718 0.2584141379500187 0.2474648928335879 0.236703912865403 0.22626591328895584 0.2163587868441581 0.20729414033509408 0.19949651991635348 0.19344500676578757
0.35500492565553804 0.3528246859255751 0.3490377638527755 0.3436522748620717 0.33684651642889535 0.32888960721160526 0.32006046202141786 0.31060158365157703 0.30070716390201924 0.29052990398282647 0.28019371744540245 0.2698062825545975 0.2594700960171736 0.24929283609798075 0.23939841634842296 0.22993953797858216 0.22111039278839478 0.21315348357110467 0.20634772513792826 0.20096223614722453
0.34977678938509255 0.3473368033351847 0.34363016557152304 0.3386449585511522 0.33246839991048593 0.3252556718479691 0.31719148124776536 0.30846126487531517 0.2992369181440371 0.28967365650309695 0.2799128442464178 0.2700871557535823 0.260326343496903 0.2507630818559629 0.24153873512468488 0.23280851875223468 0.22474432815203088 0.21753160008951408 0.2113550414488478 0.206369834428477
0.34638585642758046 0.34379587912300485 0.3401327219498448 0.33537693034190497 0.32957277240527993 0.32281658103031413 0.3152388514031349 0.3069873801188063 0.2982154036050776 0.2890752147116838 0.2797159619818786 0.2702840380181214 0.2609247852883162 0.25178459639492234 0.24301261988119377 0.23476114859686514 0.2271834189696859 0.22042722759472003 0.21462306965809508 0.20986727805015518
0.3447183345936925 0.34205952535008083 0.33841575208014546 0.3337650508223424 0.3281343934734982 0.321595115279392 0.3142532532287634 0.30623833797516636 0.2976935074716381 0.28876837778264963 0.2796148353070719 0.27038516469292817 0.26123162221735047 0.2523064925283619 0.24376166202483363 0.23574674677123664 0.22840488472060805 0.22186560652650172 0.21623494917765756 0.21158424791985458
0.3447183345936925 0.34205952535008083 0.33841575208014546 0.3337650508223424 0.32813439347349826 0.321595115279392 0.3142532532287634 0.30623833797516636 0.29769350747163814 0.28876837778264963 0.2796148353070719 0.2703851646929281 0.26123162221735047 0.2523064925283619 0.24376166202483357 0.2357467467712367 0.22840488472060808 0.22186560652650175 0.21623494917765756 0.2115842479198546
0.34638585642758046 0.34379587912300497 0.3401327219498448 0.33537693034190497 0.32957277240527993 0.3228165810303141 0.31523885140313496 0.3069873801188063 0.2982154036050777 0.2890752147116838 0.27971596198187865 0.2702840380181214 0.2609247852883162 0.25178459639492234 0.24301261988119377 0.2347611485968651 0.2271834189696859 0.22042722759472005 0.21462306965809508 0.20986727805015518
0.3497767893850925 0.3473368033351847 0.34363016557152304 0.3386449585511522 0.33246839991048593 0.3252556718479691 0.31719148124776536 0.30846126487531517 0.2992369181440371 0.289673656503097 0.2799128442464178 0.2700871557535823 0.260326343496903 0.25076308185596297 0.24153873512468482 0.23280851875223468 0.22474432815203088 0.21753160008951403 0.21135504144884787 0.20636983442847698
0.3550049256555381 0.3528246859255751 0.3490377638527755 0.3436522748620717 0.3368465164288954 0.3288896072116053 0.3200604620214179 0.31060158365157703 0.30070716390201924 0.2905299039828264 0.28019371744540245 0.2698062825545975 0.25947009601717363 0.24929283609798078 0.23939841634842296 0.22993953797858213 0.22111039278839478 0.2131534835711047 0.20634772513792826 0.20096223614722453
0.362244247722495 0.36048907867092916 0.35655499323421247 0.35050348008364657 0.3427058596649059 0.33364121315584194 0.32373408671104426 0.313296087134597 0.3025351071664121 0.2915858620499813 0.28053872685072817 0.2694612731492718 0.2584141379500187 0.2474648928335879 0.236703912865403 0.22626591328895582 0.21635878684415805 0.20729414033509408 0.19949651991635348 0.19344500676578757
0.37172459152647824 0.37066921314851414 0.36644858558071036 0.35927456571127253 0.34994539622121784 0.33931308516308767 0.3279940982478355 0.31635223048753747 0.3045761848673436 0.2927533452124762 0.2809183615876846 0.26908163841231547 0.25724665478752384 0.2454238151326564 0.23364776951246258 0.22200590175216453 0.21068691483691232 0.20005460377878215 0.1907254342887274 0.18355141441928963
0.38369335261633847 0.38385070779107267 0.3790149063404198 0.3698709200473306 0.3582115729748802 0.34548269565207235 0.33246023827536453 0.31947339314668904 0.30662436525483355 0.29391238276643583 0.2812933410447497 0.26870665895525037 0.2560876172335642 0.24337563474516638 0.230526606853311 0.21753976172463546 0.2045173043479277 0.19178842702511983 0.1801290799526695 0.17098509365958015
0.39821843303624965 0.400724936271668 0.39437306199566763 0.3816288269155458 0.3666193375231733 0.35137875392327844 0.3365547366999725 0.32225870688287855 0.308421245143868 0.29491904398130836 0.28161750607700864 0.26838249392299135 0.25508095601869163 0.24157875485613212 0.2277412931171215 0.21344526330002753 0.1986212460767215 0.18338066247682677 0.1683711730844542 0.15562693800433242
0.41412079267294694 0.4222866764991667 0.4113173633607686 0.392332983896646 0.37342981604587405 0.35585598324499146 0.33955297968886244 0.32425554145404434 0.3096933384788857 0.29562658492162686 0.2818445935222455 0.26815540647775454 0.2543734150783732 0.24030666152111435 0.22574445854595568 0.21044702031113752 0.19414401675500847 0.1765701839541259 0.15766701610335399 0.1386826366392314
