#So luong nut la la
16
#Toa do cac nut
11.578734863952644 10.788079026060998 0.0
14.767455879164785 13.169809469369026 0.0
15.293930584439781 3.6613698199957336 0.0
4.983420492179704 9.803563063351488 0.0
6.057574783967335 14.088575695078971 0.0
6.523513950997415 17.932828183261343 0.0
0.29090916176119397 10.018317307786722 0.0
14.978010260326284 0.2972045172771234 0.0
5.781061773685001 7.853190147732702 0.0
10.776639394805759 3.5740021818882273 0.0
18.382632906970574 2.955928480318941 0.0
10.206776941054333 0.8966849171835225 0.0
12.23730067879422 10.184113990167125 0.0
11.295874445471641 2.2954798984151914 0.0
2.3418243831100707 14.058337619164291 0.0
13.757561964269554 3.3480221714673806 0.0
#Ma tran yeu cau D
#source_index dest_index bw don vi Mbps
14 12 63
3 10 36
8 10 29
9 5 15
1 15 49
3 8 14
6 5 8
6 4 23
9 2 17
3 7 16
7 9 31
3 6 55
5 0 15
10 0 54
11 7 34
1 6 29
5 10 15
7 13 44
15 13 55
9 11 29
7 2 63
2 10 27
10 7 54
11 14 59
9 12 3
8 15 26
8 13 1
9 3 28
3 15 31
11 5 41
0 11 20
7 14 31
11 8 53
14 1 25
10 6 43
5 7 60
1 3 18
12 1 43
1 13 41
1 9 58
10 8 48
12 10 61
1 2 33
6 12 37
8 14 27
2 8 24
14 5 41
4 12 22
12 9 28
12 14 34
2 6 35
15 10 28
7 11 49
0 8 8
6 14 25
4 1 63
3 4 45
9 14 51
6 13 47
12 13 8
15 5 25
4 9 59
13 14 3
11 6 56
13 9 13
13 0 7
3 0 12
11 9 57
11 10 47
14 3 26
9 1 3
14 4 54
8 1 3
5 8 56
5 15 27
11 1 1
10 14 15
5 9 60
13 6 45
0 3 53
2 5 59
0 6 33
15 2 58
2 11 13
10 13 10
14 9 30
5 4 61
2 13 54
4 3 49
11 15 24
0 10 16
7 15 48
4 6 36
5 6 19
4 2 47
9 7 8
14 2 2
15 3 33
12 4 38
15 11 54
7 0 3
0 5 32
4 11 47
1 4 30
11 0 7
10 11 51
8 11 36
7 4 42
10 15 24
15 1 35
8 4 53
12 0 60
6 1 25
5 13 2
15 6 48
3 1 10
0 2 28
0 12 47
6 7 9
9 8 29
4 13 49
0 1 34
11 2 48
11 3 53
10 3 57
10 4 22
15 14 20
5 3 4
6 15 12
3 13 42
14 6 39
3 2 20
7 1 1
10 12 25
4 14 54
6 0 63
12 3 20
14 7 18
13 10 15
9 4 25
8 7 56
6 9 36
14 13 2
6 11 43
0 13 38
6 10 19
2 0 27
0 7 18
15 0 11
1 11 12
14 15 17
12 6 32
7 6 35
2 3 15
13 8 44
7 3 20
8 12 59
3 5 26
6 2 47
3 12 44
3 14 59
6 3 16
12 15 47
7 8 53
12 5 56
13 11 19
3 9 13
2 7 36
12 2 10
0 14 42
2 14 34
2 15 22
5 1 57
15 8 10
13 15 17
4 7 35
14 0 57
4 15 1
8 0 7
2 4 31
9 15 11
5 2 37
0 9 16
7 10 53
14 11 25
13 5 46
10 5 29
6 8 50
13 2 62
10 2 44
1 14 9
1 7 27
5 11 46
14 10 2
10 1 3
2 1 47
13 1 35
8 6 41
13 3 56
5 12 36
4 0 28
0 4 10
12 7 4
8 3 55
7 5 40
12 8 30
8 9 51
4 5 53
1 0 7
10 9 61
11 4 34
2 12 37
1 5 11
9 13 36
9 0 17
8 5 21
1 12 31
15 4 11
9 10 61
11 12 30
7 12 29
11 13 11
5 14 42
13 12 27
4 10 32
9 6 14
2 9 11
3 11 7
0 15 32
15 12 44
4 8 49
1 8 12
1 10 39
15 9 34
15 7 63
13 7 21
