#So luong nut la la
47
#Toa do cac nut
15.962490193530812 4.469991864737677 0.0
18.35936567325148 6.657742679918386 0.0
12.638371340847483 5.353556951473803 0.0
17.27695666933113 11.89745385323529 0.0
0.29297172781812186 11.542055179406773 0.0
3.696550190135133 3.262406166537566 0.0
18.12657623973542 12.184720887615429 0.0
7.47495367265072 1.8960473674189364 0.0
12.960296529894809 15.173289439451304 0.0
18.137216452950423 2.7764409725096013 0.0
19.080554402045415 0.6415831395521367 0.0
1.267870193071039 4.93037625456027 0.0
10.340675428054563 16.46432722656212 0.0
18.596621342253552 17.153930062780958 0.0
14.136613788563194 5.616770300657835 0.0
12.640551429883974 6.276117340885442 0.0
6.754429571215262 11.890959478773885 0.0
11.35842575929734 17.582131172479567 0.0
11.808139375884744 6.33476227638924 0.0
3.396180166312943 7.937783622396674 0.0
19.17133087787586 9.58059538409448 0.0
7.134476263482752 14.099733770064736 0.0
16.696002630788726 11.084856176283509 0.0
0.5151503648472616 16.448635768152467 0.0
13.606312560293336 16.03617473631719 0.0
7.974294390713923 0.05072695087269641 0.0
2.809778900084659 5.815583407987327 0.0
13.001099228642932 6.687514289898339 0.0
3.074157183171024 1.4333552391296442 0.0
16.77259928404614 8.00244970648001 0.0
2.5030957612899414 6.565439570550358 0.0
6.435563267283245 8.262551504312976 0.0
17.885876219996312 9.483115686238643 0.0
5.696210139261982 0.2718543379324746 0.0
12.195935723851415 18.320079592774146 0.0
0.06887936486849211 13.6004147965552 0.0
8.108274066235868 17.203070448078726 0.0
16.324319948077974 12.989441335317863 0.0
4.993982543862239 13.40309022403266 0.0
10.660614824939856 3.711821927029351 0.0
2.8679228608104714 2.61281608877111 0.0
5.3260095171038735 6.939568549539879 0.0
16.307418104050765 3.046657439283791 0.0
8.564819563073401 2.3897166483801784 0.0
14.862694559275194 11.36249923999857 0.0
11.373728171750429 14.24825377795047 0.0
12.63505003172972 0.7295414139307875 0.0
#Ma tran yeu cau D
#source_index dest_index bw don vi Mbps
27 9 6
32 23 3
42 11 20
18 2 21
25 30 15
22 12 12
39 27 40
45 42 55
28 16 58
0 26 3
39 2 43
23 1 38
24 2 56
36 38 50
18 11 4
28 20 45
39 3 10
8 24 36
7 2 16
4 19 44
3 29 15
34 38 17
37 15 41
16 40 45
41 14 55
18 34 53
24 4 7
10 3 12
35 40 37
44 14 23
1 0 28
28 46 23
7 39 38
8 18 51
7 21 39
23 14 10
14 19 27
5 44 47
16 44 11
39 5 21
30 43 37
5 39 18
32 20 38
31 37 3
7 45 37
12 28 42
41 35 20
25 23 4
28 18 35
41 13 53
8 21 33
32 26 55
9 1 61
38 44 39
34 32 61
43 11 17
35 46 30
22 24 37
2 20 32
17 29 23
7 13 38
24 46 34
42 32 29
32 19 31
14 44 43
10 0 9
25 35 5
5 17 54
29 13 33
43 15 18
16 42 27
15 6 8
25 14 2
17 19 6
45 11 51
38 0 53
30 22 43
24 22 48
7 28 3
7 22 30
12 37 55
10 28 26
34 15 32
6 5 11
14 13 32
7 29 54
42 8 61
6 40 19
3 21 3
43 46 6
46 40 54
40 22 18
8 28 45
20 33 18
16 41 15
44 32 54
24 8 1
6 20 9
2 3 27
45 1 23
40 3 16
36 25 35
21 37 49
23 43 18
46 5 28
19 7 34
14 16 40
3 28 47
9 43 5
4 30 22
10 4 36
30 14 20
34 28 7
14 22 39
10 31 23
7 31 60
37 7 51
29 27 22
1 34 26
3 26 26
46 35 44
12 39 43
24 29 24
38 9 55
10 1 58
25 17 7
5 1 55
16 28 11
5 7 53
9 26 21
27 44 34
28 0 19
17 11 7
40 30 22
27 3 29
0 42 28
16 43 43
5 32 40
23 8 55
9 14 17
8 14 51
32 41 21
23 31 14
4 28 9
15 30 60
0 45 20
42 18 41
12 41 28
24 38 40
33 39 35
16 24 26
33 4 15
27 11 54
45 27 53
30 38 59
12 46 35
3 11 48
6 28 54
11 13 53
22 27 9
12 10 12
39 23 33
13 0 6
16 7 30
3 14 38
5 4 50
1 36 21
18 41 2
1 4 52
17 13 13
17 21 1
18 33 32
21 11 57
33 24 42
29 39 35
37 32 6
16 13 7
15 13 61
32 25 61
6 41 33
21 25 44
34 31 57
16 23 37
31 28 14
41 36 44
4 39 19
38 5 19
6 45 9
15 25 51
23 10 4
21 30 45
43 10 15
26 2 6
35 1 23
42 22 30
17 16 62
12 2 45
11 4 42
36 16 27
44 28 23
27 28 43
41 33 9
21 18 53
41 19 40
8 41 29
34 9 57
26 15 53
14 1 31
29 6 49
1 25 61
16 3 15
33 21 51
26 31 54
46 14 53
26 39 54
24 42 55
11 9 57
32 27 30
17 32 39
45 7 27
8 11 49
21 15 60
42 40 22
37 13 5
22 28 53
45 25 13
27 1 60
19 26 39
8 22 44
6 2 47
36 43 52
26 41 7
3 12 30
12 30 39
0 15 59
18 13 53
11 12 13
39 40 36
46 26 19
33 6 44
26 27 36
27 15 4
25 44 22
18 42 37
4 9 23
11 19 23
4 10 44
37 36 8
24 45 42
44 40 60
0 28 49
30 5 42
9 16 17
23 28 27
46 11 37
10 19 12
5 27 30
33 18 27
43 6 29
26 43 31
0 12 22
15 43 46
21 5 5
31 35 41
28 25 10
26 32 31
28 5 35
29 21 8
28 32 14
11 1 18
44 38 41
38 31 21
18 24 50
9 4 39
18 28 31
37 44 63
0 46 22
33 5 4
46 0 52
16 12 45
13 23 9
39 33 1
8 25 54
6 1 55
34 45 63
11 27 33
35 12 7
35 0 45
41 45 11
2 43 3
11 17 12
12 18 15
12 43 57
26 20 15
19 8 27
28 35 57
26 30 10
18 10 50
28 15 19
30 36 44
43 25 40
22 5 2
25 11 41
37 17 8
29 31 58
36 7 58
6 12 34
4 2 32
40 36 51
32 36 23
34 39 51
35 6 62
19 22 34
28 45 53
0 5 29
7 12 43
43 26 19
1 24 24
13 29 43
35 22 56
35 28 22
39 42 9
31 14 48
28 42 19
27 38 7
30 7 18
9 35 25
25 10 61
12 5 44
23 44 15
23 41 49
16 20 47
9 37 29
14 29 21
3 31 16
9 21 62
40 26 26
32 24 6
40 33 28
22 15 51
5 8 56
16 32 29
15 26 29
9 2 10
3 34 49
32 17 58
33 45 58
29 28 26
18 12 59
2 27 24
11 23 58
23 0 30
13 36 7
37 14 6
6 16 19
0 41 43
3 17 42
18 44 7
1 30 23
3 46 24
41 23 42
40 39 46
40 19 34
9 27 14
31 4 6
32 16 7
28 6 62
40 6 59
18 31 6
20 12 8
9 17 5
21 2 59
3 38 57
14 26 48
22 9 21
34 20 28
43 37 53
6 14 49
16 0 35
10 18 48
39 15 44
22 2 46
45 16 4
36 21 2
31 11 40
2 15 52
12 13 29
37 25 42
36 1 57
41 22 53
29 44 59
14 7 26
25 26 63
9 36 7
39 36 43
2 38 5
10 43 31
23 37 34
1 31 46
32 5 38
36 9 18
31 24 23
12 27 57
20 37 13
32 33 5
1 8 27
0 4 6
45 4 57
8 31 2
19 41 19
15 19 20
11 15 4
25 22 53
21 14 49
42 38 24
8 12 26
6 8 54
28 7 31
39 17 42
32 30 38
16 34 41
45 19 30
32 15 2
1 22 60
7 37 32
46 3 55
26 44 15
41 46 18
32 3 56
19 20 60
26 37 4
36 19 41
9 40 51
30 46 20
1 12 19
25 28 3
12 1 35
25 33 2
24 19 34
42 7 58
17 41 57
25 45 17
20 35 9
38 35 51
3 18 2
19 3 57
1 41 19
16 45 5
41 2 60
35 23 35
43 2 53
44 26 57
34 30 5
17 18 25
26 46 51
42 19 31
11 41 45
43 29 40
16 21 47
27 0 12
35 2 9
38 1 6
37 28 55
1 26 56
2 0 42
21 19 32
7 9 26
27 45 55
29 3 29
25 37 48
31 5 30
45 30 22
20 46 32
18 5 39
5 26 42
30 21 60
7 11 60
30 37 1
38 25 59
35 39 45
29 7 21
0 17 2
18 6 10
25 5 40
21 46 14
44 42 6
35 42 29
26 18 41
44 3 38
18 17 29
17 40 36
37 46 40
6 15 49
5 22 20
13 8 53
44 12 18
39 11 54
1 7 5
22 14 1
11 25 57
43 41 62
21 26 41
45 22 41
17 5 47
35 25 6
34 16 35
9 46 34
40 23 63
18 40 2
1 39 62
10 38 55
33 42 58
39 13 40
26 29 58
15 20 34
44 22 54
15 2 43
40 0 45
17 14 28
40 45 60
0 43 26
16 19 6
10 25 59
7 33 58
13 26 20
11 21 37
1 10 34
1 35 8
6 11 22
12 11 8
40 8 33
29 38 58
43 45 33
5 24 57
43 14 16
23 30 58
19 17 8
30 1 4
16 1 3
0 31 9
23 40 49
35 10 50
35 17 35
0 44 15
33 31 53
9 18 43
28 40 55
27 37 28
22 8 54
17 7 23
18 4 55
27 16 43
35 43 57
4 14 11
3 33 58
25 1 37
0 40 47
31 9 17
30 8 6
31 21 5
43 20 63
20 38 3
44 18 32
3 24 46
32 38 30
45 15 19
25 3 60
32 28 15
29 26 48
12 19 59
0 1 27
11 44 36
44 24 56
38 22 46
2 1 52
37 39 34
44 43 10
8 0 18
38 14 14
44 45 40
2 40 51
24 40 32
13 44 32
39 29 63
42 10 51
34 7 16
25 38 58
36 40 2
28 1 32
20 45 3
21 45 37
0 16 5
9 20 45
12 3 20
20 23 29
10 42 35
28 34 13
36 22 25
33 10 57
3 35 45
33 46 10
35 29 12
9 6 60
14 12 3
45 39 21
15 23 6
31 10 4
45 13 63
43 0 20
19 42 38
10 16 54
31 34 63
34 43 31
43 40 8
6 13 7
42 5 20
30 25 19
12 20 49
45 35 29
25 29 45
36 27 50
22 13 50
8 13 24
30 4 36
28 30 51
37 31 31
13 11 24
11 33 21
10 30 2
16 27 35
38 12 38
19 11 6
10 24 19
3 0 29
9 39 22
31 13 3
2 8 11
5 38 44
2 5 7
25 36 39
27 13 45
4 25 56
38 10 26
10 7 46
43 9 60
42 14 25
5 36 16
36 14 55
10 27 60
43 12 6
18 39 18
27 42 17
38 32 51
19 5 37
39 22 36
11 22 11
20 17 16
29 33 6
35 4 17
13 10 17
27 32 28
45 38 15
19 38 42
34 18 20
8 4 50
42 16 54
21 41 13
24 30 58
37 26 10
23 5 6
18 8 42
19 30 14
9 8 7
46 36 52
21 12 9
22 32 62
18 0 48
11 16 36
39 20 36
38 24 7
41 1 44
13 46 18
0 11 3
26 21 21
37 42 38
20 32 22
5 31 41
6 27 63
4 11 26
3 22 9
37 33 33
2 18 1
29 46 5
18 45 12
18 26 9
32 7 20
1 17 45
45 31 36
30 9 4
28 26 57
37 27 39
37 10 28
27 18 49
15 16 44
31 44 37
29 11 20
11 34 15
22 30 1
28 14 57
17 25 62
29 24 29
42 37 15
32 18 4
19 10 59
1 28 23
24 31 42
13 39 40
15 36 1
31 22 35
36 33 41
12 7 6
15 0 17
24 35 24
3 40 39
5 10 18
4 33 11
4 45 37
23 26 57
12 9 5
22 7 56
30 24 29
14 15 17
8 43 12
22 20 3
21 23 7
46 19 48
0 20 30
2 10 10
22 0 46
8 42 2
9 12 2
23 24 21
26 7 18
26 11 10
33 14 37
42 1 7
32 0 60
38 17 39
18 16 20
15 11 19
36 46 24
41 18 13
0 8 34
42 26 25
9 28 24
27 46 31
5 43 42
20 34 17
38 21 23
27 30 28
17 42 47
7 26 9
38 19 1
23 17 63
5 25 52
0 37 16
32 45 61
27 41 63
25 19 14
45 0 3
34 29 39
34 25 5
30 12 49
21 0 26
25 41 31
35 19 60
1 38 53
44 15 37
19 21 56
44 20 61
30 28 30
37 24 3
26 34 10
4 46 9
22 6 42
33 29 51
2 13 30
45 41 53
20 18 13
9 42 26
0 24 47
18 30 58
16 46 58
16 2 44
6 21 53
40 4 12
46 33 49
22 42 4
34 40 29
15 14 59
12 15 41
21 32 39
38 37 22
34 41 57
25 32 6
39 14 48
38 28 12
7 15 32
40 32 59
14 37 54
21 38 33
44 27 52
34 26 23
15 35 33
28 22 57
24 41 63
45 32 23
13 20 47
40 13 60
1 46 35
33 17 36
3 8 52
0 23 2
14 46 33
30 29 37
30 15 31
4 22 14
31 43 17
37 38 2
20 44 36
29 35 13
26 22 55
23 3 45
41 9 52
31 6 28
4 40 19
16 15 27
20 10 40
33 12 46
22 43 61
15 22 10
14 8 26
36 44 54
14 43 3
9 0 35
27 20 7
18 37 23
13 21 23
13 25 57
39 18 20
19 24 5
36 15 15
0 13 49
42 9 2
40 34 47
32 31 42
34 17 18
19 27 56
22 1 23
33 28 12
11 8 60
10 46 19
22 11 35
7 35 8
21 20 36
17 39 23
38 4 39
2 39 13
22 19 28
37 19 61
33 40 12
0 10 60
20 31 44
41 39 24
9 13 44
0 6 51
4 7 33
17 35 55
15 37 32
13 3 13
11 28 42
26 25 13
8 38 31
46 22 15
7 40 38
14 6 54
10 15 30
36 24 53
30 42 45
43 44 22
37 16 59
28 23 3
23 36 8
8 46 2
19 37 2
11 42 58
4 24 59
44 17 33
38 20 63
2 7 18
9 29 5
29 8 31
42 31 36
44 25 5
18 25 33
9 23 22
15 18 51
26 12 22
21 9 4
6 34 37
39 25 20
34 4 22
28 17 63
40 10 2
8 3 34
17 43 50
15 27 32
45 5 29
25 12 28
24 16 50
31 40 46
33 7 5
8 17 43
20 25 45
5 3 6
6 39 48
37 30 63
27 31 2
0 19 28
12 21 41
41 40 2
33 0 38
7 43 36
16 10 37
44 1 9
21 36 35
16 5 7
2 25 30
9 10 41
8 26 32
27 23 48
4 8 5
14 0 5
45 33 38
27 43 58
1 11 29
29 37 12
13 2 29
40 18 5
2 31 10
45 12 25
44 29 5
11 37 36
4 6 10
24 39 34
11 30 25
28 11 43
36 4 35
22 16 17
38 33 37
35 14 40
22 40 38
7 27 28
45 24 46
14 33 4
40 43 20
45 28 56
31 33 18
36 18 27
18 32 7
9 25 19
6 29 40
41 17 18
43 23 43
17 33 40
28 13 63
19 40 34
25 20 3
36 45 42
35 20 40
2 6 43
25 4 9
24 33 25
45 3 12
38 34 47
9 45 49
14 28 12
23 46 29
3 4 36
5 12 28
44 36 44
46 10 2
19 33 52
10 34 10
27 39 6
21 17 11
30 39 52
20 40 19
32 14 43
35 44 16
46 42 37
28 43 34
15 8 14
28 12 7
35 38 46
29 18 29
45 34 29
32 40 63
20 5 25
24 27 52
18 21 31
23 4 58
12 40 22
29 40 26
30 3 9
15 1 5
20 41 10
24 12 61
10 12 26
31 36 28
14 36 32
7 17 20
31 7 12
29 42 47
2 9 41
15 46 55
38 2 45
14 32 58
36 2 51
43 28 35
33 32 44
29 14 27
19 12 30
46 31 56
24 17 13
39 26 57
6 46 20
30 34 47
40 2 57
38 16 30
24 20 56
28 29 2
32 34 60
4 15 30
29 45 44
13 14 18
22 25 6
29 12 62
17 28 17
23 25 5
0 9 24
33 16 42
24 32 56
36 35 34
18 7 43
43 13 42
31 38 41
42 20 20
31 41 47
21 13 24
2 14 34
25 2 61
29 23 54
31 25 3
29 20 4
34 24 63
30 32 47
44 13 6
44 46 32
38 41 55
46 20 12
13 37 7
13 31 19
46 21 32
17 27 26
33 13 45
30 26 10
36 32 29
34 10 36
36 30 15
31 15 27
19 0 53
10 14 47
1 3 15
7 25 1
26 23 22
19 23 28
13 17 31
18 20 11
40 7 17
13 15 34
3 41 62
5 21 45
20 1 37
30 33 4
29 22 22
40 44 55
38 30 25
2 42 14
5 18 40
6 43 56
17 31 59
15 41 24
29 19 47
27 33 43
27 12 19
42 30 18
12 45 41
20 29 61
23 12 61
8 6 42
41 12 53
43 16 40
41 24 8
10 8 21
46 45 25
31 45 31
19 9 22
28 21 5
2 23 20
27 22 22
37 0 9
24 15 47
41 30 14
40 14 19
7 16 51
35 36 40
40 24 18
18 36 47
15 7 38
11 43 47
23 20 12
34 3 42
3 27 7
41 4 22
34 8 43
21 44 54
19 28 33
23 13 38
25 39 51
12 26 21
37 11 18
15 32 59
11 36 7
19 36 59
43 39 36
7 8 12
7 4 27
31 30 40
3 16 18
25 7 48
11 2 17
4 29 40
2 46 20
32 6 57
7 36 44
21 29 11
38 26 26
20 36 40
41 42 16
0 2 53
38 43 10
20 28 15
22 23 60
3 13 3
26 24 3
1 18 44
12 42 45
12 4 51
10 22 43
14 4 5
36 26 63
0 21 52
8 36 58
31 20 55
9 7 59
33 37 50
22 4 61
11 5 11
11 26 3
5 14 4
25 31 12
27 21 17
34 36 28
34 19 46
40 1 27
39 10 52
28 8 1
19 18 2
29 32 21
7 14 11
42 33 17
6 3 11
27 4 62
14 40 7
0 29 27
10 40 12
36 42 51
40 41 19
39 35 23
6 10 6
19 32 60
30 18 60
40 42 16
40 20 33
3 39 44
24 6 19
3 30 19
26 9 46
21 3 35
21 27 38
8 37 50
32 10 50
25 21 32
1 33 53
7 23 3
11 29 54
43 36 55
30 35 21
21 24 11
15 21 59
18 19 54
35 16 8
38 13 7
6 33 39
35 45 26
41 20 22
3 6 31
22 10 28
7 5 23
36 10 6
7 10 15
4 43 60
14 5 58
46 2 16
39 19 23
40 46 42
1 45 2
24 5 50
33 34 35
27 26 1
37 1 10
7 41 12
42 43 37
23 9 2
31 39 46
8 29 13
22 33 3
42 46 47
33 35 38
25 27 39
30 27 39
4 13 2
32 35 4
29 17 2
8 27 5
3 9 58
20 0 46
15 24 57
30 31 17
44 11 53
19 46 43
26 33 22
39 7 60
43 31 41
11 39 27
12 44 22
41 32 27
41 0 24
44 0 2
36 13 1
22 3 55
4 32 3
15 45 52
41 34 45
0 30 57
43 42 2
15 34 4
0 32 6
25 8 9
21 1 7
45 26 2
17 8 32
2 44 27
23 32 1
33 1 51
42 39 25
3 7 50
42 45 57
11 6 6
21 8 24
11 7 25
42 41 9
1 29 35
13 32 6
17 24 58
38 29 17
33 30 21
6 35 26
5 9 35
32 8 21
30 2 53
3 19 18
8 32 3
34 23 13
26 1 55
41 44 39
23 27 27
12 33 39
39 9 14
42 21 59
8 35 9
46 27 4
23 16 54
4 34 16
10 17 5
36 41 8
17 26 6
45 21 2
30 0 11
29 2 26
16 6 4
1 40 8
35 21 14
37 35 3
25 16 44
8 33 62
1 27 21
7 0 63
0 36 38
1 15 29
40 12 5
3 43 1
8 39 12
9 38 39
4 44 18
11 10 14
7 1 35
1 37 34
13 4 59
10 11 38
41 3 9
32 37 1
42 23 16
8 2 12
44 8 36
10 6 17
18 1 18
9 24 46
40 35 6
26 19 7
20 6 21
13 9 24
0 35 23
38 7 12
41 21 11
36 29 2
26 28 50
44 5 42
6 44 14
6 42 51
44 21 62
33 2 4
44 41 14
1 5 5
14 3 57
11 31 4
33 36 1
13 35 37
30 20 4
16 37 34
2 17 18
39 45 1
5 35 28
19 14 2
18 14 5
44 10 12
46 29 9
18 15 4
4 16 16
30 10 7
41 29 37
5 0 41
1 2 1
23 42 8
19 2 8
32 21 17
3 20 1
17 34 40
4 0 47
22 41 27
14 38 10
5 6 30
37 3 20
2 36 39
29 1 19
29 15 2
46 23 53
10 35 17
10 39 1
13 18 32
19 35 2
44 7 5
5 37 31
45 20 1
41 10 35
2 37 29
20 27 1
37 18 54
37 29 24
17 15 18
39 34 36
46 12 55
14 21 15
43 30 49
34 6 10
37 20 1
43 38 40
13 1 1
26 5 25
0 7 1
40 28 2
9 3 7
26 38 24
30 44 6
10 33 28
30 16 1
9 31 8
43 33 14
46 34 45
1 21 1
37 5 47
16 18 58
37 40 1
0 38 6
23 19 19
6 4 38
29 41 19
9 30 4
6 38 6
16 38 60
26 16 33
39 12 33
2 11 47
26 10 9
31 8 43
11 24 13
29 5 5
26 17 26
38 11 10
37 9 11
17 9 43
41 11 34
30 23 1
38 40 1
42 17 35
26 6 17
44 33 1
27 24 12
10 9 17
12 29 15
7 44 17
32 29 2
13 30 35
34 0 6
7 38 4
29 34 5
38 42 5
22 29 31
6 24 7
8 16 5
34 11 21
43 5 29
34 12 3
35 5 18
14 18 61
42 24 6
4 5 51
27 8 3
9 11 6
25 42 3
11 38 3
40 5 1
14 9 63
37 4 14
16 30 20
20 3 59
4 23 49
17 6 27
