#So luong nut la la
68
#Toa do cac nut
4.01887958203417 7.675540637682027 0.0
15.525666824693205 4.4906371684465 0.0
3.5975954078341124 9.626675091940609 0.0
0.7604062995395259 14.49530432092022 0.0
2.527644053640979 8.732003768692143 0.0
6.556221503506533 7.12152628337558 0.0
14.983250175327646 4.608524943750783 0.0
8.362279791565827 18.33056751995106 0.0
12.387790620814865 5.849757789425352 0.0
4.848458108032542 4.885096226422917 0.0
16.996107056735987 19.1200812463362 0.0
19.17401707851409 6.016260771700994 0.0
5.0368299681880035 2.184384963231725 0.0
14.120293042739476 1.9722297258796901 0.0
17.08822269407491 1.3227959208307687 0.0
11.640208963321545 8.06129281807803 0.0
19.502712006992976 16.44031571442494 0.0
7.585950696745757 2.6476232840002867 0.0
16.64357266607469 7.712612844432715 0.0
19.66881173736515 5.644269023435834 0.0
3.234713347986697 3.4674643322557737 0.0
14.591154526177823 2.1951405404902866 0.0
5.531280666104461 18.3956546427291 0.0
18.287517747297297 2.9330590565256713 0.0
0.3757965167527063 2.6969476842054676 0.0
19.519847874172747 0.598213878087917 0.0
10.674057423547348 11.81418795677676 0.0
4.886918665022596 0.9670076234377076 0.0
6.761511748390463 14.558342488015027 0.0
11.928023745847396 18.8006491767418 0.0
12.964477540296736 12.752187833594242 0.0
13.067967118500455 10.04092168890347 0.0
19.807633458683778 1.050089989036051 0.0
8.279731381914377 19.581405145928933 0.0
13.979928020090734 0.12645819913781364 0.0
7.647658088738611 11.924250895131994 0.0
2.5789398895333235 10.752322612923445 0.0
17.508527412341774 0.755095648578983 0.0
11.793119591275616 11.353115677938312 0.0
11.9624301556766 5.0207060184234376 0.0
0.6351339514049091 9.96057153063942 0.0
5.5617209394072304 10.148676263878162 0.0
8.667144307095937 4.616717828617262 0.0
10.804290796422949 2.630895299391061 0.0
19.13300509274468 3.492088864479671 0.0
8.639972531365498 14.49701627624525 0.0
6.336842103677201 15.914551724001482 0.0
17.52881382889168 14.349108340693242 0.0
16.896450257707453 2.5052261307733397 0.0
10.585005168297673 7.250009576070598 0.0
14.340926721879319 10.318997089358371 0.0
9.46381273785476 5.2565224806595685 0.0
10.924397920401724 18.49641012720796 0.0
12.531508037577991 7.114459961628668 0.0
17.754462580358013 9.63979260193972 0.0
19.61491597669333 8.69128921172353 0.0
12.130549179723271 18.79480935775265 0.0
17.47430969511299 7.828212143934877 0.0
0.30688511541124597 7.120167691884663 0.0
9.5684724048452 3.226093807252057 0.0
11.583622697825033 9.370947710004204 0.0
10.950758750266141 3.674203212509313 0.0
9.702146539552414 9.372662868987131 0.0
16.01112182134886 9.710873907469688 0.0
17.930704673185684 18.8941155837042 0.0
15.207881253405084 1.5637850786233671 0.0
14.408518741631692 11.358347795116496 0.0
9.511336291719948 19.064311524358626 0.0
#Ma tran yeu cau D
#source_index dest_index bw don vi Mbps
66 10 37
4 56 36
5 26 60
51 60 45
35 41 30
54 27 36
23 54 60
63 13 15
24 58 42
6 55 16
26 4 58
56 13 33
34 25 10
66 54 50
32 52 7
18 17 18
4 60 17
56 43 53
51 48 43
3 43 3
5 56 44
66 33 13
1 35 63
31 46 32
6 32 26
40 7 52
40 54 11
9 54 48
24 22 13
43 60 41
28 27 41
36 67 11
61 45 19
15 58 42
42 24 14
13 32 16
24 38 63
11 25 53
18 49 33
40 1 36
30 6 14
58 53 52
4 41 60
56 29 47
47 52 5
16 23 9
23 35 33
32 6 59
42 29 18
13 33 32
16 36 52
17 38 7
28 54 7
21 56 7
63 2 22
17 55 51
38 23 14
48 2 55
55 7 56
61 56 2
66 52 17
20 41 17
41 44 4
64 16 6
60 24 48
7 3 12
66 63 3
62 21 34
40 67 9
60 45 52
36 2 31
57 38 48
16 34 39
37 66 34
11 45 3
43 63 59
57 40 47
13 5 27
12 54 43
57 47 57
65 23 22
17 49 27
38 9 6
60 22 25
10 0 14
67 10 13
39 34 4
62 60 11
19 0 33
44 20 1
50 7 7
24 37 3
52 47 19
63 8 50
6 5 40
23 15 33
29 23 43
40 30 30
50 47 41
6 23 36
25 32 15
41 22 59
17 51 60
0 44 47
62 6 54
52 57 33
6 28 46
7 21 42
26 37 22
40 56 20
15 65 61
21 31 62
55 60 57
19 55 20
13 24 38
22 13 63
39 9 3
64 36 36
24 45 16
1 26 57
4 63 25
31 8 53
38 50 30
22 37 45
2 60 10
51 14 37
28 37 24
25 47 37
0 27 46
3 58 8
34 43 30
25 19 21
31 25 7
1 63 60
43 17 11
45 39 62
29 55 17
52 0 41
36 7 39
22 4 63
47 46 24
59 13 35
54 31 1
19 3 47
54 11 60
55 37 21
11 7 42
45 11 23
39 46 31
17 13 29
61 27 47
30 3 10
21 6 53
34 7 12
67 23 14
51 1 24
42 20 7
21 52 4
42 67 34
61 37 28
46 63 52
11 14 17
34 2 45
44 65 4
53 26 54
37 13 44
11 9 34
24 51 36
32 65 30
10 15 49
10 12 32
40 38 12
33 19 43
25 1 27
65 28 50
31 16 23
59 55 61
4 29 55
25 65 2
55 51 58
66 65 25
8 29 49
12 34 61
47 39 10
29 4 17
56 47 63
20 2 22
60 41 36
1 57 5
27 7 33
63 19 23
0 64 51
42 26 55
41 9 5
34 21 14
49 23 28
2 16 24
49 11 30
59 45 46
25 22 11
48 25 12
36 53 10
36 42 32
25 23 53
66 34 1
32 47 25
27 2 4
37 64 59
56 1 29
15 19 48
20 25 57
12 23 33
36 9 44
43 49 25
61 30 49
44 11 50
21 48 43
59 66 58
28 12 4
49 30 47
60 8 24
17 57 43
3 60 4
63 33 27
53 0 16
5 44 35
19 8 20
66 58 14
51 23 51
12 31 62
42 37 33
39 11 6
18 22 32
6 42 28
39 44 38
30 33 6
63 39 37
44 51 52
6 36 29
60 33 34
18 55 19
42 22 62
49 50 25
22 48 57
0 47 22
56 31 26
14 24 5
37 29 21
51 31 14
61 57 17
17 1 19
55 22 58
49 18 10
13 29 52
3 9 22
24 63 47
0 52 16
28 44 33
52 18 3
7 27 58
18 62 5
62 40 57
65 22 4
10 30 33
47 13 34
18 7 50
51 16 59
38 47 32
50 27 24
57 54 58
31 19 13
12 20 15
61 67 45
20 63 40
63 34 18
64 29 25
13 46 35
33 27 24
43 30 38
64 6 14
27 61 39
62 20 24
18 58 47
60 59 50
44 5 51
1 10 25
64 14 36
9 33 12
57 10 7
60 64 46
37 17 40
32 19 24
11 20 21
23 7 42
52 28 51
45 44 20
30 62 63
45 5 50
13 25 36
41 12 55
6 54 25
50 51 2
28 17 49
61 41 49
33 7 12
61 5 18
30 16 26
6 21 56
66 60 20
34 14 31
35 21 53
32 26 23
15 25 7
60 18 35
37 14 7
19 56 11
17 63 40
34 61 5
26 31 46
48 50 18
32 7 32
38 39 23
41 37 33
58 3 30
27 66 3
16 37 56
45 16 6
11 58 9
24 13 18
53 64 31
40 60 12
59 54 31
20 62 35
46 58 34
4 7 20
9 11 59
15 4 57
20 47 23
9 46 15
63 35 36
1 33 57
9 56 12
65 35 41
48 16 23
19 67 37
14 20 8
47 18 17
0 14 5
47 55 23
14 63 43
31 35 54
46 8 44
52 59 51
1 20 20
48 29 49
66 12 31
34 39 45
25 43 41
33 57 7
60 28 54
49 14 3
20 56 34
7 45 60
0 41 5
50 20 46
57 67 5
53 11 33
47 3 61
57 48 54
14 42 15
29 24 26
43 52 27
56 28 43
14 22 28
13 15 62
59 18 38
31 24 1
25 53 20
32 1 21
43 66 16
36 23 18
30 52 34
6 40 39
51 52 22
21 0 25
0 55 31
66 41 59
29 14 8
20 30 39
64 25 27
34 28 29
19 36 53
60 32 42
13 23 52
43 15 33
35 30 4
51 11 22
20 12 38
2 3 22
58 29 2
14 57 15
13 39 35
41 67 41
24 56 30
16 22 24
36 34 53
49 10 39
23 22 34
2 62 35
36 61 44
2 4 19
1 5 62
51 53 9
26 17 1
12 35 56
57 31 34
11 63 31
57 11 54
3 12 49
52 58 34
12 17 38
3 7 60
14 50 21
35 43 62
45 29 25
18 36 48
35 63 63
19 40 48
20 36 20
34 30 42
64 28 11
34 62 5
57 60 44
62 53 47
36 27 35
2 40 51
31 29 8
2 58 26
3 16 58
32 62 58
22 58 13
5 13 20
37 35 19
18 2 22
24 46 61
5 67 8
1 4 26
25 4 1
45 48 59
48 59 5
25 18 21
42 1 53
50 33 43
10 26 31
63 6 39
52 8 60
23 8 3
0 63 6
45 36 63
44 26 25
40 28 5
56 65 44
61 17 12
44 32 32
11 66 48
10 35 5
46 5 57
67 17 23
15 53 33
65 58 52
1 18 17
13 67 38
35 33 24
57 62 37
1 42 21
66 25 2
46 10 40
15 46 41
31 28 36
53 66 54
4 30 31
31 14 23
42 44 56
44 2 19
4 2 18
63 24 22
31 5 18
35 46 35
61 22 46
63 41 29
33 13 9
66 64 16
11 27 58
32 39 50
25 10 57
29 46 22
66 39 45
63 49 16
30 41 59
1 62 39
6 22 58
32 48 22
56 32 51
31 63 7
62 12 30
51 55 50
33 1 30
62 66 39
40 24 26
26 12 44
63 1 42
53 67 42
67 60 58
47 62 38
26 46 48
3 2 49
22 16 47
39 0 12
59 48 48
30 63 59
66 3 17
3 5 46
22 46 60
55 25 53
51 54 8
30 4 23
65 7 26
10 57 37
3 47 24
34 29 52
4 19 56
2 66 24
55 66 42
16 54 49
43 1 45
29 20 24
38 58 9
37 33 8
14 23 40
14 0 52
23 40 57
43 13 28
46 3 36
29 45 14
39 1 4
58 39 15
16 43 51
39 54 34
5 17 45
65 31 42
40 32 51
59 57 32
64 24 40
49 13 60
46 52 36
36 8 12
33 26 1
11 29 43
64 10 43
47 67 32
29 41 10
53 35 39
28 34 33
51 22 15
14 28 9
36 56 15
57 12 26
66 36 58
23 42 51
1 39 51
3 36 37
65 39 59
36 6 5
27 62 59
35 1 46
37 18 38
60 48 34
17 52 3
5 34 18
38 21 42
6 47 15
43 61 50
57 23 62
58 65 26
32 23 60
19 61 43
3 22 63
40 29 21
20 45 58
49 4 32
17 67 37
5 12 51
0 50 41
52 32 1
17 15 50
36 47 4
9 8 47
21 25 16
64 5 6
37 23 36
47 54 26
52 5 33
35 52 52
36 33 10
19 17 10
15 2 9
66 50 36
27 41 55
52 51 20
15 28 57
61 21 10
48 54 40
27 21 33
55 19 55
3 30 47
61 24 20
25 24 43
6 64 13
26 35 38
15 12 47
56 57 29
51 40 54
45 22 49
13 35 61
18 52 31
22 28 10
30 5 4
21 33 23
48 51 47
17 60 14
56 36 47
4 40 5
43 22 56
25 9 40
43 34 36
42 3 21
32 56 60
21 8 17
62 50 58
28 1 9
52 66 6
56 48 59
56 34 24
30 57 32
23 50 14
10 28 59
43 20 22
51 24 63
12 62 28
32 10 40
35 0 7
58 62 37
43 56 41
9 2 49
41 53 52
27 19 54
41 33 4
59 34 6
1 22 45
26 47 55
4 11 33
8 18 57
23 13 1
47 31 35
58 19 15
15 56 27
40 18 5
64 17 61
61 0 57
24 7 39
66 17 2
37 31 59
31 44 55
37 47 51
39 27 46
61 18 59
43 55 54
17 37 37
63 3 13
52 30 36
35 54 19
33 31 43
36 45 41
44 4 46
21 30 57
19 44 56
8 41 5
3 48 26
33 49 9
17 32 42
64 62 8
17 20 58
24 41 3
53 45 37
61 6 29
11 57 9
6 56 12
59 8 15
59 40 27
23 48 18
0 59 56
17 62 7
30 60 63
48 46 61
56 22 37
57 5 17
4 43 31
27 56 62
0 45 18
63 4 61
39 6 53
4 47 34
55 64 39
54 52 4
44 67 14
22 45 39
10 65 62
3 31 49
11 41 22
56 12 28
12 57 45
49 65 44
46 33 62
33 11 12
17 65 56
65 47 49
49 53 42
2 53 31
42 30 14
56 59 53
14 26 57
31 13 38
51 49 47
50 23 43
33 67 36
55 13 7
4 44 17
35 15 26
64 39 18
53 3 62
7 37 48
53 56 7
7 43 14
4 32 14
50 9 4
14 65 8
7 51 50
4 15 26
51 56 45
19 15 23
38 49 38
12 42 49
45 14 43
51 44 38
45 41 55
28 16 8
63 26 43
10 48 48
30 42 6
43 18 2
21 24 39
13 12 55
11 64 25
60 2 2
5 22 62
12 22 47
20 9 37
46 7 17
37 51 58
51 59 55
58 33 4
14 44 38
9 10 12
63 22 8
39 4 38
34 37 33
18 59 35
4 17 5
2 22 14
20 55 32
47 0 33
56 37 63
11 36 20
5 50 21
38 45 21
2 34 57
54 35 54
55 1 2
38 63 10
59 3 8
29 35 47
10 44 61
32 9 2
59 26 28
46 27 47
12 9 15
39 30 42
56 62 37
11 34 12
29 16 1
54 44 32
4 0 60
29 13 22
28 7 11
36 22 50
51 65 33
10 52 3
43 19 56
54 23 12
43 28 41
38 51 61
9 6 59
48 5 17
38 14 14
64 20 41
3 6 44
60 65 62
52 55 50
41 52 31
26 51 59
61 44 35
43 31 55
26 45 1
64 66 22
28 36 28
44 27 7
41 50 55
14 18 11
53 61 30
45 57 43
55 30 12
65 53 34
7 31 21
3 17 21
13 62 23
45 40 63
50 60 59
0 8 31
3 55 34
7 39 62
62 7 53
2 30 5
4 27 2
30 22 49
38 16 7
63 12 62
18 65 24
23 43 10
19 50 23
36 32 2
8 28 35
48 64 7
19 7 45
38 41 17
52 45 21
34 10 3
0 11 14
46 45 30
52 1 46
11 42 22
20 42 36
43 58 51
67 28 39
20 40 34
58 14 26
2 26 8
34 67 50
15 32 14
64 65 47
66 15 46
38 17 20
24 16 23
16 12 47
0 35 59
12 1 11
3 52 38
43 50 17
41 49 42
25 67 15
28 31 59
2 41 6
3 23 29
55 34 28
59 27 23
5 65 16
10 39 7
58 43 43
23 44 23
50 36 40
54 63 61
28 61 13
5 9 51
20 27 16
36 10 57
37 67 14
51 9 8
66 46 7
16 27 54
9 29 6
64 1 25
52 29 53
12 5 54
25 35 25
67 59 20
65 63 32
55 2 33
37 58 60
65 43 30
9 18 10
5 39 42
51 3 29
24 39 8
41 36 57
44 45 3
32 64 54
53 13 21
12 45 47
54 9 3
16 33 50
52 60 39
11 15 9
36 19 6
11 60 2
65 21 7
28 58 15
47 45 4
17 46 58
27 26 50
37 46 5
49 54 57
26 53 25
44 13 30
22 40 50
47 22 24
66 23 4
18 5 27
31 23 30
33 30 31
61 13 22
25 61 2
16 58 39
40 43 54
41 19 56
39 33 53
57 65 2
44 66 47
33 51 32
67 48 35
63 51 33
33 21 54
2 37 30
50 0 54
34 19 36
8 62 29
20 32 48
11 19 41
44 52 21
50 55 19
56 46 44
32 33 55
49 38 61
12 33 47
40 0 40
53 33 6
40 57 51
41 11 1
56 25 18
42 65 26
57 29 35
16 11 9
0 25 13
10 24 49
6 35 52
9 26 40
46 0 57
64 43 18
25 21 54
35 62 26
67 11 17
9 47 18
53 7 17
35 31 33
63 53 59
67 2 54
8 4 33
37 26 5
18 10 19
36 50 16
54 46 27
62 39 16
11 4 41
45 25 18
31 64 48
42 54 50
4 34 30
50 62 41
44 31 40
5 28 49
10 36 44
21 47 9
33 28 38
47 53 51
23 60 61
1 7 6
34 5 40
41 39 39
47 20 17
19 27 14
67 9 21
56 15 34
34 66 24
56 27 48
62 23 36
27 40 41
44 59 63
42 19 31
14 36 36
62 15 44
22 52 23
16 4 17
31 40 49
11 13 55
44 50 23
34 20 45
3 63 41
24 64 41
54 64 16
54 5 11
9 52 44
34 9 61
18 0 13
31 65 35
20 60 62
27 25 30
28 22 39
35 36 10
22 32 17
55 39 31
36 54 4
45 62 8
23 33 19
42 0 43
67 1 12
50 40 31
15 29 45
1 32 30
36 0 54
3 37 4
38 56 57
53 59 44
13 43 38
32 58 53
43 45 10
62 58 8
62 35 60
37 43 39
44 62 22
20 4 27
63 27 36
5 41 30
50 53 1
45 66 55
42 55 21
29 37 63
61 8 62
0 16 58
35 64 23
33 10 11
30 64 49
50 54 12
24 18 44
9 39 61
34 65 10
35 61 49
19 13 45
2 48 22
66 35 34
11 16 10
41 57 9
9 27 20
60 42 14
45 3 48
53 29 23
11 30 7
41 23 58
25 12 62
64 40 22
50 5 47
37 44 55
6 39 61
22 27 26
26 21 18
14 66 32
65 14 48
64 2 52
9 4 38
3 66 49
30 18 24
48 6 32
53 6 46
56 52 40
12 37 4
51 67 35
24 0 51
61 1 20
48 30 14
38 2 38
21 66 10
45 31 8
32 31 50
19 42 7
4 50 11
12 2 15
31 57 53
43 36 37
54 30 36
39 65 45
49 17 25
12 0 34
7 20 30
2 49 40
9 24 32
18 26 30
19 30 50
7 36 23
5 1 63
1 58 60
59 4 19
27 22 6
22 35 39
54 21 6
63 50 38
45 43 37
33 62 23
34 53 6
52 44 11
59 12 3
3 27 52
66 7 51
44 10 7
51 4 30
1 14 38
37 52 12
29 0 39
48 57 10
7 47 48
59 64 9
60 5 26
26 2 48
63 42 48
53 18 8
12 10 58
47 37 10
24 61 55
4 58 34
65 51 3
46 36 52
21 23 24
3 19 24
45 33 31
23 66 34
45 1 30
19 28 11
52 14 54
9 61 16
61 36 59
40 8 27
46 60 36
63 47 45
20 29 53
59 36 56
8 42 7
17 40 28
64 22 3
62 36 2
56 44 63
19 25 32
32 67 27
41 8 10
49 62 13
63 64 53
5 6 26
2 10 59
5 52 54
8 36 43
67 26 19
21 49 59
53 37 60
19 1 5
0 51 11
1 2 2
0 19 22
18 28 45
66 14 5
65 48 46
18 21 5
36 20 25
37 49 44
47 58 25
53 41 54
35 22 2
25 5 23
27 0 34
8 37 46
57 2 5
7 15 2
67 38 9
54 33 5
63 59 37
27 48 4
16 49 29
51 10 1
38 27 58
65 55 49
0 31 32
54 41 51
6 9 51
20 66 6
46 30 50
1 34 6
66 6 19
15 62 30
33 61 57
56 41 1
47 19 46
8 43 19
51 17 10
48 62 54
14 39 30
24 31 32
40 39 12
31 6 58
13 1 60
7 11 26
52 53 51
65 37 34
22 2 24
44 3 21
37 16 16
20 23 59
19 64 52
10 60 20
38 62 3
64 37 34
48 56 45
32 8 33
33 50 14
39 3 6
24 42 41
25 64 37
66 51 42
9 59 60
42 34 40
53 58 62
47 25 44
64 21 23
50 6 20
41 17 47
39 24 17
39 67 27
46 50 38
10 25 19
61 49 17
57 18 34
42 64 3
17 0 35
49 56 19
15 26 58
64 59 54
62 33 40
51 21 63
65 34 2
67 37 9
15 51 26
35 23 43
35 6 6
8 64 49
26 7 9
53 48 49
24 6 2
34 12 42
6 13 51
29 44 49
8 25 3
34 4 8
11 0 5
51 20 6
61 34 16
6 24 1
11 37 60
36 46 43
40 33 42
55 57 43
41 26 54
44 23 55
33 15 26
9 65 2
22 25 34
45 27 40
18 19 32
33 59 6
21 37 57
44 17 63
57 24 3
30 8 40
15 55 27
2 14 2
9 41 56
27 30 30
54 7 39
28 26 23
7 53 38
57 15 30
47 28 5
2 35 10
58 40 14
52 13 44
13 52 45
24 11 31
24 15 15
41 55 56
15 0 22
55 54 20
6 50 1
36 11 47
16 21 56
1 27 34
2 42 10
38 7 27
26 62 48
59 67 48
39 32 20
57 34 6
67 32 16
62 48 11
3 21 6
67 39 53
12 7 50
37 42 4
62 1 62
5 31 28
14 10 21
19 54 28
17 27 15
17 43 32
42 23 17
15 38 34
50 17 42
54 26 29
6 18 3
2 55 21
37 19 61
31 56 12
66 2 32
67 40 23
7 2 11
64 33 37
28 0 8
33 40 36
47 64 14
9 13 16
21 58 41
30 65 16
39 17 43
12 44 1
11 65 19
4 12 49
37 32 51
34 59 41
8 2 41
49 34 39
66 59 26
17 19 11
0 61 47
39 38 36
54 59 45
35 29 53
9 15 60
53 54 11
3 61 32
46 12 21
60 58 28
63 31 24
64 27 61
18 42 12
22 50 7
43 44 35
54 13 62
2 9 27
51 15 48
1 52 25
64 49 41
18 63 56
65 46 55
38 26 9
66 16 50
24 10 63
16 25 52
54 15 18
23 20 50
17 9 11
24 33 37
10 3 14
52 3 14
25 33 53
22 39 29
12 51 13
48 9 49
50 29 48
16 6 60
20 67 25
63 38 54
17 39 3
41 47 60
5 11 6
64 12 35
55 45 1
52 36 25
46 34 32
1 9 25
52 9 12
26 33 33
21 62 49
14 62 28
28 4 8
37 2 40
29 27 32
0 9 61
5 8 10
67 53 9
48 61 54
53 2 57
65 59 58
16 44 24
35 19 36
37 8 34
29 51 9
19 46 23
52 16 30
29 53 36
60 12 8
33 42 41
33 46 58
51 26 54
52 19 34
33 55 42
48 27 19
22 14 56
62 34 57
32 55 27
65 29 51
47 9 31
57 64 55
26 60 57
29 7 27
65 44 51
49 37 3
49 7 27
52 33 43
36 12 15
55 4 47
57 17 27
52 21 6
20 48 22
0 37 56
32 28 47
7 62 56
21 14 26
36 18 13
22 54 47
44 12 11
14 53 62
59 7 28
0 53 46
26 66 6
54 45 58
59 56 34
45 0 33
46 2 3
4 3 22
42 32 30
1 67 17
19 5 22
60 20 58
10 37 10
46 42 54
1 29 32
34 1 35
54 20 3
28 47 18
49 45 41
20 34 2
26 48 30
3 51 62
40 9 10
38 34 18
45 50 31
48 36 7
57 39 57
61 3 12
44 64 29
8 47 43
14 52 6
31 49 46
12 65 12
3 0 27
56 63 1
44 35 39
61 48 22
0 29 43
56 61 8
13 8 59
14 55 60
4 31 13
29 15 4
55 11 42
31 52 22
58 64 3
29 34 48
24 35 49
21 46 42
60 13 43
27 1 12
54 39 7
41 51 27
7 12 49
14 8 58
4 26 63
8 21 30
35 58 51
16 47 34
47 32 18
55 65 34
11 50 13
33 18 56
27 47 7
12 47 23
24 57 48
50 45 21
6 65 15
5 21 28
57 53 12
23 64 26
27 24 44
62 41 59
21 11 13
50 14 41
34 54 38
3 29 14
20 7 46
36 5 21
22 21 10
42 25 29
58 23 14
55 58 33
3 28 1
36 13 50
12 58 44
45 67 17
14 29 10
53 23 26
50 67 17
29 47 55
10 11 4
66 13 10
9 58 11
62 61 4
66 44 17
20 61 11
45 7 40
10 47 42
67 34 26
64 46 18
61 38 25
53 4 25
49 40 61
40 36 26
34 48 32
63 65 30
10 17 53
61 42 43
16 0 47
49 6 21
62 25 36
25 59 40
65 61 28
34 41 5
48 20 47
24 47 13
1 17 27
14 40 25
45 47 20
37 55 38
40 41 4
10 13 54
44 63 35
5 18 42
47 24 5
25 50 27
15 61 37
40 65 18
25 40 13
8 59 27
2 28 52
4 13 42
29 26 7
37 21 50
40 48 25
50 66 35
0 20 21
14 1 43
44 39 16
32 54 4
24 59 4
62 13 10
10 53 3
8 51 60
42 63 7
7 63 32
16 55 2
10 49 11
64 13 5
66 19 35
13 18 40
60 63 15
45 26 37
67 25 8
47 27 4
33 65 12
39 43 30
37 28 13
33 48 36
50 37 11
59 1 48
19 33 24
8 35 12
60 10 51
2 11 57
36 48 16
58 11 24
30 17 44
14 54 25
45 4 7
32 46 2
10 41 41
48 58 32
54 40 50
29 65 59
51 13 1
13 65 15
38 19 4
6 3 20
7 24 33
4 48 58
61 59 10
26 8 19
14 34 63
21 18 29
26 15 14
49 3 18
32 43 8
55 52 3
47 56 1
15 54 40
12 4 1
29 64 20
48 19 35
5 57 4
14 11 42
7 40 34
5 15 48
12 66 55
39 14 38
31 48 61
18 54 45
48 11 43
6 10 57
54 51 2
41 18 51
41 31 40
0 34 58
15 21 50
52 56 7
33 38 9
11 44 10
8 13 2
7 4 18
64 60 52
39 49 44
55 24 4
43 46 36
21 65 38
0 46 38
16 46 13
24 62 3
39 47 30
67 20 58
6 16 5
20 44 37
54 3 26
40 17 48
48 40 3
23 26 33
23 9 13
47 16 26
44 1 62
18 40 23
9 55 10
51 35 2
24 32 22
62 43 37
52 34 18
67 46 13
57 43 7
49 58 41
36 64 3
34 52 54
15 63 4
47 61 13
33 64 14
14 38 61
21 61 58
60 7 4
48 67 3
8 56 12
8 1 8
38 3 32
54 2 24
49 26 17
9 30 63
25 42 57
26 59 9
31 66 42
6 58 4
34 40 36
13 42 17
15 57 62
14 30 40
29 28 6
33 35 60
5 25 41
28 18 26
47 35 3
65 19 26
57 19 42
50 49 22
33 8 19
58 52 58
50 15 20
42 13 3
40 11 34
4 36 13
25 46 3
4 57 9
46 11 15
67 45 55
18 30 5
7 29 60
39 53 40
67 41 18
28 9 39
47 66 3
65 15 25
48 53 54
17 30 6
65 6 46
57 3 32
41 40 1
5 29 12
29 25 59
7 65 53
1 37 55
4 52 14
45 53 2
54 62 37
38 44 32
46 54 24
36 59 8
13 14 7
23 1 15
40 6 41
54 17 27
19 60 33
5 24 13
42 50 19
39 26 47
48 39 12
17 10 4
12 63 12
54 50 1
51 30 1
43 0 63
37 15 7
34 8 45
59 50 6
19 52 42
49 35 21
9 50 15
48 66 61
62 42 7
40 5 16
52 2 53
48 3 3
10 50 44
22 36 2
27 49 33
42 58 1
31 20 51
38 5 45
5 43 34
37 60 1
63 18 3
33 2 51
35 18 22
49 21 36
1 28 39
49 33 59
14 25 18
27 29 3
40 64 31
5 33 21
31 12 32
49 57 23
59 32 52
15 47 5
28 5 13
8 44 11
29 19 19
21 12 9
9 32 22
57 61 37
5 35 10
27 60 27
34 45 54
13 10 40
20 65 8
30 15 26
27 52 2
18 61 28
26 61 8
9 31 31
10 33 7
49 66 18
59 16 14
60 52 8
8 49 57
39 45 22
47 40 1
4 46 46
48 35 2
55 17 60
46 24 63
32 3 58
52 48 3
55 33 1
21 41 18
8 39 18
28 25 61
15 42 14
52 15 9
65 56 39
29 54 27
15 64 38
53 1 21
62 8 12
11 23 1
58 34 23
50 57 27
65 60 12
43 25 12
52 49 7
23 52 44
42 6 61
21 5 11
2 39 8
10 54 15
27 18 5
15 9 56
31 45 8
29 8 31
48 15 42
42 16 21
41 32 15
35 3 28
17 44 9
46 4 8
61 10 21
35 59 20
17 31 7
39 37 26
44 30 63
22 15 11
57 28 22
43 23 1
19 4 50
62 19 2
34 63 5
17 66 53
59 42 48
2 31 56
60 6 63
15 41 1
28 14 49
21 26 1
44 54 23
40 2 30
25 63 57
59 20 56
41 66 49
66 56 46
5 62 21
46 57 34
11 8 54
33 60 23
16 65 16
18 46 8
28 42 11
62 63 12
31 0 8
9 17 37
29 42 42
61 20 63
9 1 18
1 19 16
20 10 26
6 26 5
27 55 23
14 6 11
67 31 18
31 9 58
4 38 3
14 2 1
66 32 17
26 11 47
27 28 31
49 63 54
64 48 14
23 17 59
42 14 34
50 44 27
31 30 11
9 48 24
18 1 20
57 20 47
26 25 3
13 0 2
12 46 12
0 21 40
61 51 22
67 44 1
42 10 42
40 55 63
10 64 59
47 60 50
20 0 3
28 57 38
38 18 62
58 10 50
67 61 6
6 11 53
43 7 2
29 17 54
20 18 7
48 65 13
54 48 1
15 24 17
54 42 48
32 41 57
54 53 22
65 12 1
43 10 12
18 24 41
49 20 4
22 33 1
36 66 60
20 52 2
15 16 12
58 28 8
50 52 13
38 30 13
35 10 28
24 8 14
39 61 57
59 38 20
49 59 2
40 13 1
30 50 13
8 34 44
38 43 23
24 2 56
2 38 39
18 41 19
54 4 58
15 44 2
50 48 1
21 2 1
22 6 62
49 61 3
4 66 31
41 3 12
53 34 19
46 25 60
23 51 57
55 28 32
25 60 16
19 32 46
5 3 1
16 53 34
25 66 7
4 55 16
11 46 3
30 11 6
43 47 2
52 24 2
19 10 60
39 15 51
52 37 2
17 56 17
54 49 38
28 29 10
40 45 22
1 43 11
17 12 35
16 60 6
51 34 1
66 57 51
17 21 42
1 54 11
61 50 25
28 63 16
16 3 55
67 15 17
19 38 1
46 6 9
6 8 53
13 57 53
67 49 37
16 24 30
18 8 42
59 25 24
54 12 2
65 45 1
19 14 7
10 42 39
21 53 63
1 3 32
22 42 59
21 54 17
50 59 32
40 15 1
58 32 18
2 67 47
44 61 26
32 61 32
42 7 1
67 18 29
38 4 17
31 10 4
62 3 42
11 53 43
6 1 15
57 52 20
38 65 1
22 60 57
8 20 57
50 8 3
20 11 17
59 5 7
22 41 11
7 57 37
30 25 6
44 6 11
29 10 3
36 15 9
64 30 54
36 3 11
11 3 63
8 52 51
16 31 2
67 4 39
61 16 20
43 42 6
39 51 2
47 63 4
44 56 10
6 62 16
1 0 1
38 10 3
64 42 27
17 41 7
55 14 30
2 46 2
46 41 5
2 50 19
36 31 1
8 54 3
18 38 26
62 51 12
30 43 54
42 56 35
42 38 43
40 42 63
67 12 43
1 46 2
58 49 9
46 14 7
38 15 21
30 34 23
5 49 3
62 10 4
12 60 5
21 42 10
54 43 5
4 64 9
59 6 6
53 60 3
19 12 2
28 41 44
67 7 1
50 38 28
6 49 54
35 32 36
21 34 62
4 62 2
39 21 18
32 60 1
26 41 25
36 39 1
55 63 22
42 59 21
26 50 50
25 17 1
60 50 33
16 59 39
12 67 32
29 30 17
6 2 4
30 59 51
62 18 3
21 1 2
33 5 9
10 4 22
50 43 46
54 25 3
52 50 1
13 2 1
1 30 3
6 20 28
58 8 1
42 21 50
28 53 21
13 9 15
50 21 14
40 20 42
36 24 37
47 15 41
35 9 38
23 11 24
59 53 12
67 14 42
27 16 54
23 24 32
18 51 29
33 14 9
13 55 2
50 1 1
47 59 1
35 4 42
35 49 3
35 5 21
59 15 38
23 25 30
13 61 52
60 11 11
62 5 28
32 63 2
28 20 1
5 45 2
25 38 9
14 32 1
10 61 24
28 64 1
44 42 2
67 21 6
5 30 3
16 15 4
18 50 9
35 57 8
48 52 50
53 50 58
6 4 21
8 67 7
31 60 5
7 14 62
30 38 22
8 9 62
53 43 1
53 25 3
0 1 1
18 45 9
23 67 18
17 54 2
27 37 3
40 49 32
2 54 9
48 38 1
11 43 40
2 21 26
58 1 1
18 53 2
7 52 39
59 49 38
1 51 1
58 38 18
42 57 28
8 45 5
0 4 5
30 53 1
66 45 36
25 29 5
66 24 38
28 43 10
36 4 1
38 55 53
25 20 9
10 16 2
6 52 1
67 50 7
43 16 1
36 14 9
20 50 4
39 56 26
43 32 2
60 57 51
25 51 14
23 32 36
4 20 4
23 21 37
23 12 2
10 43 1
17 16 1
23 10 3
1 25 2
62 57 1
27 9 37
59 61 1
66 49 2
31 50 15
17 61 6
28 24 23
48 63 4
4 49 4
16 18 2
33 12 1
30 21 2
25 55 1
0 42 17
53 21 1
28 67 3
38 20 13
28 51 6
26 16 54
2 8 1
22 63 5
55 8 9
54 38 1
58 50 62
6 67 12
58 25 41
2 18 47
13 49 4
0 24 5
33 43 24
29 38 19
22 18 36
12 11 1
5 55 1
25 8 3
21 16 18
