#So luong nut la la
8
#Toa do cac nut
3.4766672461563353 9.327271591436284 0.0
15.73166329767467 3.6441347283264425 0.0
13.024502942144439 6.868101693248054 0.0
17.8596161425974 2.677700332192827 0.0
16.891185681956202 14.256917365984236 0.0
15.633833913881261 1.5114927700494518 0.0
12.77495582478398 14.491562922612024 0.0
5.325681129913699 0.7625043371341206 0.0
#Ma tran yeu cau D
#source_index dest_index bw don vi Mbps
3 6 15
7 0 52
2 7 4
2 6 42
7 6 2
0 5 32
4 0 61
6 5 45
7 3 30
2 4 38
5 3 28
5 0 4
6 1 40
1 5 50
3 5 39
1 7 30
0 6 60
6 4 25
2 1 20
3 4 29
6 3 21
1 0 25
7 5 57
0 1 44
7 2 59
3 7 50
0 3 3
5 7 15
2 0 49
4 6 25
4 1 2
6 7 37
1 6 56
0 2 58
3 1 9
0 7 2
5 4 58
5 1 61
4 5 34
7 1 6
7 4 11
5 2 37
4 2 6
0 4 6
1 3 31
1 2 54
6 2 17
6 0 3
3 0 34
4 3 3
4 7 4
5 6 45
1 4 14
2 3 32
3 2 42
2 5 11
