#So luong nut la la
6
#Toa do cac nut
19.15054852591265 11.473034700931317 0.0
18.14115983111266 3.0557506239297174 0.0
6.816367656820695 3.391778813523564 0.0
9.8391915447156 2.1834836207690005 0.0
16.533367519958354 7.130728783960137 0.0
16.056878788832865 4.739707258580987 0.0
#Ma tran yeu cau D
#source_index dest_index bw don vi Mbps
4 5 43
5 2 5
2 3 3
0 4 31
3 0 5
5 4 57
3 4 50
3 2 60
0 5 5
5 0 7
1 5 57
3 1 32
2 1 23
2 4 18
1 3 4
3 5 61
4 3 48
1 0 13
2 0 49
1 2 51
5 1 4
0 3 1
4 2 44
0 2 38
4 1 27
0 1 1
1 4 24
5 3 21
4 0 9
2 5 14
