#So luong nut la la
13
#Toa do cac nut
7.80779143511886 14.183157615938068 0.0
1.89028277867676 1.1107466642411863 0.0
19.02577051837907 0.3962034048644877 0.0
4.978162472570544 18.80295584923563 0.0
1.3641654704031647 18.994445424392477 0.0
11.477700928057908 7.509031716104274 0.0
17.730617541896937 14.381154108257922 0.0
10.899972587025335 0.6792235786451698 0.0
3.0043599740229525 10.719984493001988 0.0
5.636260494717953 5.5784459656427705 0.0
11.713373996008379 16.50794355082985 0.0
0.19472160803881022 8.01749522972339 0.0
13.84405954025415 17.812569752762375 0.0
#Ma tran yeu cau D
#source_index dest_index bw don vi Mbps
4 12 13
0 5 29
9 7 63
5 10 19
10 6 20
5 6 57
7 10 47
12 4 51
2 1 2
5 0 10
6 5 6
1 10 40
2 4 31
7 9 34
7 1 45
9 4 56
6 2 55
8 11 33
10 11 43
6 10 31
2 10 63
4 9 45
3 9 19
3 11 30
1 2 60
1 3 52
11 2 10
10 1 58
12 3 26
12 5 31
5 9 43
0 8 35
3 8 43
0 3 18
0 1 28
10 8 41
9 10 45
0 6 2
2 5 43
1 5 37
0 7 54
6 8 49
11 3 49
8 7 45
4 8 16
11 9 53
4 1 14
5 4 40
5 7 20
7 12 24
3 10 57
1 12 50
10 7 12
4 11 52
1 8 21
7 3 63
9 8 19
7 11 3
2 0 53
2 12 17
6 4 29
0 10 31
9 3 10
9 12 2
3 1 58
8 5 9
0 12 54
8 9 38
2 9 62
10 9 9
4 10 47
12 10 17
4 3 29
9 2 17
4 6 3
0 9 21
10 3 4
3 5 53
0 11 31
6 1 22
5 8 59
7 5 51
9 0 41
3 6 38
12 7 5
8 1 3
11 5 42
8 3 50
6 0 16
4 5 51
12 11 61
7 0 53
8 2 28
12 8 39
11 6 4
2 8 47
3 4 36
8 12 31
3 7 51
6 9 13
11 12 23
2 6 54
11 0 8
4 0 26
1 9 29
2 7 50
10 12 39
4 2 62
9 1 23
7 8 25
5 3 60
6 7 38
12 2 51
0 2 1
10 5 36
9 6 18
11 1 28
10 4 48
5 11 30
1 4 15
5 2 23
3 2 13
6 12 23
6 3 54
9 11 45
10 0 10
5 1 19
1 7 55
1 0 11
12 9 24
12 1 31
1 11 38
3 12 41
5 12 1
1 6 22
8 4 24
10 2 35
2 11 50
11 8 56
11 10 40
7 4 7
8 0 29
8 6 13
11 7 52
9 5 24
8 10 41
11 4 37
12 6 22
4 7 12
6 11 36
12 0 27
7 6 55
0 4 41
2 3 5
7 2 54
