#So luong nut la la
11
#Toa do cac nut
6.040253982665837 16.30690103554319 0.0
5.128744083034695 5.5837071408310095 0.0
16.763002568643493 5.541513359352962 0.0
15.54260377360169 14.579639370099336 0.0
18.83997033517515 3.0775493677415 0.0
17.92706501021661 2.182166120699132 0.0
7.171235136832598 11.711376748371908 0.0
9.37537613161685 1.5266967670357947 0.0
4.343719752235284 6.8976811560701465 0.0
10.463933912711292 1.7415345606375703 0.0
1.9804781280178656 14.672518884795469 0.0
#Ma tran yeu cau D
#source_index dest_index bw don vi Mbps
0 0 0
0 1 23
0 2 16
0 3 13
0 4 3
0 5 7
0 6 63
0 7 14
0 8 28
0 9 3
0 10 73
1 0 24
1 1 0
1 2 24
1 3 1
1 4 21
1 5 4
1 6 41
1 7 27
1 8 31
1 9 13
1 10 12
2 0 24
2 1 8
2 2 0
2 3 29
2 4 15
2 5 56
2 6 32
2 7 7
2 8 13
2 9 10
2 10 3
3 0 16
3 1 24
3 2 28
3 3 0
3 4 1
3 5 29
3 6 26
3 7 24
3 8 1
3 9 0
3 10 20
4 0 2
4 1 17
4 2 22
4 3 7
4 4 0
4 5 116
4 6 13
4 7 18
4 8 13
4 9 34
4 10 9
5 0 6
5 1 28
5 2 9
5 3 29
5 4 125
5 5 0
5 6 17
5 7 41
5 8 24
5 9 44
5 10 0
6 0 9
6 1 35
6 2 6
6 3 15
6 4 2
6 5 20
6 6 0
6 7 22
6 8 23
6 9 0
6 10 31
7 0 25
7 1 30
7 2 44
7 3 8
7 4 32
7 5 31
7 6 33
7 7 0
7 8 37
7 9 79
7 10 22
8 0 31
8 1 89
8 2 6
8 3 18
8 4 24
8 5 24
8 6 6
8 7 19
8 8 0
8 9 19
8 10 48
9 0 12
9 1 7
9 2 42
9 3 21
9 4 24
9 5 23
9 6 3
9 7 242
9 8 34
9 9 0
9 10 15
10 0 65
10 1 13
10 2 17
10 3 21
10 4 10
10 5 8
10 6 59
10 7 8
10 8 20
10 9 12
10 10 0
