#So luong nut la la
10
#Toa do cac nut
13.328833045919474 12.053323543621492 0.0
1.2676686493016953 10.688520081802352 0.0
5.06562481085285 7.339445112144538 0.0
6.639323719016874 10.46709474638179 0.0
10.652412541464459 8.858953548248495 0.0
16.392123381427805 13.758072453409696 0.0
2.485022455502925 10.985044886259132 0.0
3.2619116443201346 3.783370674222289 0.0
12.484830360884846 18.012034831600324 0.0
3.4933062754602338 13.165057893364022 0.0
#Ma tran yeu cau D
#source_index dest_index bw don vi Mbps
0 0 0
0 1 19
0 2 7
0 3 5
0 4 86
0 5 7
0 6 13
0 7 28
0 8 61
0 9 19
1 0 9
1 1 0
1 2 29
1 3 74
1 4 12
1 5 9
1 6 135
1 7 43
1 8 12
1 9 75
2 0 1
2 1 41
2 2 0
2 3 75
2 4 7
2 5 6
2 6 20
2 7 61
2 8 7
2 9 54
3 0 32
3 1 33
3 2 43
3 3 0
3 4 14
3 5 1
3 6 73
3 7 14
3 8 33
3 9 29
4 0 83
4 1 40
4 2 24
4 3 63
4 4 0
4 5 13
4 6 29
4 7 20
4 8 33
4 9 22
5 0 86
5 1 15
5 2 15
5 3 29
5 4 45
5 5 0
5 6 22
5 7 21
5 8 54
5 9 6
6 0 4
6 1 99
6 2 83
6 3 39
6 4 19
6 5 15
6 6 0
6 7 3
6 8 10
6 9 86
7 0 3
7 1 40
7 2 56
7 3 50
7 4 41
7 5 2
7 6 39
7 7 0
7 8 11
7 9 22
8 0 12
8 1 10
8 2 13
8 3 13
8 4 34
8 5 58
8 6 24
8 7 20
8 8 0
8 9 6
9 0 33
9 1 117
9 2 51
9 3 50
9 4 26
9 5 27
9 6 80
9 7 18
9 8 18
9 9 0
