#So luong nut la la
61
#Toa do cac nut
11.838235766396846 19.70508809538107 0.0
19.260040009526904 11.56008133957035 0.0
7.276066188712828 5.972307733725366 0.0
16.500653820628628 0.6596773602565654 0.0
15.087163241917928 14.56256769988611 0.0
16.274956145808034 3.5630742357033505 0.0
3.2306091371742856 4.203107139007334 0.0
16.530292135184038 13.424475564540126 0.0
18.24975786682438 1.326824344982101 0.0
13.354948896421249 4.916143507369677 0.0
3.999889083110297 3.6665701138797098 0.0
1.7503576040762785 14.072612100226193 0.0
5.867397130851465 11.599061540516589 0.0
3.9916843229074273 13.20143808860933 0.0
2.6732882480552504 4.279190285776106 0.0
16.496564218613283 4.353558437941118 0.0
10.934245718163272 11.939463259098767 0.0
6.585581078354572 14.653086260487566 0.0
8.130047453888102 0.7455571192809649 0.0
2.4705915193982024 9.393791454319617 0.0
7.665571050119042 6.790850827436671 0.0
17.257715506143246 10.151458626966972 0.0
11.302983787474664 6.142442896877001 0.0
15.09127324254273 19.10558050952218 0.0
18.58121493119422 8.170726312298704 0.0
15.697024392651198 12.305654039524953 0.0
8.660957622111777 16.938537592482092 0.0
9.122196062976684 15.87098102103998 0.0
6.401267784103213 2.86258853083505 0.0
17.196801206840824 3.0522369444525292 0.0
5.38652633115582 10.081434778066015 0.0
7.8564002118656235 0.07360185847150791 0.0
2.126840310723111 5.446528381794137 0.0
8.825452218913654 4.694313321878903 0.0
4.813844249634913 1.3434224511203332 0.0
3.2758922482306767 11.300916456346135 0.0
8.099768349580984 1.967206266832867 0.0
18.279391638659625 4.449655488338526 0.0
4.69976552516522 11.247115801907606 0.0
1.287770500352345 16.296759700481523 0.0
4.280030454844443 6.9987317229313355 0.0
10.156198419258159 13.791691111836842 0.0
14.590274583052057 16.760823925881034 0.0
15.67250806513913 5.469173866801594 0.0
6.270126212554119 6.231380552564292 0.0
8.998540300321382 17.257633156102077 0.0
12.644001296630185 4.5619221006950985 0.0
14.432029286796247 13.45799189841415 0.0
0.12504560419105615 17.536406993773376 0.0
15.995680423580861 2.8211047613981544 0.0
3.2414515948933618 15.051142554077005 0.0
8.356054731054867 5.494754757838687 0.0
10.241594491963864 3.4605097952098287 0.0
14.597852404599442 14.834079024049826 0.0
18.316581259205428 0.1835903428342992 0.0
3.848364831494165 0.49095394802305525 0.0
4.118562410736839 2.97823683244149 0.0
6.761992270925134 12.905061342074394 0.0
3.1546198298344463 10.660883859578096 0.0
13.883811377267326 8.113941000117352 0.0
18.94916340016537 16.784088117612097 0.0
#Ma tran yeu cau D
#source_index dest_index bw don vi Mbps
34 17 49
24 45 63
14 17 4
49 29 61
6 41 18
7 16 45
17 31 24
40 25 13
49 36 17
59 29 44
1 20 29
4 38 34
56 18 9
32 41 49
34 53 27
29 14 53
45 29 21
38 8 5
53 3 51
12 7 12
20 6 57
24 52 44
10 27 50
43 27 6
34 50 44
23 41 6
22 24 12
12 55 45
42 37 54
58 7 26
51 45 43
40 21 25
43 58 29
20 28 26
29 9 16
37 26 23
54 9 13
38 54 29
58 33 57
53 22 15
14 34 27
20 36 2
51 2 45
12 3 59
43 28 17
60 31 25
48 54 46
2 21 32
40 7 29
46 54 32
53 55 55
29 12 43
36 24 37
8 46 60
27 16 57
20 57 17
20 13 61
16 41 22
15 50 49
58 57 32
21 39 14
18 50 46
48 18 24
27 39 57
35 49 37
19 17 29
25 4 18
5 23 28
30 52 57
29 42 32
21 15 46
52 54 37
26 30 48
44 25 52
3 40 38
25 11 17
11 32 3
0 25 36
33 51 10
6 50 24
55 10 46
9 0 61
58 59 36
43 26 20
25 2 34
1 38 19
20 14 27
27 47 9
6 33 46
53 16 47
50 49 57
10 48 45
48 47 20
34 26 37
55 1 46
12 50 2
41 39 24
51 33 52
43 36 21
0 47 59
31 26 21
33 0 59
31 47 10
49 4 7
40 20 27
24 29 41
20 33 18
19 25 12
56 9 3
20 46 13
59 21 3
28 37 4
28 9 34
41 42 42
20 2 26
57 17 13
42 32 48
45 38 42
32 21 49
52 59 38
4 14 34
54 20 26
38 18 15
57 48 56
23 38 35
0 49 32
24 14 59
58 16 27
39 44 62
2 49 27
10 32 49
48 35 46
41 49 61
23 52 2
49 58 13
54 28 31
20 23 13
27 43 63
15 34 5
3 19 48
52 4 63
19 60 50
49 54 42
40 36 35
46 42 38
18 31 7
47 20 38
42 31 3
29 15 33
49 5 59
15 24 27
45 18 45
28 45 22
3 20 42
52 5 23
5 19 48
32 26 9
35 58 19
16 46 63
55 32 15
45 57 41
40 56 21
51 15 59
23 12 61
11 14 50
10 42 45
0 52 12
5 21 43
33 60 29
47 43 35
49 37 16
54 35 13
45 12 34
42 45 55
8 17 20
60 59 38
35 30 37
17 40 55
12 4 13
31 50 35
49 56 26
25 40 49
6 29 18
27 56 59
18 17 47
42 19 17
38 13 42
32 48 33
30 24 11
43 1 24
30 29 62
35 47 15
34 31 34
15 35 52
58 29 45
55 22 14
0 57 11
18 10 1
4 50 30
41 48 48
43 52 15
44 21 63
46 0 51
0 21 30
5 36 57
37 7 63
30 43 60
6 30 10
20 55 32
4 12 32
55 15 35
58 28 9
27 21 54
44 34 41
26 6 39
56 53 26
38 9 32
22 19 28
53 38 29
32 34 3
21 12 25
19 5 13
4 55 13
16 28 51
48 32 54
53 44 23
4 8 41
45 9 17
32 6 51
14 52 60
43 25 18
1 45 61
26 19 15
58 17 16
36 60 59
21 34 20
28 59 4
5 12 51
37 0 27
11 3 24
19 32 38
27 26 28
27 49 16
32 59 7
48 37 58
30 25 38
36 35 48
13 30 48
56 28 17
15 45 38
37 14 17
45 22 56
41 8 41
8 11 4
14 40 45
24 20 4
58 21 24
47 42 62
47 29 9
2 45 32
17 2 42
4 42 13
24 28 53
19 52 35
1 9 17
1 29 20
37 27 51
21 52 27
52 16 8
29 47 52
42 11 27
37 15 1
56 60 58
30 55 19
43 56 62
16 49 11
41 28 23
59 53 23
52 42 20
16 12 4
23 42 63
44 6 41
26 14 9
47 48 28
7 9 23
56 39 18
36 38 23
39 5 14
48 49 51
39 1 53
1 8 32
44 38 16
44 37 2
14 9 32
56 13 51
0 4 39
48 38 13
10 12 62
49 39 8
33 49 50
40 9 24
33 48 6
37 41 55
48 13 39
15 39 52
37 45 11
32 53 10
1 5 60
58 42 24
8 21 8
11 53 29
44 32 20
0 59 51
50 19 14
21 33 53
20 30 55
51 16 21
33 12 52
41 27 17
58 20 5
38 33 27
2 13 45
47 4 26
36 55 53
7 26 11
17 13 37
8 34 50
53 28 18
11 20 1
26 45 55
13 25 58
13 11 40
55 27 52
32 25 45
17 38 14
43 42 54
39 7 8
38 37 6
9 12 23
31 6 23
45 19 53
11 34 2
23 49 52
30 6 4
39 19 37
6 31 26
46 59 27
8 28 24
17 15 46
30 4 52
45 33 60
26 42 51
59 7 26
0 19 32
32 15 10
23 31 23
51 35 31
16 35 37
56 51 29
44 39 42
19 7 12
14 23 43
31 12 42
47 32 50
21 16 5
50 40 13
44 15 19
13 47 37
33 59 56
29 7 18
4 25 44
52 11 52
27 10 17
42 7 31
37 51 56
60 48 33
14 43 53
5 35 17
54 0 49
50 0 28
56 49 34
8 55 19
17 1 6
19 3 5
15 21 57
6 14 23
36 29 2
34 21 46
43 24 7
47 51 14
36 18 30
12 9 55
7 8 8
34 22 50
34 16 6
24 56 6
5 16 42
16 9 8
29 17 5
27 2 37
10 53 36
53 18 7
58 30 6
0 40 38
52 10 58
47 60 8
15 53 4
29 4 49
59 13 42
39 8 63
23 0 8
47 28 61
38 27 56
33 25 5
25 22 22
14 25 42
10 58 60
4 32 39
8 53 8
33 18 36
29 3 49
9 17 10
19 12 13
28 26 54
41 38 36
26 12 42
33 45 61
16 22 50
60 50 61
21 44 3
49 48 20
44 11 15
49 25 59
46 19 47
3 35 54
34 48 54
42 53 61
14 27 3
6 11 3
30 34 44
47 0 49
50 15 40
23 28 28
41 26 4
32 24 51
12 5 61
15 0 53
42 14 35
44 7 56
36 40 3
23 35 29
26 31 18
36 28 47
9 1 14
20 51 63
49 11 30
19 53 56
6 2 26
9 53 53
22 4 20
22 45 49
36 41 7
42 29 43
9 58 17
31 52 35
18 26 52
36 19 46
28 38 1
4 56 21
8 9 15
47 9 8
51 32 40
59 39 27
27 9 24
9 47 39
29 58 39
12 10 57
44 8 39
13 29 21
53 17 12
16 39 8
25 54 63
7 20 56
32 7 57
55 14 6
9 44 40
36 37 14
24 16 57
48 6 57
10 19 18
46 17 44
16 58 54
60 18 50
49 55 44
40 45 41
2 50 11
34 47 27
29 37 63
48 60 27
7 37 26
35 42 47
7 34 20
7 42 25
8 12 55
19 58 23
43 59 24
7 53 4
20 17 40
38 50 11
54 51 57
26 27 56
54 33 33
3 11 7
48 21 61
55 49 46
30 10 31
47 45 1
30 42 16
26 44 58
55 50 28
18 19 22
49 18 17
2 42 24
43 12 24
8 25 23
29 57 48
29 34 62
37 32 56
8 57 58
39 25 37
20 58 25
45 5 24
19 51 31
16 19 45
11 57 2
44 58 20
40 33 35
16 5 54
32 11 11
15 11 26
38 20 52
43 51 26
1 12 56
14 11 35
0 15 56
47 34 17
28 25 36
5 2 19
59 6 61
40 6 9
10 54 23
47 25 32
35 26 19
57 16 30
14 55 29
29 16 24
36 51 2
39 17 11
52 23 57
35 27 40
54 12 46
32 19 61
2 54 35
35 55 25
35 1 31
39 18 48
46 11 34
49 53 62
55 2 34
43 10 53
22 27 40
15 41 44
26 46 36
18 1 58
41 2 7
45 2 43
23 54 14
41 25 62
43 34 44
17 23 58
32 36 63
20 50 31
25 48 36
49 40 51
11 59 14
25 41 2
0 44 47
15 5 26
27 20 15
18 13 38
40 2 61
0 35 31
21 23 35
44 51 10
10 29 7
21 53 28
30 8 21
2 10 10
17 4 2
50 43 19
11 22 53
19 39 46
24 10 47
52 40 36
24 32 2
36 22 49
60 2 8
50 53 34
4 16 26
16 50 42
53 49 63
52 51 47
5 34 39
60 53 11
51 10 40
16 31 34
16 36 16
19 37 56
14 18 44
38 5 32
14 28 46
32 27 10
49 15 61
55 41 29
56 10 23
26 59 12
26 48 27
21 59 24
31 9 45
16 53 21
23 59 17
43 49 50
28 51 21
7 54 32
10 37 10
17 16 36
27 51 3
8 7 34
25 19 11
46 15 60
57 10 60
23 36 43
52 0 11
30 51 33
37 52 25
10 7 10
21 13 44
60 8 25
29 44 53
56 3 42
18 38 46
53 24 27
3 5 62
7 25 33
7 4 33
44 47 56
45 1 23
16 27 37
60 4 57
44 57 9
34 3 5
29 59 36
41 35 23
47 58 33
29 2 33
10 28 4
17 22 23
52 57 32
19 27 49
14 51 53
39 52 35
22 44 38
37 44 10
60 40 39
26 56 52
49 26 44
23 58 48
38 29 2
55 19 19
30 12 30
1 2 51
10 3 11
22 7 2
42 5 18
45 28 20
38 58 3
40 14 24
48 23 24
0 9 63
35 52 10
22 52 11
1 17 43
16 17 13
27 40 27
28 39 28
49 2 62
27 15 42
17 10 18
32 47 2
27 53 4
10 17 23
9 25 63
47 53 1
34 8 49
20 53 15
20 54 20
42 48 56
52 35 27
11 60 31
31 22 29
55 38 11
54 49 4
55 46 51
52 6 36
50 48 24
43 44 5
39 16 27
16 32 10
6 34 10
39 14 61
19 18 31
4 30 57
24 4 5
59 48 53
51 47 20
18 24 50
23 45 29
11 21 42
48 57 37
23 55 27
2 44 10
14 26 28
4 23 23
45 14 41
24 7 17
58 24 23
56 25 42
3 18 5
6 8 26
22 9 5
26 35 28
28 4 49
10 20 63
34 25 49
55 39 56
33 57 20
16 40 13
24 17 54
33 26 32
48 3 48
24 54 4
21 19 23
58 47 47
54 6 54
8 45 21
13 40 55
6 43 53
1 52 14
39 40 41
33 20 55
45 37 32
3 24 58
55 11 29
8 58 39
39 53 9
21 28 50
27 11 5
56 20 57
52 13 1
57 31 30
0 20 52
37 33 31
52 43 31
18 32 28
4 51 20
12 41 37
40 60 11
39 20 52
46 33 23
49 12 3
31 57 60
18 53 34
30 54 23
54 36 36
10 18 3
13 3 10
13 27 39
57 25 19
54 34 40
1 33 15
41 58 1
58 48 60
19 4 16
60 44 61
19 42 20
6 60 14
29 5 60
42 28 2
49 8 15
5 54 43
20 8 56
11 18 59
38 39 6
56 52 36
54 43 13
32 54 43
55 8 7
24 23 32
18 52 22
2 6 1
15 38 4
40 37 11
31 14 15
2 15 23
34 35 13
26 58 54
18 46 32
20 4 24
46 38 45
48 4 62
15 28 37
14 8 51
29 36 3
27 8 5
1 50 8
53 39 18
13 46 45
1 18 45
16 21 5
36 59 4
53 27 59
4 27 50
9 7 5
41 50 15
34 37 34
42 56 1
18 22 42
50 24 58
20 41 59
37 1 37
14 19 47
3 16 41
42 3 36
16 15 15
30 49 49
37 49 55
59 3 47
26 41 43
53 48 20
35 34 17
7 38 36
27 38 34
45 43 9
16 7 31
33 21 16
17 49 58
5 0 33
8 41 14
39 57 38
46 41 48
53 35 38
1 23 24
20 56 7
13 24 39
31 49 21
7 13 36
20 22 17
16 47 56
58 50 40
60 38 14
21 24 16
11 19 41
27 44 2
13 58 39
58 4 1
24 43 49
12 48 55
27 4 17
22 37 45
33 46 19
2 14 13
16 13 33
23 4 43
1 37 19
23 22 37
5 9 23
5 8 49
12 13 6
31 45 50
18 14 56
6 38 37
9 3 49
40 39 33
15 55 19
39 9 38
5 20 38
17 35 56
46 13 43
16 44 54
29 30 19
59 38 30
28 29 37
20 15 40
17 21 23
41 15 11
37 40 2
37 34 56
24 51 54
16 1 5
40 0 59
5 44 14
60 1 46
28 43 2
51 3 28
57 43 1
36 47 24
42 59 25
11 46 62
25 7 13
42 22 2
12 36 25
19 33 61
57 2 17
19 30 54
16 33 53
21 51 55
19 49 36
6 36 36
45 42 47
28 13 1
56 23 32
31 34 43
10 26 5
27 5 30
30 16 45
11 52 7
20 18 40
52 47 6
49 45 45
12 32 45
6 3 31
45 24 22
55 24 48
5 37 62
0 12 34
23 21 22
55 36 39
53 20 38
10 45 12
24 37 52
47 30 30
10 30 53
35 25 36
1 47 39
17 12 35
44 42 20
32 35 11
52 46 37
52 34 34
13 48 5
34 58 43
15 40 9
20 0 18
43 13 35
9 41 5
58 45 39
27 35 5
11 25 35
35 31 27
3 13 35
6 40 23
7 50 42
8 14 58
37 58 24
41 59 57
56 6 26
49 24 24
19 46 23
54 1 6
53 29 36
37 16 33
29 22 25
32 14 7
23 43 28
53 31 3
27 25 33
25 3 60
44 43 1
21 3 18
3 55 50
11 9 29
3 56 40
52 37 17
41 51 47
56 32 50
56 57 52
43 38 23
4 35 41
16 6 54
43 39 39
60 30 54
58 55 47
40 4 19
56 37 32
22 21 33
31 28 36
50 12 35
9 34 48
2 43 29
44 49 63
6 22 33
6 12 49
18 20 24
58 37 15
26 57 11
48 39 42
54 59 14
26 17 3
41 0 33
8 42 12
22 31 8
51 37 57
16 37 26
32 40 38
6 39 35
6 35 16
12 6 27
22 17 21
25 53 6
34 44 41
38 26 11
19 35 1
53 11 43
37 38 40
54 30 47
16 29 10
23 19 21
54 32 59
60 43 16
34 45 62
43 3 7
26 5 12
44 45 2
56 26 53
52 48 14
48 19 59
6 32 33
31 18 36
57 53 18
34 60 52
27 24 19
27 41 60
54 57 46
60 45 58
19 24 53
49 10 56
38 49 63
17 57 49
23 1 46
22 56 42
36 2 9
56 30 27
2 60 9
56 50 41
38 12 21
37 60 51
33 55 26
22 30 11
43 23 63
39 38 48
54 4 60
54 21 47
42 8 44
58 43 7
15 7 8
2 47 14
51 54 23
53 42 48
45 52 47
55 59 11
58 26 22
54 56 1
27 59 27
3 36 51
59 56 56
52 28 28
11 40 36
30 28 8
48 8 56
16 3 60
3 2 9
44 48 58
50 7 53
18 2 61
55 20 22
16 18 8
34 15 18
36 15 28
15 43 51
40 16 14
33 17 24
25 50 21
8 18 28
42 0 3
26 38 39
45 47 34
8 37 5
35 16 3
53 51 12
14 13 31
55 53 52
18 40 15
19 54 26
4 40 26
51 31 55
5 57 43
40 42 50
6 45 40
51 43 53
13 5 35
54 22 54
14 20 19
12 44 20
30 47 10
51 23 4
26 7 62
17 41 59
35 37 9
31 33 29
44 56 18
59 36 45
22 50 28
20 24 60
37 59 60
2 7 40
13 37 31
41 36 11
1 10 5
16 54 12
54 10 38
18 44 49
19 57 13
21 27 15
55 35 10
24 60 3
57 58 56
20 26 49
23 18 16
29 43 2
48 5 46
60 28 33
23 40 31
20 5 8
12 47 3
30 19 30
7 3 2
3 51 50
45 54 44
0 45 58
57 34 2
48 30 63
33 34 15
11 47 39
59 37 21
41 17 13
0 38 33
12 34 57
36 4 63
13 49 37
56 44 27
48 9 37
20 27 50
0 28 39
21 56 30
34 0 20
18 4 32
49 23 55
59 2 58
56 22 8
60 57 49
3 27 7
8 51 43
17 9 55
17 11 25
20 44 5
44 59 57
24 9 24
6 44 10
27 58 36
52 15 61
40 1 11
9 37 63
43 7 33
57 30 32
13 39 50
22 8 53
60 33 36
58 11 60
46 22 60
52 17 62
32 5 58
7 59 16
29 39 1
36 9 62
35 48 50
17 3 49
32 38 59
23 46 2
23 20 31
39 12 58
26 25 23
41 1 46
49 3 57
33 58 40
0 17 13
3 47 40
17 20 41
3 50 22
49 17 37
4 15 60
35 32 50
57 19 42
35 2 25
14 38 55
1 56 5
6 59 43
59 46 25
46 29 35
46 26 31
41 34 59
31 23 20
5 6 19
34 13 42
55 28 40
33 41 40
10 44 55
7 19 57
45 46 43
41 14 31
50 10 62
43 31 32
5 39 46
37 18 16
24 30 22
5 25 18
45 35 58
0 43 35
15 12 13
12 39 55
53 46 6
21 7 21
40 19 28
15 47 55
50 17 45
37 20 50
60 20 20
4 33 9
40 3 43
52 44 8
21 25 30
8 44 47
49 52 22
48 52 16
35 50 59
13 1 27
0 1 43
51 18 43
45 10 22
52 39 37
8 29 16
16 20 3
59 47 6
8 4 36
47 41 28
22 36 20
45 60 3
33 13 44
6 0 47
46 2 35
22 43 48
60 58 25
14 21 4
33 29 56
37 11 51
21 0 62
57 59 31
4 31 45
29 40 36
35 33 56
13 26 55
1 58 20
20 49 43
15 36 52
21 10 35
46 49 5
24 38 4
37 55 42
59 44 45
9 13 49
41 23 26
54 48 23
53 7 32
49 21 4
36 6 61
8 23 48
60 26 35
3 45 11
19 21 42
40 22 8
52 58 36
12 37 61
54 53 49
25 42 29
57 22 22
22 12 55
31 19 62
33 47 28
10 23 33
20 52 3
42 34 50
16 10 2
35 24 61
21 14 37
41 6 53
24 44 35
7 57 47
35 15 58
40 10 33
22 23 21
0 10 56
8 50 22
27 23 8
45 51 48
54 26 19
29 52 42
16 55 3
29 51 50
21 35 3
29 1 37
32 8 38
57 21 9
53 45 54
13 59 13
12 35 32
12 33 63
53 23 17
19 43 48
7 40 59
22 18 16
5 29 42
19 0 62
46 7 44
8 56 52
37 17 10
38 53 25
50 8 1
7 28 51
9 54 51
14 15 21
38 57 56
19 16 59
40 44 25
32 28 27
40 23 2
12 2 3
1 48 33
4 59 20
21 55 48
4 48 2
27 32 10
55 9 53
26 43 46
11 17 20
27 18 44
57 5 17
26 13 6
29 53 30
44 9 33
24 42 44
56 38 57
22 28 8
43 20 36
11 26 16
20 7 3
56 12 3
22 26 48
60 11 3
25 21 59
12 24 21
26 3 35
38 21 61
45 36 13
34 19 12
29 8 8
48 40 7
3 31 50
31 38 37
11 29 39
54 17 7
18 35 20
42 25 5
56 54 63
47 17 5
3 21 19
36 32 35
36 3 30
42 41 45
41 13 11
37 31 57
2 27 9
55 43 51
25 46 5
52 20 28
27 42 29
2 48 46
46 60 50
50 21 5
9 27 4
7 0 14
19 11 1
6 15 60
54 2 9
18 30 53
3 23 4
48 59 24
60 25 4
53 52 2
38 14 5
27 14 29
56 42 8
25 17 4
30 38 8
46 34 34
25 52 11
42 24 16
35 38 56
9 50 21
6 16 26
28 55 32
33 3 47
13 41 44
34 30 56
33 1 7
47 26 46
54 52 21
26 22 19
40 24 7
60 0 34
42 23 33
46 32 8
19 2 8
11 39 6
45 32 58
18 36 49
3 38 42
10 49 2
45 59 16
36 56 34
14 33 4
45 30 3
43 19 25
42 9 53
15 52 23
55 13 59
30 53 48
0 50 47
9 22 12
46 52 28
51 24 37
38 15 33
33 4 59
35 9 35
32 60 17
51 27 60
58 44 43
44 20 48
42 13 57
35 11 19
34 46 40
5 38 2
14 41 22
48 22 2
27 13 42
26 52 29
4 39 58
50 20 27
12 27 10
44 41 49
14 59 10
57 26 52
55 37 44
33 22 15
19 23 1
50 1 32
31 21 2
59 19 10
58 52 23
3 17 26
47 5 26
51 14 29
5 51 35
51 59 54
46 39 6
53 9 58
42 35 13
51 57 23
35 53 53
31 20 18
59 33 38
14 48 14
54 16 7
35 23 16
50 25 6
11 2 46
30 17 11
40 35 25
26 21 29
55 7 23
5 15 34
59 55 35
34 41 10
54 29 30
23 11 17
38 23 54
56 48 34
46 56 63
12 23 19
54 23 10
8 6 63
12 54 37
45 44 3
9 26 17
5 52 41
49 22 1
53 34 57
28 24 35
44 54 12
4 41 20
27 30 17
23 5 46
27 36 26
1 7 3
35 29 24
40 32 1
25 6 29
6 4 14
2 23 13
43 15 31
25 1 48
59 27 41
24 11 48
21 30 60
58 36 30
41 22 1
42 15 9
58 39 30
39 26 41
58 6 10
0 51 25
39 2 8
46 12 13
9 8 23
43 37 56
38 35 21
56 27 35
1 27 9
54 3 46
46 6 40
37 13 4
31 17 25
47 21 14
31 44 32
15 2 61
2 41 44
53 41 29
15 42 43
23 24 63
31 51 3
35 54 33
13 19 2
18 21 8
49 34 2
1 31 63
11 8 21
6 13 37
49 47 1
37 56 1
18 5 20
56 43 7
5 59 36
51 30 47
31 29 36
17 19 1
35 0 38
12 11 28
5 30 7
9 14 18
44 24 62
57 47 56
24 22 28
30 18 41
44 1 9
51 50 21
37 30 8
46 37 20
27 60 19
60 35 41
10 56 5
17 34 12
5 45 10
51 8 32
58 56 61
53 40 63
58 53 28
8 20 1
1 22 4
12 26 43
45 11 1
35 28 17
0 54 38
4 2 61
56 29 21
23 9 24
28 57 24
32 1 19
3 58 26
57 18 42
51 41 58
53 54 32
10 25 14
10 2 13
11 6 54
1 35 1
8 36 1
33 32 55
26 32 43
28 32 17
53 21 4
3 52 36
28 58 43
22 6 21
53 5 3
41 32 20
32 42 8
48 28 4
60 34 43
14 60 32
10 35 11
55 17 10
40 41 30
0 41 13
50 36 63
47 22 63
29 18 2
58 12 6
1 43 9
36 11 55
9 28 4
24 31 47
51 20 3
7 51 46
47 10 62
13 6 60
42 30 47
34 59 37
33 52 34
51 34 34
52 19 1
17 51 15
28 10 38
13 54 9
1 59 21
3 59 38
52 27 57
59 40 51
8 54 20
28 53 40
18 15 1
54 11 8
47 1 59
34 29 41
14 44 15
55 56 9
30 60 39
18 34 9
9 29 35
43 18 49
15 56 16
52 22 6
52 38 1
43 29 13
59 8 11
17 18 53
12 17 58
33 7 27
7 30 42
41 10 38
26 36 23
59 15 7
24 5 41
47 14 21
17 52 4
2 30 7
46 47 36
28 30 3
7 44 45
10 5 7
54 14 3
8 27 60
51 17 5
12 14 11
13 18 49
59 24 20
2 18 1
32 0 36
1 57 44
55 51 23
3 9 1
2 32 12
59 35 13
51 19 1
2 0 53
42 21 28
43 47 42
22 1 37
51 28 3
42 46 32
43 4 23
42 2 37
50 51 15
32 23 24
7 58 55
55 6 3
54 15 3
41 18 41
39 48 35
47 11 58
15 23 31
51 5 1
22 57 4
52 53 3
59 0 11
18 33 18
56 31 1
7 32 57
18 51 1
15 57 47
31 58 42
1 13 30
50 6 15
17 37 1
40 59 24
51 36 1
59 43 12
15 29 12
18 57 36
53 15 1
52 55 8
30 1 37
2 51 7
7 31 62
14 5 63
25 8 57
8 48 43
59 32 13
6 42 36
43 9 16
30 32 3
21 6 28
13 22 20
7 46 18
1 44 31
6 46 36
57 24 22
1 3 61
41 44 3
8 43 15
41 47 16
7 22 22
55 52 2
1 60 29
34 56 12
46 27 3
14 47 40
38 16 38
14 58 12
10 8 55
15 9 48
39 21 42
50 5 17
34 54 13
31 13 3
38 36 9
6 57 38
46 53 7
11 54 10
13 23 16
60 39 31
25 47 45
49 35 1
12 18 3
13 17 53
39 4 15
42 6 25
13 57 32
38 3 10
2 39 37
14 46 15
50 13 6
52 3 1
44 53 51
22 33 40
6 54 31
5 27 29
39 22 22
3 33 1
5 41 10
46 21 1
23 56 37
10 34 9
2 5 25
57 1 62
1 24 37
50 55 54
3 12 1
44 10 6
59 51 19
25 5 29
30 50 29
60 14 32
43 14 1
22 46 56
42 44 1
28 56 20
11 5 33
3 39 3
60 13 10
1 34 11
22 13 2
39 11 45
22 25 1
5 55 26
21 57 3
54 39 1
9 10 25
5 42 8
28 48 8
24 58 30
31 4 14
22 16 22
57 55 15
40 18 21
35 22 1
1 55 27
46 43 8
17 46 46
1 26 15
25 26 57
11 10 10
14 35 18
60 22 26
3 48 3
13 0 41
39 32 1
42 39 4
27 7 4
57 36 13
18 59 1
47 46 8
36 12 1
21 48 1
5 47 9
36 21 6
17 47 23
30 20 2
24 35 43
39 28 22
18 58 16
31 2 20
57 0 41
44 60 18
3 4 45
28 23 32
32 4 5
25 56 2
31 10 30
3 60 15
36 17 17
9 2 12
15 33 57
59 22 56
38 42 13
38 40 15
39 47 8
58 54 47
59 23 12
13 7 8
44 36 11
22 35 38
18 55 8
53 37 1
41 54 34
58 10 44
13 34 1
13 50 4
42 27 7
3 22 42
23 7 49
39 36 12
32 16 24
11 4 35
15 22 3
1 41 4
32 55 32
9 4 4
30 22 8
2 55 38
11 23 17
57 27 10
11 16 32
22 54 1
23 17 8
53 8 1
31 7 38
22 53 6
27 34 5
47 57 1
9 36 20
47 18 5
6 23 6
23 15 1
11 33 49
36 31 30
38 2 3
21 41 11
52 50 1
32 39 41
41 29 4
3 26 1
57 35 58
36 23 5
27 29 5
10 55 4
50 56 57
38 32 1
1 21 2
59 54 1
41 7 43
57 6 2
30 27 2
24 1 3
46 3 1
11 50 61
57 46 27
57 50 14
25 28 52
30 31 44
17 8 45
59 1 59
18 60 13
57 44 1
32 29 2
36 16 29
9 33 10
44 18 1
25 33 24
59 12 1
21 17 4
32 22 2
10 39 10
60 3 1
50 60 32
59 26 1
40 50 49
50 33 20
58 0 12
24 34 1
50 41 4
38 60 39
58 46 9
4 36 6
10 40 48
47 39 39
58 1 2
30 0 3
36 8 3
17 53 12
41 53 6
2 58 3
9 31 56
24 50 4
46 50 2
10 46 17
47 40 34
53 4 1
60 16 2
38 1 38
24 41 2
40 46 43
41 43 11
1 0 1
14 29 4
57 23 26
21 46 62
38 0 6
