#So luong nut la la
56
#Toa do cac nut
14.56353611962474 17.41686878189493 0.0
19.96742292371067 11.502452770832132 0.0
3.4446413164125933 9.512702421394762 0.0
6.826488174265814 7.25741463095644 0.0
8.773883093109273 18.653577525717058 0.0
8.04178532196977 9.458241769779782 0.0
12.894969167797571 5.36717674657093 0.0
3.8417813485944254 4.851873812049301 0.0
7.120049920222922 8.78939824020772 0.0
0.470279213401652 11.23731219377514 0.0
2.4556717379595194 13.569336581310935 0.0
15.57553120047536 11.600559002768064 0.0
3.106324358941663 14.510812456942084 0.0
12.516219792197422 10.654651080115668 0.0
7.695083478708734 15.92962149878975 0.0
10.036995497656326 5.421721400112846 0.0
0.32378101367623335 2.7712998942136964 0.0
9.638512662065592 11.635547250874726 0.0
12.753969613239752 1.819433522477206 0.0
15.084453946334008 7.197183523598031 0.0
5.518127734690427 14.083853433247395 0.0
7.113874480580407 4.526381689927746 0.0
18.50665482208883 7.522552406541826 0.0
9.683838052119924 6.688156549221568 0.0
15.039756196634839 9.152192861370143 0.0
11.972387069607663 6.931918415122473 0.0
4.034670497314296 16.694677354642494 0.0
6.7225149781310325 1.5046644791595707 0.0
14.101289859782623 6.549501200548589 0.0
19.908609672351748 4.798117261447033 0.0
18.329566406104536 3.047115780820265 0.0
3.7641288208440327 1.914732609152381 0.0
10.311741967634903 8.918416090350968 0.0
15.887197540320052 6.455826482359879 0.0
5.162994309898819 13.451935827299948 0.0
7.708072095160626 7.604938414925787 0.0
6.696446945925777 18.16614573043013 0.0
13.291555579041402 9.823090970489394 0.0
14.201252751521436 16.98082043085605 0.0
1.9152836834194975 11.709525679531442 0.0
7.769867987428702 10.131001517467496 0.0
16.770669776612998 15.3067904227389 0.0
9.588561555300045 0.2650783218186268 0.0
15.756684449042746 15.572783380579356 0.0
19.41341727853997 7.450893164117762 0.0
7.872000956822554 9.299180247278686 0.0
16.073977342083868 12.455318623512785 0.0
14.199975715013395 0.77625328928261 0.0
15.886917932533693 2.7653971795454533 0.0
7.192289523190041 3.889016259632193 0.0
11.76593089669101 3.9890742153222813 0.0
10.915984075728819 4.0698371924628205 0.0
2.0580411967918484 7.187349569609941 0.0
11.014772172753121 14.546105750736055 0.0
1.1536072738158647 5.637080378565354 0.0
12.039611736062653 0.3333595015850396 0.0
#Ma tran yeu cau D
#source_index dest_index bw don vi Mbps
52 42 4
31 22 58
4 44 34
11 15 13
17 2 13
43 17 15
12 48 1
37 30 6
8 52 57
21 34 37
40 11 60
16 36 49
6 34 39
31 51 32
10 5 46
7 38 2
45 52 29
42 23 45
53 25 15
16 2 29
9 17 2
48 34 18
30 43 12
16 22 6
51 7 55
31 4 34
38 32 44
2 27 11
9 13 61
51 1 1
22 13 45
3 15 4
52 41 9
47 35 3
10 43 31
21 17 17
20 32 35
4 11 16
8 3 1
22 52 46
14 15 23
30 55 47
54 41 57
2 13 17
9 47 12
44 35 42
39 55 13
41 34 54
29 16 13
31 21 24
6 43 44
39 38 46
36 10 56
14 33 18
54 37 5
9 26 13
19 39 56
33 3 3
36 42 37
50 45 50
45 27 42
10 9 45
2 30 6
14 35 22
7 14 52
53 15 57
18 25 42
20 16 35
43 48 25
47 53 49
52 13 10
5 20 12
55 23 19
30 9 41
28 46 61
16 19 57
4 45 9
16 43 60
22 36 5
7 21 9
10 11 43
7 13 18
49 7 9
14 42 37
34 0 1
20 52 11
48 15 60
7 30 60
38 12 10
24 55 59
0 8 44
10 38 60
40 49 44
44 20 4
23 3 61
50 33 38
50 3 12
48 23 41
28 39 59
21 0 52
27 55 43
15 41 18
21 19 24
0 32 3
12 49 38
50 35 7
17 22 47
41 15 45
13 42 24
9 8 43
13 34 7
30 39 6
9 15 54
15 20 24
34 53 23
53 55 50
45 54 32
28 42 54
43 41 54
18 28 57
39 40 16
47 27 17
48 32 19
3 50 27
23 14 45
9 1 38
19 43 50
46 23 20
47 17 49
17 7 28
10 39 52
34 4 5
4 38 58
53 5 45
52 34 10
17 14 16
40 23 63
36 21 5
34 33 5
38 39 28
25 40 19
6 1 35
50 32 54
24 10 47
21 50 15
4 36 37
21 39 48
6 54 39
39 7 21
1 53 47
23 46 3
9 48 18
49 41 25
41 6 29
38 0 45
4 18 37
43 3 22
50 53 15
14 7 42
25 22 23
55 51 32
44 53 59
9 45 60
45 42 9
7 15 53
41 50 43
54 1 39
54 0 30
21 18 37
33 9 31
43 10 24
24 3 47
19 54 11
44 30 60
19 24 35
14 10 21
22 49 2
15 39 56
53 54 7
54 29 8
0 40 53
45 13 57
22 30 54
27 28 57
55 42 50
7 10 29
45 11 6
35 14 13
51 16 34
0 47 39
51 44 47
41 13 20
10 17 48
2 32 1
20 36 42
34 23 12
20 2 7
14 2 15
32 1 57
26 25 28
45 32 57
29 6 45
43 34 63
16 30 16
44 41 54
31 16 34
34 13 34
7 50 54
44 0 26
20 33 32
19 32 27
6 47 5
48 27 1
22 37 8
35 5 18
25 41 45
47 5 56
14 55 36
9 20 11
14 29 6
36 34 20
15 47 31
44 52 27
38 48 4
53 31 62
46 3 60
33 49 61
17 40 40
12 0 35
9 11 53
51 26 25
34 35 17
37 21 46
15 16 20
29 15 26
31 33 19
22 12 25
16 33 41
14 44 56
12 38 21
39 22 52
4 1 45
5 8 44
8 13 25
40 1 36
37 14 53
28 37 43
43 7 12
29 47 61
46 26 62
3 20 50
12 28 48
6 19 58
31 18 4
37 27 30
28 8 59
46 38 60
14 17 3
51 54 19
12 27 18
25 27 34
33 25 55
32 39 57
31 49 38
19 40 51
11 34 29
13 29 37
39 34 34
18 23 61
22 38 23
49 2 23
52 50 29
41 16 42
18 52 28
37 38 24
46 37 38
2 16 32
26 20 30
29 25 41
15 51 13
37 41 22
53 26 48
8 17 34
2 4 5
46 7 5
26 16 32
4 34 42
9 0 51
39 41 7
45 35 2
28 53 26
46 32 4
39 35 30
29 4 12
45 40 35
18 4 24
3 53 44
31 12 34
53 3 62
33 51 31
3 38 27
31 28 35
31 32 45
40 48 1
23 54 19
54 32 8
32 10 23
41 39 53
1 27 14
15 10 51
29 50 46
42 36 56
17 5 63
34 30 14
39 23 44
55 4 43
35 28 29
21 7 2
47 11 2
20 46 6
13 21 61
11 19 18
53 16 42
28 44 3
14 11 8
11 9 20
8 35 11
35 23 53
35 15 2
41 20 40
54 36 23
4 33 36
34 9 36
40 5 50
4 19 30
3 6 14
38 33 7
39 26 27
39 11 6
40 27 56
13 41 48
24 23 6
33 2 62
19 37 3
14 37 10
45 47 35
35 3 6
54 9 15
54 17 31
30 19 44
1 51 27
54 20 11
15 14 20
47 54 54
8 0 60
9 23 48
27 51 10
40 51 41
39 45 11
43 55 10
11 13 28
42 46 50
3 43 45
28 3 49
43 24 48
17 44 9
19 22 44
28 10 37
27 48 35
50 29 24
32 12 36
49 30 9
26 5 62
51 52 20
7 49 41
3 10 58
12 30 7
51 33 38
46 2 41
34 32 5
48 3 21
12 13 42
47 4 29
37 4 14
34 6 51
31 10 7
41 49 12
5 52 37
29 11 39
8 9 29
49 16 49
53 52 42
27 18 56
55 22 3
3 26 40
0 7 6
55 9 39
42 21 51
36 38 11
21 46 36
25 20 28
35 22 51
41 33 11
54 44 28
39 14 62
9 46 17
41 32 52
10 37 52
15 23 26
49 53 55
54 47 55
9 12 62
24 17 9
28 24 63
35 54 5
54 55 6
9 34 58
53 35 62
27 45 22
29 55 39
3 52 35
45 21 42
26 34 57
9 2 26
40 0 26
18 7 2
6 4 9
30 34 38
32 0 23
33 11 62
3 2 51
40 39 4
12 37 32
36 13 30
20 22 50
4 49 5
46 42 18
7 23 23
53 19 16
47 7 8
21 14 6
11 42 42
45 44 1
32 36 15
30 2 29
19 27 40
53 50 14
6 15 20
33 10 48
5 28 26
55 19 44
43 15 3
40 34 4
42 40 4
53 43 27
10 2 40
51 35 3
15 35 46
4 14 27
25 21 37
17 18 53
15 13 33
16 10 43
30 32 62
46 48 39
34 17 7
10 33 6
12 22 51
0 53 20
3 55 62
49 52 15
38 27 2
23 43 20
29 17 12
39 0 61
28 35 56
30 10 40
45 53 21
50 42 10
34 42 35
31 19 56
45 26 8
47 8 60
47 13 9
45 2 28
7 4 23
30 4 13
14 6 7
3 19 37
1 29 35
5 40 36
19 35 20
15 34 3
37 48 19
3 31 24
11 17 11
17 35 27
45 20 8
31 1 1
53 27 36
30 26 35
14 41 53
22 27 52
7 16 23
45 34 61
10 41 56
48 44 50
29 14 51
33 36 34
51 20 26
8 6 8
52 31 63
41 8 56
45 10 2
42 14 36
7 1 5
10 51 57
21 49 42
34 39 28
26 29 8
45 16 38
49 35 45
8 12 9
52 26 17
7 0 37
35 10 9
6 28 18
32 25 61
13 48 49
21 42 45
13 35 3
5 14 41
30 6 7
34 18 53
15 5 9
27 44 37
24 38 35
24 54 42
3 37 39
14 1 6
0 15 35
22 16 6
47 10 17
28 4 27
3 33 15
54 15 5
48 50 46
55 1 44
19 1 41
23 16 3
46 13 12
26 1 20
27 14 40
15 19 47
34 24 53
29 39 44
50 44 1
11 24 7
15 44 14
54 19 6
9 16 54
40 17 10
42 32 59
23 28 58
2 5 25
19 44 16
24 53 8
55 15 7
40 10 17
37 7 1
11 35 4
44 32 37
9 54 37
13 15 47
52 35 14
15 12 7
51 14 10
47 36 14
21 45 30
10 52 47
19 5 54
25 26 56
51 10 61
39 43 28
24 43 12
1 50 25
3 27 58
26 43 33
11 3 53
11 33 62
46 27 6
38 15 18
23 8 11
0 51 42
49 46 46
23 37 34
42 11 13
22 6 16
25 4 62
14 49 12
23 42 58
0 16 4
25 24 36
53 32 51
43 13 7
48 0 36
28 31 57
2 31 1
11 52 26
17 37 18
7 53 14
40 47 32
36 14 12
14 23 27
38 20 22
51 30 56
33 29 51
50 34 11
19 11 20
7 55 32
15 7 62
28 34 63
15 21 14
42 43 16
26 32 37
47 42 58
26 23 53
22 20 38
37 39 61
31 35 32
1 0 48
9 52 8
31 6 43
8 21 6
54 13 18
29 53 5
41 44 13
44 27 48
34 54 2
48 36 52
26 24 55
20 3 44
48 46 50
12 34 14
51 29 32
51 15 63
33 32 57
18 0 26
16 9 4
31 23 53
28 22 57
53 36 37
52 15 42
15 28 13
6 25 15
18 22 40
43 23 49
18 40 38
0 33 13
8 53 26
47 38 40
23 10 42
5 25 15
0 12 15
52 53 6
1 35 61
29 21 5
5 51 50
51 28 7
5 7 59
20 25 62
54 42 58
41 52 54
18 41 28
3 48 36
6 22 47
21 22 38
21 41 21
35 21 46
13 10 37
37 51 20
8 16 39
32 51 42
17 23 59
45 6 56
10 42 29
13 9 57
50 13 49
53 33 25
12 23 60
28 2 7
19 31 50
12 52 59
34 55 61
52 48 22
0 3 42
36 22 44
18 27 42
40 16 39
20 17 32
43 32 46
9 14 21
6 31 53
49 32 54
37 40 33
11 4 47
6 18 21
45 4 44
48 24 26
45 25 49
29 36 47
32 9 6
18 1 4
18 14 62
8 20 31
23 41 36
48 16 13
20 34 5
38 40 38
26 19 16
20 27 11
38 11 19
49 36 9
23 47 60
44 55 59
12 51 30
41 1 22
51 50 14
37 53 46
43 40 46
36 15 42
26 52 26
15 30 62
39 19 57
5 19 46
11 48 54
25 23 20
10 12 41
20 55 59
21 2 54
17 19 25
26 48 55
2 39 62
4 42 26
13 33 27
19 10 17
32 18 51
14 5 27
23 45 40
26 13 42
43 35 58
13 38 30
46 9 11
31 7 14
11 14 16
50 0 44
31 42 39
4 25 6
42 4 48
34 15 3
43 8 39
31 54 14
48 47 12
27 7 25
50 40 4
24 47 48
1 41 18
42 2 17
0 42 63
35 55 24
37 0 53
48 30 61
35 36 45
27 22 47
47 25 18
50 51 31
25 52 23
24 46 53
13 25 30
28 50 10
41 3 24
50 10 43
29 23 24
21 10 32
17 6 24
22 46 14
21 31 54
51 45 11
51 31 13
51 9 11
25 15 41
1 47 12
28 33 53
6 27 27
17 28 6
36 45 61
25 8 49
46 33 53
22 42 58
53 18 13
0 23 61
47 2 15
5 24 41
41 31 13
5 1 28
33 38 63
44 11 52
48 39 40
2 6 7
0 25 15
24 6 53
3 7 24
27 11 17
47 15 27
13 27 6
37 25 11
11 21 47
0 31 9
52 18 16
52 4 44
41 38 39
21 11 7
7 27 15
31 39 16
44 47 60
11 30 56
30 50 2
0 6 10
38 5 25
41 9 43
0 11 55
38 19 25
28 6 54
22 15 36
32 23 45
27 26 26
53 40 48
50 27 39
7 46 17
13 53 45
33 55 62
22 26 16
22 2 30
54 28 8
37 34 36
19 14 59
2 28 19
13 40 57
0 20 59
6 8 52
42 1 43
52 21 46
1 34 34
3 24 5
36 25 42
32 24 42
26 55 45
11 53 8
9 51 62
6 42 34
50 15 40
1 8 47
6 11 47
2 20 50
14 43 55
45 24 46
43 29 4
40 13 45
47 49 32
1 33 60
36 51 24
8 2 34
46 22 23
25 39 14
33 52 26
11 31 5
39 13 10
28 27 59
17 42 18
24 4 60
0 4 62
9 31 19
24 28 32
26 31 49
51 49 52
54 43 26
17 1 61
50 38 21
29 41 14
55 7 44
30 28 7
49 38 53
39 24 56
41 14 11
45 1 58
5 9 8
11 38 37
20 40 49
8 41 63
8 33 62
36 49 41
24 15 44
23 39 9
30 7 48
38 18 58
28 19 62
7 41 25
10 24 54
12 33 40
33 19 44
41 37 16
41 42 32
43 2 36
30 11 7
55 16 22
53 30 18
42 5 12
36 37 8
44 48 58
1 54 6
38 3 61
17 47 13
46 49 33
41 5 22
10 20 46
3 44 58
48 28 41
17 34 42
4 46 5
4 13 57
16 25 62
52 20 63
1 22 37
11 18 15
15 46 3
7 6 28
39 17 40
39 32 34
9 18 12
54 51 37
20 0 30
53 21 25
27 42 61
43 26 54
24 39 54
53 9 11
24 41 51
42 3 16
6 33 19
16 12 4
31 50 44
13 22 53
46 12 15
35 52 46
36 20 21
16 27 9
34 31 40
6 36 34
37 15 46
38 26 9
17 13 4
13 18 12
30 20 40
46 5 7
35 16 45
51 41 12
21 44 17
4 29 31
35 8 33
11 45 56
41 29 9
23 36 21
37 11 27
44 17 10
36 39 42
19 15 38
42 27 18
41 28 2
20 13 6
45 38 38
31 11 8
3 36 60
46 51 32
45 0 61
51 55 6
5 2 2
0 5 53
14 13 40
35 20 16
40 46 12
36 30 43
46 41 4
49 55 60
18 13 29
45 17 15
34 19 63
33 14 38
22 50 56
20 24 18
8 32 55
34 43 11
53 41 15
17 33 21
42 28 43
40 7 55
33 16 27
27 50 12
40 29 24
37 44 21
14 25 31
36 8 2
11 16 13
16 6 15
5 38 20
31 55 33
9 36 62
7 54 14
8 23 3
52 16 15
25 35 11
15 1 48
41 27 42
52 49 15
2 11 13
5 41 25
34 45 3
35 30 60
13 54 28
22 40 31
5 45 57
16 3 42
27 2 6
42 0 36
31 48 27
36 6 36
40 54 58
32 28 1
19 3 27
21 55 14
43 37 20
23 13 63
40 33 30
25 55 59
28 18 27
4 53 7
22 45 30
52 2 24
38 44 31
24 30 51
54 6 63
48 53 33
42 55 7
53 34 7
0 1 6
38 47 21
0 36 44
23 34 7
34 29 54
24 44 31
16 13 27
3 17 52
16 32 22
13 55 62
49 34 50
20 10 52
40 14 6
5 11 53
40 18 21
49 14 13
8 45 14
43 36 25
52 40 54
27 36 42
27 31 42
37 26 11
8 34 59
42 19 8
25 5 1
32 35 60
47 32 61
27 23 25
28 0 18
17 29 48
37 1 11
1 17 14
18 8 54
29 54 31
43 52 55
50 11 25
35 48 54
43 14 50
44 12 54
39 30 63
42 37 57
40 55 54
48 20 53
53 20 31
21 30 45
26 7 29
16 20 31
50 8 13
7 52 13
0 10 59
1 52 9
30 16 14
17 12 21
21 33 33
29 42 55
43 33 55
25 38 57
47 22 41
55 44 53
20 5 31
40 19 55
32 46 49
32 31 54
26 41 30
0 22 49
15 2 41
44 7 19
49 50 10
4 0 18
52 33 13
0 9 44
51 47 54
44 15 45
44 37 13
12 3 50
29 10 52
33 45 37
31 29 43
7 33 37
7 37 54
26 44 20
22 55 16
13 23 2
13 50 47
45 33 10
7 17 17
1 7 4
12 15 43
40 50 36
5 43 53
25 28 10
24 45 16
22 1 7
54 48 35
5 54 20
10 31 38
21 5 29
13 46 20
33 37 41
50 7 37
44 10 32
51 0 49
52 9 6
26 30 63
23 9 46
1 44 34
26 3 35
43 16 21
15 0 12
39 42 43
7 9 22
37 32 28
43 38 47
51 24 14
36 40 26
54 52 5
34 1 25
36 24 35
44 26 2
1 45 3
48 8 2
10 26 42
35 42 13
51 32 26
39 29 47
38 51 50
25 44 47
34 5 57
46 16 10
52 27 22
51 6 23
17 16 63
40 15 25
29 45 59
9 44 14
32 11 1
20 54 61
44 8 56
28 45 2
6 45 44
1 46 33
19 30 51
4 54 37
19 47 57
13 12 5
47 44 3
14 22 35
41 30 51
32 15 4
30 24 56
14 28 60
55 40 24
48 5 56
40 32 24
5 18 27
11 40 20
19 49 33
42 24 51
22 28 4
6 29 33
11 54 47
50 18 29
8 40 27
36 50 17
54 45 24
49 25 8
51 2 29
35 41 60
18 19 25
12 40 37
7 19 24
41 43 56
39 15 2
46 53 61
52 5 42
19 46 44
16 11 14
27 13 42
50 31 1
32 8 39
52 45 42
32 19 58
4 40 43
19 20 6
32 52 42
14 38 5
21 35 54
32 34 18
41 18 57
11 27 43
3 21 60
51 13 9
12 21 7
23 31 37
18 33 35
37 55 2
48 35 9
20 41 42
14 19 23
33 31 53
42 52 61
13 6 59
23 24 14
47 6 1
27 33 15
46 15 9
42 53 2
47 45 14
44 31 34
54 30 41
45 8 43
44 50 33
3 5 52
50 46 9
24 32 11
32 47 53
52 0 15
14 50 50
34 3 56
25 30 11
41 2 38
48 52 28
33 42 3
30 54 35
22 7 38
14 54 18
4 7 14
1 16 34
48 4 5
10 8 30
41 26 18
40 42 4
43 45 58
54 35 6
51 37 6
38 46 33
35 0 15
11 47 6
19 18 14
16 37 6
35 17 60
42 49 21
33 4 57
26 46 8
45 29 6
46 10 55
43 5 46
28 40 3
39 12 46
34 8 21
7 44 24
17 55 1
45 36 31
46 29 19
34 48 25
53 8 22
0 26 27
17 49 43
23 20 49
55 36 49
0 54 62
45 19 8
39 25 12
37 36 42
33 41 23
30 42 6
4 31 36
29 2 60
47 21 56
39 8 25
17 32 1
26 4 63
39 6 35
36 1 14
13 0 24
16 1 50
21 1 36
47 30 5
29 52 4
14 8 51
30 40 7
25 50 33
7 26 28
39 4 9
14 0 37
40 6 53
46 39 48
23 29 7
12 9 7
53 37 4
38 45 1
42 30 47
31 2 27
47 24 30
22 43 6
29 38 31
10 4 26
6 3 14
32 33 61
20 49 3
30 25 35
38 23 44
0 38 21
17 54 34
41 51 2
24 35 43
33 43 34
25 6 58
22 21 63
2 12 20
39 54 53
4 48 43
23 40 55
10 15 1
9 40 40
49 26 46
52 12 11
33 23 8
2 26 18
26 39 8
8 27 30
37 28 46
31 5 56
21 36 58
2 38 58
25 10 2
23 5 17
36 16 58
27 53 29
14 21 47
20 14 8
43 6 17
49 3 20
11 22 50
29 24 33
42 44 55
28 36 9
41 53 1
51 36 15
5 17 3
14 20 61
22 4 38
34 11 3
48 31 63
37 13 24
32 7 43
55 27 33
44 4 44
0 34 6
30 33 19
53 24 2
21 25 9
36 28 7
55 2 54
35 26 28
29 13 15
45 12 21
32 43 56
13 7 50
40 53 3
13 49 33
7 20 63
16 35 15
23 17 9
10 53 47
20 19 14
33 30 2
27 20 1
43 49 1
15 52 47
15 17 8
31 37 52
36 43 3
52 1 3
55 0 14
7 43 18
4 55 1
8 37 25
55 52 24
11 8 50
10 16 27
28 48 3
5 53 40
4 12 42
55 34 59
49 1 53
38 54 25
24 26 7
13 44 26
50 43 13
53 44 40
13 16 18
33 53 3
39 21 9
35 25 57
2 10 2
19 12 45
4 8 31
53 46 54
23 25 50
45 22 14
1 9 8
12 14 30
14 26 36
29 37 46
22 18 51
33 18 4
25 9 32
42 22 34
25 48 62
9 32 4
5 35 58
49 8 1
40 45 17
20 11 31
8 24 44
31 27 50
54 27 21
36 33 6
15 25 60
26 8 11
46 17 20
29 51 22
53 45 10
46 14 33
9 7 26
30 3 63
14 48 15
10 6 47
27 12 58
38 29 17
27 9 32
13 20 9
43 44 5
20 8 2
50 52 13
45 49 9
30 41 48
15 6 29
50 4 2
55 49 1
8 54 30
17 0 37
12 39 61
17 26 35
35 9 17
34 47 35
29 46 39
22 34 31
40 41 9
55 20 63
44 2 19
40 9 3
5 47 43
19 53 53
33 46 3
6 20 19
55 48 27
8 50 40
16 50 61
50 12 22
48 11 19
38 17 41
34 14 15
36 0 3
7 35 7
49 45 12
3 18 4
46 45 24
13 4 10
26 35 19
11 46 39
49 13 11
35 19 20
23 48 27
35 7 48
10 35 9
40 38 4
54 34 2
27 25 55
20 35 38
42 41 20
38 4 44
17 9 61
38 22 21
4 5 46
9 41 2
38 30 2
22 8 18
5 50 32
42 13 3
23 49 18
50 47 27
21 6 57
11 49 37
4 41 14
20 44 48
8 31 50
20 28 26
22 51 49
18 29 31
27 54 13
52 28 58
51 11 52
16 41 12
52 38 24
30 8 5
9 37 25
23 51 53
31 43 35
11 39 54
34 20 4
50 21 15
44 43 48
54 4 15
51 27 18
0 45 2
31 34 5
53 47 15
44 25 8
48 12 19
26 40 42
51 40 38
20 12 29
3 1 20
44 46 8
31 17 7
22 54 12
38 49 47
54 21 35
47 12 22
32 50 12
52 3 25
38 8 9
48 13 24
54 12 36
6 44 1
4 22 4
2 55 1
16 46 43
2 23 28
1 25 2
4 30 1
35 29 10
23 38 14
20 29 7
27 46 17
8 38 37
42 26 22
25 11 33
26 37 44
35 12 55
39 3 23
55 8 1
8 19 8
42 25 9
16 49 26
46 28 29
4 21 2
2 44 30
48 10 3
24 49 22
54 40 5
21 37 2
53 29 3
4 2 53
39 51 1
11 26 4
15 33 1
32 40 2
6 38 14
6 40 1
50 39 20
17 39 9
1 2 6
7 28 43
30 38 2
22 3 59
10 46 3
25 46 37
18 45 7
40 22 2
44 3 6
6 2 47
35 24 6
28 43 1
35 38 1
14 52 26
38 10 1
8 7 3
34 7 19
23 19 4
43 22 1
12 11 50
17 45 59
23 11 31
3 16 20
47 9 53
35 46 19
17 41 1
32 45 4
20 37 16
17 27 8
45 5 1
27 39 10
50 6 2
36 48 36
11 25 6
20 45 63
44 18 2
5 22 1
36 12 40
15 45 63
49 54 26
28 49 1
4 47 49
37 29 20
3 25 2
48 2 31
15 29 45
15 36 17
6 41 1
19 26 24
1 5 6
49 10 2
19 2 13
30 52 6
55 47 1
36 7 3
22 35 37
17 51 12
22 31 3
24 27 9
49 37 27
6 46 14
34 50 7
2 52 26
19 41 1
55 33 4
19 16 14
16 7 12
54 23 1
52 44 7
34 37 63
54 26 36
35 53 52
49 47 23
27 10 1
2 43 16
37 5 7
15 18 27
35 50 1
5 36 49
36 52 1
20 48 5
51 19 1
48 45 5
12 53 21
55 13 6
27 16 40
9 35 10
12 24 59
44 1 2
47 33 1
36 9 2
8 48 27
55 45 1
27 5 1
32 54 6
34 27 56
54 53 47
35 13 6
55 21 21
51 46 46
18 35 51
30 18 18
5 46 20
54 46 20
7 3 7
50 24 57
55 26 53
26 54 3
30 29 58
44 21 1
15 53 32
49 31 59
54 7 10
25 37 51
48 54 49
43 54 5
6 51 3
48 33 2
18 51 34
18 37 44
34 25 18
29 1 32
38 35 23
2 37 26
52 7 4
41 35 1
31 14 1
55 54 41
8 29 6
54 11 21
5 37 47
32 16 2
23 1 2
52 46 62
15 43 7
50 20 3
42 17 43
43 28 1
30 13 45
46 44 22
30 46 22
17 3 1
48 9 5
16 4 17
25 43 25
2 14 59
1 21 14
19 17 4
27 24 20
53 49 7
12 2 14
25 49 7
55 24 6
8 28 6
21 54 27
27 40 1
20 39 5
34 16 2
52 25 35
6 48 22
24 14 55
54 49 47
7 47 20
55 18 55
30 48 56
46 47 62
20 26 2
18 16 10
6 26 55
1 12 34
48 29 21
37 49 60
16 47 30
24 11 46
27 43 30
4 26 45
5 4 1
20 51 6
48 37 8
1 28 38
30 37 12
15 4 4
31 46 1
21 4 8
2 9 56
27 3 2
1 24 7
4 16 6
42 31 14
37 52 1
14 9 2
50 26 5
31 44 1
55 43 23
29 31 6
1 18 58
52 14 19
18 11 9
50 9 41
12 35 3
36 26 5
24 29 23
6 39 12
52 54 1
52 17 58
8 51 57
43 1 1
36 44 59
16 44 39
30 31 4
5 16 8
5 48 8
51 25 5
42 29 4
21 43 13
37 12 33
8 18 5
52 24 2
51 4 8
