#He so k la
3.0
#Number of Nodes
6
# list of nodes
#x #y #z
8.369539534356601 2.9820150116147675 0.0
5.664535162644545 17.518119806938024 0.0
12.935739209914326 11.024434074906225 0.0
16.081114768011776 3.481161985977019 0.0
2.668601040472672 1.2622986463921377 0.0
3.2990225914452425 10.259786805286398 0.0
#nguong BER
0.001
#Ma tran yeu cau D
#source_index dest_index bw don vi Mbps
0 0 11070
0 1 956
0 2 3011
0 3 5398
0 4 3246
0 5 2167
1 0 1110
1 1 1848
1 2 1603
1 3 1037
1 4 623
1 5 891
2 0 2855
2 1 1395
2 2 10243
2 3 4813
2 4 1517
2 5 1590
3 0 5666
3 1 1100
3 2 4468
3 3 14520
3 4 1903
3 5 1220
4 0 4042
4 1 599
4 2 1471
4 3 2072
4 4 8779
4 5 1372
5 0 2032
5 1 925
5 2 1523
5 3 1140
5 4 1090
5 5 1772
#Chi tiet cac cum
3.7536678268426455
12
8 9.401372751956956 2.152140747146396 0.0
15 7.9508388384613164 1.2627135770935674 0.0
16 8.413919090869257 3.1389871354928345 0.0
21 7.407348479756199 4.443501747180041 0.0
22 8.110768435441289 0.2806668860329071 0.0
27 9.729355732509408 1.9910826839772469 0.0
30 10.599246334207203 1.2345683010367077 0.0
33 5.696160813750435 4.648971293967188 0.0
34 6.6033285301655615 2.379767923558145 0.0
40 12.069575886531199 2.6884189762420667 0.0
46 6.333744978352908 6.1356736297945025 0.0
50 8.11881454027752 5.427687237855611 0.0
6.464973053003965
6
0 11.723910148670068 19.771972365291298 0.0
1 3.502809163163818 16.022777778120926 0.0
2 5.2445641949289366 15.863717183342795 0.0
18 6.356335111821326 16.83959505373116 0.0
42 1.0966409572643938 17.851081773472497 0.0
44 6.0629514000187275 18.759574687669488 0.0
4.465407902400795
12
9 13.352414167721783 14.123300512533289 0.0
11 12.044785289872838 10.828430100601068 0.0
12 16.709216872535226 10.005942549221986 0.0
24 9.063066755100321 12.211899424204818 0.0
29 11.614660516347506 11.14043213178461 0.0
32 15.655412806839756 12.612820898906477 0.0
36 12.713820836618435 8.13798274361445 0.0
49 14.670494803308877 11.100152195544918 0.0
51 12.3845181300569 9.88056618270581 0.0
57 13.179806902136162 8.8187286244654 0.0
58 15.23272411815728 11.308472913200102 0.0
59 8.607949320276818 12.124480622091768 0.0
4.85249158906522
15
3 16.794480742489945 0.26244469703729045 0.0
4 18.62003557489782 6.12603279420315 0.0
6 19.82335321955703 6.57022753946158 0.0
7 13.406135965163745 1.4064623418527753 0.0
10 18.29785166002223 1.0516740262305528 0.0
13 14.308698866046228 2.3087826342443085 0.0
14 15.452716368388476 0.251948732763006 0.0
23 14.784696675702923 5.288441412114878 0.0
26 14.993798322049368 6.475323140705969 0.0
35 18.823697400182006 3.5688482312362164 0.0
37 19.075235113338124 3.612326358438141 0.0
48 13.392540676475738 2.8256570832191534 0.0
52 13.974625465602118 5.422959743157684 0.0
54 12.87283977966342 3.5968621138961607 0.0
55 16.596015690597458 3.4494389410944177 0.0
2.4880215366326692
9
5 1.1397323708378657 0.0009632945011214256 0.0
17 0.7165602903742174 2.804954822182145 0.0
19 4.657302990032354 0.8046436886035289 0.0
28 1.9367336771449513 2.372291106609774 0.0
31 2.9571919881027355 0.05524806184347275 0.0
38 3.6806173319688913 1.2537080061961978 0.0
41 4.082549503032749 1.8960599637120448 0.0
53 3.8495074916854612 0.4657159113979653 0.0
56 0.9972137210748252 1.7071029624829925 0.0
3.9009928252824935
6
20 1.292846683495183 9.532747977488626 0.0
25 0.07011500020342398 12.237044410774235 0.0
39 5.720733325333124 7.201509161860656 0.0
43 5.777375104535201 13.038237197243735 0.0
45 2.489250208794614 11.245579620818203 0.0
47 4.443815226309912 8.303602463532934 0.0
