#So luong nut la la
55
#Toa do cac nut
4.682749687291561 7.752763638964114 0.0
17.130572620176693 8.3132613215452 0.0
17.92130801220471 6.623531932425989 0.0
11.562304394747144 13.261673094676318 0.0
10.178104917645028 15.597944745390677 0.0
9.275392065475572 13.990591765095816 0.0
11.828224992778464 7.323284909342141 0.0
2.7520298587919534 13.153195877492225 0.0
7.176584762312202 2.01675120058968 0.0
18.19259428288404 1.5942824742586552 0.0
2.4969446244267575 3.7077484128503113 0.0
3.1409054655183732 3.5270627539312986 0.0
16.185669860663445 4.069299498304533 0.0
14.317425920912086 8.814668952176342 0.0
1.5056248403168597 9.282910810186358 0.0
8.62147975687242 0.33769444258320425 0.0
10.698434343818295 6.305999088697111 0.0
6.581051214180328 4.220939885422835 0.0
17.219451729363563 5.454816308203492 0.0
8.927179929245645 19.019638278524635 0.0
9.647992083163432 12.706188901463545 0.0
11.22570042747439 11.503314347524162 0.0
15.964506025601581 12.041714826471233 0.0
12.150427832528482 11.28069047452432 0.0
0.5680396950703442 6.417668928705285 0.0
11.429212524890934 5.512504899285173 0.0
3.3115755280345445 2.478684410843718 0.0
2.502677662652977 15.496526673307695 0.0
19.424134342432403 14.882374050487241 0.0
7.152648306771908 0.23264878498885333 0.0
2.4315663233937967 5.826892753297741 0.0
14.918454075862908 9.456835884107582 0.0
9.843567035273454 10.865854349051233 0.0
1.0138577730774432 8.822717282852002 0.0
3.6894957658885152 18.89152007545127 0.0
8.183700966708198 1.1942957905743468 0.0
0.8568402935716128 0.5903934844468876 0.0
18.095327588589548 19.029783595049544 0.0
5.363575162169706 0.34808793806618066 0.0
15.133231164470683 18.55268923125517 0.0
14.72380457014183 7.714416537466618 0.0
17.814896219747723 7.980307187153805 0.0
8.137609197683222 17.370867122026738 0.0
0.3898252564643112 7.612382926310877 0.0
13.782218666009843 2.2903725086429674 0.0
3.2865514590297114 5.942299625476264 0.0
7.9937346133667955 3.747694931300396 0.0
12.677233339619262 9.30302844505114 0.0
11.098696471604706 3.8128863824385086 0.0
8.654766538316899 15.618121661641116 0.0
6.229817382376051 12.41440088429184 0.0
17.95453779321252 18.266803052679528 0.0
2.520014121796429 7.54328448163633 0.0
1.0615442368629309 5.259423552316672 0.0
12.806282631926724 0.8947046004270278 0.0
#Ma tran yeu cau D
#source_index dest_index bw don vi Mbps
0 0 0
0 1 9
0 2 14
0 3 3
0 4 7
0 5 27
0 6 54
0 7 65
0 8 9
0 9 7
0 10 76
0 11 14
0 12 18
0 13 21
0 14 2
0 15 35
0 16 22
0 17 32
0 18 26
0 19 12
0 20 6
0 21 5
0 22 9
0 23 22
0 24 43
0 25 51
0 26 7
0 27 26
0 28 13
0 29 48
0 30 123
0 31 35
0 32 19
0 33 102
0 34 19
0 35 16
0 36 12
0 37 0
0 38 1
0 39 13
0 40 20
0 41 0
0 42 23
0 43 1
0 44 10
0 45 84
0 46 27
0 47 39
0 48 38
0 49 40
0 50 15
0 51 11
0 52 141
0 53 36
0 54 25
1 0 19
1 1 0
1 2 186
1 3 31
1 4 25
1 5 1
1 6 23
1 7 10
1 8 22
1 9 27
1 10 22
1 11 17
1 12 61
1 13 85
1 14 13
1 15 11
1 16 28
1 17 24
1 18 130
1 19 14
1 20 34
1 21 21
1 22 16
1 23 28
1 24 16
1 25 30
1 26 9
1 27 13
1 28 8
1 29 31
1 30 5
1 31 91
1 32 7
1 33 23
1 34 8
1 35 1
1 36 2
1 37 30
1 38 0
1 39 3
1 40 17
1 41 199
1 42 28
1 43 12
1 44 31
1 45 10
1 46 35
1 47 30
1 48 17
1 49 10
1 50 15
1 51 3
1 52 10
1 53 23
1 54 8
2 0 17
2 1 56
2 2 0
2 3 11
2 4 15
2 5 31
2 6 19
2 7 15
2 8 29
2 9 55
2 10 22
2 11 15
2 12 1
2 13 7
2 14 0
2 15 26
2 16 41
2 17 32
2 18 264
2 19 3
2 20 10
2 21 16
2 22 29
2 23 6
2 24 8
2 25 50
2 26 11
2 27 1
2 28 22
2 29 26
2 30 22
2 31 74
2 32 23
2 33 23
2 34 7
2 35 21
2 36 10
2 37 18
2 38 22
2 39 0
2 40 82
2 41 265
2 42 17
2 43 14
2 44 35
2 45 1
2 46 31
2 47 6
2 48 14
2 49 4
2 50 8
2 51 29
2 52 7
2 53 17
2 54 46
3 0 21
3 1 4
3 2 4
3 3 0
3 4 92
3 5 135
3 6 22
3 7 40
3 8 22
3 9 5
3 10 8
3 11 16
3 12 7
3 13 14
3 14 10
3 15 14
3 16 13
3 17 29
3 18 13
3 19 43
3 20 6
3 21 4
3 22 33
3 23 30
3 24 9
3 25 48
3 26 22
3 27 2
3 28 28
3 29 8
3 30 8
3 31 10
3 32 12
3 33 18
3 34 30
3 35 20
3 36 10
3 37 32
3 38 17
3 39 58
3 40 28
3 41 45
3 42 7
3 43 19
3 44 22
3 45 7
3 46 18
3 47 30
3 48 7
3 49 4
3 50 40
3 51 37
3 52 7
3 53 13
3 54 23
4 0 4
4 1 19
4 2 0
4 3 51
4 4 0
4 5 68
4 6 44
4 7 41
4 8 27
4 9 19
4 10 25
4 11 24
4 12 20
4 13 4
4 14 8
4 15 10
4 16 25
4 17 32
4 18 2
4 19 97
4 20 32
4 21 84
4 22 57
4 23 16
4 24 3
4 25 24
4 26 10
4 27 8
4 28 40
4 29 14
4 30 9
4 31 2
4 32 33
4 33 13
4 34 30
4 35 18
4 36 21
4 37 33
4 38 13
4 39 57
4 40 29
4 41 3
4 42 9
4 43 7
4 44 27
4 45 6
4 46 9
4 47 48
4 48 22
4 49 40
4 50 55
4 51 4
4 52 17
4 53 20
4 54 14
5 0 9
5 1 2
5 2 11
5 3 23
5 4 133
5 5 0
5 6 47
5 7 54
5 8 10
5 9 23
5 10 21
5 11 27
5 12 24
5 13 5
5 14 36
5 15 17
5 16 19
5 17 21
5 18 13
5 19 30
5 20 130
5 21 18
5 22 47
5 23 83
5 24 19
5 25 12
5 26 27
5 27 36
5 28 31
5 29 17
5 30 1
5 31 12
5 32 92
5 33 34
5 34 32
5 35 6
5 36 18
5 37 22
5 38 3
5 39 51
5 40 15
5 41 3
5 42 93
5 43 29
5 44 26
5 45 17
5 46 18
5 47 5
5 48 19
5 49 199
5 50 64
5 51 14
5 52 11
5 53 31
5 54 24
6 0 38
6 1 24
6 2 41
6 3 34
6 4 39
6 5 4
6 6 0
6 7 28
6 8 7
6 9 9
6 10 22
6 11 9
6 12 45
6 13 44
6 14 7
6 15 5
6 16 165
6 17 48
6 18 49
6 19 1
6 20 56
6 21 82
6 22 41
6 23 69
6 24 35
6 25 18
6 26 21
6 27 7
6 28 11
6 29 4
6 30 22
6 31 28
6 32 94
6 33 20
6 34 15
6 35 51
6 36 19
6 37 0
6 38 11
6 39 6
6 40 49
6 41 48
6 42 22
6 43 28
6 44 49
6 45 10
6 46 61
6 47 27
6 48 71
6 49 0
6 50 44
6 51 5
6 52 33
6 53 23
6 54 33
7 0 21
7 1 15
7 2 6
7 3 13
7 4 44
7 5 57
7 6 21
7 7 0
7 8 9
7 9 14
7 10 7
7 11 31
7 12 22
7 13 21
7 14 2
7 15 8
7 16 31
7 17 36
7 18 21
7 19 14
7 20 8
7 21 12
7 22 21
7 23 5
7 24 48
7 25 12
7 26 0
7 27 101
7 28 4
7 29 0
7 30 29
7 31 15
7 32 18
7 33 74
7 34 47
7 35 4
7 36 19
7 37 19
7 38 19
7 39 20
7 40 24
7 41 2
7 42 50
7 43 32
7 44 25
7 45 38
7 46 25
7 47 20
7 48 6
7 49 2
7 50 11
7 51 18
7 52 45
7 53 37
7 54 0
8 0 22
8 1 15
8 2 22
8 3 28
8 4 24
8 5 29
8 6 55
8 7 2
8 8 0
8 9 32
8 10 56
8 11 11
8 12 9
8 13 29
8 14 15
8 15 29
8 16 1
8 17 136
8 18 12
8 19 8
8 20 11
8 21 4
8 22 23
8 23 11
8 24 29
8 25 67
8 26 76
8 27 8
8 28 17
8 29 63
8 30 44
8 31 0
8 32 8
8 33 33
8 34 16
8 35 213
8 36 4
8 37 8
8 38 151
8 39 20
8 40 33
8 41 3
8 42 13
8 43 13
8 44 51
8 45 38
8 46 32
8 47 11
8 48 7
8 49 19
8 50 35
8 51 17
8 52 3
8 53 32
8 54 7
9 0 24
9 1 38
9 2 3
9 3 5
9 4 18
9 5 7
9 6 25
9 7 11
9 8 36
9 9 0
9 10 2
9 11 21
9 12 48
9 13 9
9 14 9
9 15 8
9 16 29
9 17 7
9 18 11
9 19 2
9 20 1
9 21 6
9 22 16
9 23 22
9 24 14
9 25 21
9 26 20
9 27 7
9 28 21
9 29 1
9 30 14
9 31 11
9 32 15
9 33 20
9 34 9
9 35 19
9 36 5
9 37 5
9 38 2
9 39 10
9 40 30
9 41 59
9 42 16
9 43 15
9 44 50
9 45 1
9 46 14
9 47 10
9 48 31
9 49 4
9 50 23
9 51 7
9 52 12
9 53 2
9 54 64
10 0 23
10 1 6
10 2 15
10 3 23
10 4 17
10 5 10
10 6 4
10 7 34
10 8 68
10 9 21
10 10 0
10 11 13
10 12 9
10 13 28
10 14 68
10 15 41
10 16 40
10 17 52
10 18 6
10 19 18
10 20 15
10 21 20
10 22 25
10 23 2
10 24 42
10 25 38
10 26 180
10 27 21
10 28 7
10 29 41
10 30 148
10 31 0
10 32 28
10 33 16
10 34 23
10 35 55
10 36 111
10 37 7
10 38 4
10 39 6
10 40 24
10 41 2
10 42 22
10 43 88
10 44 14
10 45 71
10 46 0
10 47 24
10 48 4
10 49 22
10 50 29
10 51 2
10 52 5
10 53 151
10 54 16
11 0 4
11 1 17
11 2 15
11 3 20
11 4 13
11 5 6
11 6 1
11 7 29
11 8 51
11 9 24
11 10 133
11 11 0
11 12 15
11 13 30
11 14 39
11 15 4
11 16 18
11 17 17
11 18 21
11 19 2
11 20 28
11 21 33
11 22 11
11 23 9
11 24 73
11 25 30
11 26 146
11 27 9
11 28 4
11 29 52
11 30 86
11 31 18
11 32 25
11 33 14
11 34 17
11 35 49
11 36 84
11 37 15
11 38 50
11 39 14
11 40 28
11 41 14
11 42 2
11 43 66
11 44 18
11 45 132
11 46 70
11 47 14
11 48 22
11 49 26
11 50 19
11 51 13
11 52 9
11 53 60
11 54 14
12 0 12
12 1 20
12 2 95
12 3 22
12 4 16
12 5 10
12 6 9
12 7 21
12 8 39
12 9 111
12 10 4
12 11 21
12 12 0
12 13 61
12 14 23
12 15 41
12 16 38
12 17 7
12 18 13
12 19 12
12 20 11
12 21 15
12 22 15
12 23 32
12 24 0
12 25 58
12 26 18
12 27 14
12 28 4
12 29 35
12 30 0
12 31 37
12 32 19
12 33 13
12 34 1
12 35 14
12 36 20
12 37 1
12 38 7
12 39 11
12 40 73
12 41 44
12 42 10
12 43 4
12 44 60
12 45 30
12 46 25
12 47 28
12 48 33
12 49 8
12 50 28
12 51 25
12 52 26
12 53 25
12 54 44
13 0 27
13 1 102
13 2 45
13 3 63
13 4 30
13 5 33
13 6 68
13 7 16
13 8 18
13 9 25
13 10 3
13 11 1
13 12 17
13 13 0
13 14 16
13 15 25
13 16 32
13 17 25
13 18 78
13 19 14
13 20 63
13 21 76
13 22 103
13 23 15
13 24 11
13 25 17
13 26 23
13 27 10
13 28 0
13 29 23
13 30 21
13 31 332
13 32 76
13 33 7
13 34 11
13 35 7
13 36 15
13 37 18
13 38 14
13 39 36
13 40 299
13 41 45
13 42 34
13 43 14
13 44 42
13 45 31
13 46 23
13 47 23
13 48 25
13 49 36
13 50 2
13 51 13
13 52 33
13 53 9
13 54 27
14 0 71
14 1 22
14 2 1
14 3 22
14 4 15
14 5 34
14 6 36
14 7 94
14 8 14
14 9 0
14 10 38
14 11 7
14 12 13
14 13 11
14 14 0
14 15 22
14 16 19
14 17 21
14 18 13
14 19 5
14 20 26
14 21 37
14 22 13
14 23 20
14 24 83
14 25 27
14 26 53
14 27 19
14 28 7
14 29 19
14 30 38
14 31 10
14 32 15
14 33 410
14 34 8
14 35 25
14 36 6
14 37 12
14 38 28
14 39 14
14 40 14
14 41 4
14 42 6
14 43 127
14 44 21
14 45 64
14 46 32
14 47 1
14 48 28
14 49 39
14 50 20
14 51 4
14 52 134
14 53 86
14 54 15
15 0 29
15 1 29
15 2 26
15 3 4
15 4 10
15 5 2
15 6 26
15 7 19
15 8 124
15 9 5
15 10 33
15 11 6
15 12 2
15 13 5
15 14 34
15 15 0
15 16 49
15 17 17
15 18 28
15 19 17
15 20 26
15 21 27
15 22 3
15 23 21
15 24 30
15 25 6
15 26 30
15 27 22
15 28 3
15 29 192
15 30 47
15 31 20
15 32 12
15 33 7
15 34 4
15 35 70
15 36 17
15 37 8
15 38 15
15 39 0
15 40 37
15 41 10
15 42 18
15 43 31
15 44 41
15 45 50
15 46 25
15 47 3
15 48 16
15 49 1
15 50 18
15 51 2
15 52 16
15 53 35
15 54 32
16 0 63
16 1 18
16 2 18
16 3 15
16 4 10
16 5 5
16 6 209
16 7 10
16 8 21
16 9 43
16 10 24
16 11 13
16 12 18
16 13 21
16 14 29
16 15 29
16 16 0
16 17 69
16 18 36
16 19 11
16 20 47
16 21 66
16 22 47
16 23 41
16 24 35
16 25 298
16 26 10
16 27 24
16 28 13
16 29 31
16 30 6
16 31 67
16 32 57
16 33 17
16 34 9
16 35 30
16 36 22
16 37 5
16 38 5
16 39 23
16 40 74
16 41 16
16 42 15
16 43 38
16 44 21
16 45 46
16 46 15
16 47 12
16 48 98
16 49 37
16 50 31
16 51 5
16 52 43
16 53 14
16 54 32
17 0 92
17 1 34
17 2 22
17 3 10
17 4 16
17 5 7
17 6 0
17 7 9
17 8 45
17 9 13
17 10 46
17 11 111
17 12 22
17 13 26
17 14 12
17 15 23
17 16 31
17 17 0
17 18 27
17 19 22
17 20 38
17 21 0
17 22 13
17 23 6
17 24 46
17 25 44
17 26 91
17 27 18
17 28 16
17 29 9
17 30 52
17 31 30
17 32 15
17 33 9
17 34 25
17 35 1
17 36 51
17 37 12
17 38 88
17 39 15
17 40 26
17 41 18
17 42 9
17 43 18
17 44 35
17 45 73
17 46 191
17 47 18
17 48 18
17 49 0
17 50 0
17 51 3
17 52 57
17 53 55
17 54 52
18 0 4
18 1 37
18 2 177
18 3 7
18 4 10
18 5 18
18 6 36
18 7 7
18 8 8
18 9 32
18 10 11
18 11 8
18 12 109
18 13 34
18 14 3
18 15 11
18 16 28
18 17 8
18 18 0
18 19 17
18 20 6
18 21 0
18 22 56
18 23 49
18 24 8
18 25 33
18 26 23
18 27 13
18 28 27
18 29 10
18 30 7
18 31 85
18 32 18
18 33 23
18 34 0
18 35 28
18 36 5
18 37 10
18 38 25
18 39 1
18 40 26
18 41 114
18 42 1
18 43 8
18 44 85
18 45 5
18 46 38
18 47 20
18 48 26
18 49 11
18 50 22
18 51 5
18 52 22
18 53 24
18 54 38
19 0 12
19 1 15
19 2 22
19 3 4
19 4 11
19 5 67
19 6 18
19 7 13
19 8 2
19 9 17
19 10 15
19 11 13
19 12 8
19 13 25
19 14 22
19 15 12
19 16 23
19 17 24
19 18 14
19 19 0
19 20 42
19 21 15
19 22 31
19 23 38
19 24 17
19 25 8
19 26 5
19 27 2
19 28 19
19 29 19
19 30 16
19 31 22
19 32 13
19 33 16
19 34 52
19 35 7
19 36 10
19 37 13
19 38 6
19 39 47
19 40 29
19 41 14
19 42 81
19 43 24
19 44 11
19 45 11
19 46 16
19 47 0
19 48 25
19 49 94
19 50 17
19 51 36
19 52 17
19 53 10
19 54 13
20 0 29
20 1 37
20 2 28
20 3 122
20 4 94
20 5 112
20 6 39
20 7 13
20 8 6
20 9 9
20 10 17
20 11 9
20 12 12
20 13 57
20 14 43
20 15 2
20 16 9
20 17 17
20 18 9
20 19 23
20 20 0
20 21 143
20 22 14
20 23 102
20 24 21
20 25 17
20 26 23
20 27 41
20 28 14
20 29 12
20 30 30
20 31 28
20 32 3
20 33 18
20 34 0
20 35 14
20 36 3
20 37 24
20 38 13
20 39 21
20 40 36
20 41 30
20 42 7
20 43 28
20 44 20
20 45 15
20 46 29
20 47 78
20 48 11
20 49 5
20 50 40
20 51 27
20 52 18
20 53 17
20 54 28
21 0 13
21 1 18
21 2 25
21 3 131
21 4 40
21 5 114
21 6 34
21 7 1
21 8 18
21 9 31
21 10 26
21 11 18
21 12 4
21 13 58
21 14 1
21 15 12
21 16 51
21 17 32
21 18 33
21 19 12
21 20 160
21 21 0
21 22 22
21 23 1
21 24 23
21 25 47
21 26 14
21 27 15
21 28 31
21 29 0
21 30 18
21 31 0
21 32 130
21 33 37
21 34 6
21 35 34
21 36 3
21 37 18
21 38 24
21 39 35
21 40 66
21 41 10
21 42 41
21 43 31
21 44 0
21 45 24
21 46 5
21 47 111
21 48 14
21 49 74
21 50 50
21 51 17
21 52 27
21 53 19
21 54 34
22 0 7
22 1 86
22 2 48
22 3 43
22 4 10
22 5 19
22 6 49
22 7 19
22 8 21
22 9 5
22 10 4
22 11 21
22 12 49
22 13 82
22 14 15
22 15 21
22 16 43
22 17 30
22 18 44
22 19 35
22 20 44
22 21 10
22 22 0
22 23 29
22 24 4
22 25 46
22 26 15
22 27 7
22 28 15
22 29 23
22 30 0
22 31 120
22 32 47
22 33 2
22 34 12
22 35 17
22 36 17
22 37 33
22 38 13
22 39 3
22 40 26
22 41 16
22 42 1
22 43 18
22 44 19
22 45 16
22 46 20
22 47 8
22 48 13
22 49 11
22 50 5
22 51 34
22 52 24
22 53 9
22 54 27
23 0 7
23 1 31
23 2 24
23 3 68
23 4 56
23 5 97
23 6 61
23 7 7
23 8 9
23 9 4
23 10 5
23 11 19
23 12 8
23 13 4
23 14 19
23 15 23
23 16 45
23 17 36
23 18 20
23 19 21
23 20 111
23 21 97
23 22 62
23 23 0
23 24 15
23 25 8
23 26 7
23 27 1
23 28 8
23 29 21
23 30 12
23 31 4
23 32 166
23 33 26
23 34 8
23 35 3
23 36 15
23 37 27
23 38 20
23 39 32
23 40 54
23 41 16
23 42 31
23 43 8
23 44 0
23 45 22
23 46 23
23 47 35
23 48 22
23 49 26
23 50 54
23 51 8
23 52 7
23 53 13
23 54 7
24 0 59
24 1 3
24 2 12
24 3 25
24 4 15
24 5 33
24 6 26
24 7 6
24 8 19
24 9 19
24 10 71
24 11 26
24 12 25
24 13 2
24 14 18
24 15 38
24 16 37
24 17 27
24 18 2
24 19 5
24 20 15
24 21 1
24 22 10
24 23 28
24 24 0
24 25 35
24 26 72
24 27 37
24 28 8
24 29 28
24 30 118
24 31 5
24 32 19
24 33 83
24 34 22
24 35 39
24 36 38
24 37 10
24 38 47
24 39 19
24 40 14
24 41 4
24 42 7
24 43 217
24 44 21
24 45 47
24 46 28
24 47 16
24 48 19
24 49 26
24 50 31
24 51 4
24 52 33
24 53 41
24 54 1
25 0 2
25 1 18
25 2 30
25 3 37
25 4 17
25 5 42
25 6 25
25 7 29
25 8 18
25 9 50
25 10 12
25 11 4
25 12 36
25 13 20
25 14 2
25 15 58
25 16 63
25 17 67
25 18 19
25 19 25
25 20 49
25 21 30
25 22 11
25 23 65
25 24 29
25 25 0
25 26 1
25 27 23
25 28 27
25 29 36
25 30 10
25 31 3
25 32 8
25 33 0
25 34 22
25 35 2
25 36 19
25 37 0
25 38 11
25 39 25
25 40 55
25 41 9
25 42 22
25 43 2
25 44 49
25 45 18
25 46 45
25 47 72
25 48 138
25 49 37
25 50 31
25 51 13
25 52 5
25 53 36
25 54 5
26 0 55
26 1 26
26 2 23
26 3 17
26 4 12
26 5 9
26 6 6
26 7 1
26 8 97
26 9 15
26 10 21
26 11 305
26 12 20
26 13 26
26 14 13
26 15 59
26 16 36
26 17 65
26 18 6
26 19 7
26 20 23
26 21 10
26 22 5
26 23 3
26 24 76
26 25 11
26 26 0
26 27 9
26 28 18
26 29 82
26 30 38
26 31 16
26 32 27
26 33 54
26 34 9
26 35 34
26 36 86
26 37 14
26 38 73
26 39 7
26 40 26
26 41 13
26 42 17
26 43 65
26 44 37
26 45 80
26 46 12
26 47 12
26 48 4
26 49 18
26 50 0
26 51 17
26 52 65
26 53 49
26 54 33
27 0 47
27 1 2
27 2 10
27 3 29
27 4 1
27 5 21
27 6 4
27 7 128
27 8 9
27 9 15
27 10 21
27 11 24
27 12 16
27 13 24
27 14 38
27 15 2
27 16 9
27 17 15
27 18 5
27 19 0
27 20 26
27 21 22
27 22 6
27 23 2
27 24 14
27 25 4
27 26 11
27 27 0
27 28 20
27 29 21
27 30 13
27 31 4
27 32 19
27 33 45
27 34 53
27 35 19
27 36 14
27 37 1
27 38 18
27 39 13
27 40 26
27 41 12
27 42 15
27 43 2
27 44 21
27 45 35
27 46 27
27 47 18
27 48 19
27 49 16
27 50 78
27 51 12
27 52 21
27 53 10
27 54 11
28 0 3
28 1 1
28 2 44
28 3 5
28 4 11
28 5 4
28 6 15
28 7 21
28 8 19
28 9 21
28 10 10
28 11 6
28 12 6
28 13 42
28 14 12
28 15 4
28 16 10
28 17 15
28 18 37
28 19 1
28 20 27
28 21 42
28 22 23
28 23 48
28 24 11
28 25 7
28 26 11
28 27 21
28 28 0
28 29 19
28 30 19
28 31 24
28 32 15
28 33 17
28 34 6
28 35 22
28 36 5
28 37 45
28 38 19
28 39 39
28 40 18
28 41 48
28 42 13
28 43 16
28 44 17
28 45 11
28 46 23
28 47 28
28 48 24
28 49 28
28 50 2
28 51 69
28 52 15
28 53 17
28 54 16
29 0 8
29 1 24
29 2 15
29 3 13
29 4 4
29 5 13
29 6 33
29 7 22
29 8 213
29 9 6
29 10 9
29 11 52
29 12 38
29 13 26
29 14 1
29 15 244
29 16 0
29 17 36
29 18 0
29 19 19
29 20 28
29 21 33
29 22 22
29 23 19
29 24 0
29 25 53
29 26 5
29 27 14
29 28 2
29 29 0
29 30 10
29 31 25
29 32 23
29 33 20
29 34 2
29 35 180
29 36 29
29 37 8
29 38 31
29 39 20
29 40 9
29 41 25
29 42 13
29 43 10
29 44 19
29 45 1
29 46 103
29 47 19
29 48 28
29 49 13
29 50 30
29 51 9
29 52 45
29 53 2
29 54 57
30 0 64
30 1 10
30 2 10
30 3 22
30 4 6
30 5 11
30 6 29
30 7 38
30 8 52
30 9 7
30 10 115
30 11 147
30 12 25
30 13 20
30 14 82
30 15 23
30 16 5
30 17 79
30 18 24
30 19 22
30 20 17
30 21 11
30 22 5
30 23 26
30 24 116
30 25 12
30 26 20
30 27 10
30 28 18
30 29 29
30 30 0
30 31 4
30 32 31
30 33 5
30 34 9
30 35 16
30 36 16
30 37 4
30 38 9
30 39 9
30 40 7
30 41 7
30 42 8
30 43 20
30 44 30
30 45 99
30 46 23
30 47 19
30 48 22
30 49 0
30 50 0
30 51 11
30 52 147
30 53 170
30 54 19
31 0 21
31 1 75
31 2 8
31 3 17
31 4 1
31 5 36
31 6 80
31 7 3
31 8 14
31 9 34
31 10 12
31 11 19
31 12 15
31 13 150
31 14 7
31 15 8
31 16 42
31 17 20
31 18 34
31 19 15
31 20 9
31 21 78
31 22 36
31 23 103
31 24 25
31 25 71
31 26 4
31 27 7
31 28 24
31 29 10
31 30 29
31 31 0
31 32 67
31 33 28
31 34 10
31 35 15
31 36 14
31 37 19
31 38 20
31 39 6
31 40 18
31 41 18
31 42 22
31 43 23
31 44 33
31 45 15
31 46 14
31 47 112
31 48 54
31 49 8
31 50 36
31 51 16
31 52 10
31 53 6
31 54 22
32 0 1
32 1 48
32 2 27
32 3 96
32 4 53
32 5 43
32 6 62
32 7 24
32 8 33
32 9 13
32 10 1
32 11 10
32 12 16
32 13 5
32 14 0
32 15 0
32 16 35
32 17 11
32 18 12
32 19 35
32 20 166
32 21 233
32 22 8
32 23 87
32 24 5
32 25 35
32 26 4
32 27 38
32 28 5
32 29 10
32 30 0
32 31 12
32 32 0
32 33 24
32 34 2
32 35 17
32 36 28
32 37 22
32 38 24
32 39 20
32 40 11
32 41 42
32 42 30
32 43 10
32 44 39
32 45 2
32 46 5
32 47 48
32 48 36
32 49 24
32 50 65
32 51 2
32 52 28
32 53 9
32 54 2
33 0 9
33 1 20
33 2 11
33 3 20
33 4 4
33 5 13
33 6 18
33 7 23
33 8 27
33 9 13
33 10 60
33 11 35
33 12 4
33 13 28
33 14 93
33 15 29
33 16 37
33 17 24
33 18 13
33 19 16
33 20 20
33 21 28
33 22 10
33 23 13
33 24 50
33 25 20
33 26 18
33 27 14
33 28 11
33 29 21
33 30 67
33 31 15
33 32 18
33 33 0
33 34 37
33 35 18
33 36 2
33 37 17
33 38 11
33 39 7
33 40 15
33 41 22
33 42 15
33 43 256
33 44 24
33 45 47
33 46 42
33 47 13
33 48 9
33 49 23
33 50 46
33 51 11
33 52 77
33 53 29
33 54 1
34 0 24
34 1 12
34 2 10
34 3 13
34 4 32
34 5 41
34 6 12
34 7 27
34 8 7
34 9 9
34 10 20
34 11 19
34 12 11
34 13 8
34 14 15
34 15 6
34 16 5
34 17 19
34 18 9
34 19 41
34 20 28
34 21 22
34 22 18
34 23 33
34 24 0
34 25 2
34 26 17
34 27 99
34 28 14
34 29 9
34 30 18
34 31 9
34 32 2
34 33 24
34 34 0
34 35 3
34 36 13
34 37 0
34 38 0
34 39 8
34 40 21
34 41 22
34 42 42
34 43 11
34 44 14
34 45 27
34 46 17
34 47 23
34 48 2
34 49 54
34 50 39
34 51 4
34 52 26
34 53 5
34 54 17
35 0 27
35 1 32
35 2 10
35 3 7
35 4 13
35 5 3
35 6 25
35 7 7
35 8 90
35 9 9
35 10 14
35 11 43
35 12 19
35 13 13
35 14 9
35 15 334
35 16 45
35 17 36
35 18 10
35 19 4
35 20 14
35 21 27
35 22 19
35 23 0
35 24 32
35 25 3
35 26 73
35 27 24
35 28 8
35 29 87
35 30 38
35 31 32
35 32 28
35 33 14
35 34 14
35 35 0
35 36 32
35 37 18
35 38 131
35 39 11
35 40 3
35 41 9
35 42 5
35 43 10
35 44 27
35 45 26
35 46 119
35 47 40
35 48 40
35 49 1
35 50 15
35 51 18
35 52 36
35 53 40
35 54 1
36 0 26
36 1 0
36 2 5
36 3 19
36 4 3
36 5 5
36 6 25
36 7 19
36 8 22
36 9 16
36 10 73
36 11 60
36 12 2
36 13 23
36 14 3
36 15 15
36 16 5
36 17 19
36 18 17
36 19 10
36 20 18
36 21 6
36 22 13
36 23 18
36 24 67
36 25 16
36 26 15
36 27 19
36 28 6
36 29 34
36 30 58
36 31 3
36 32 13
36 33 16
36 34 13
36 35 41
36 36 0
36 37 15
36 38 76
36 39 8
36 40 5
36 41 10
36 42 4
36 43 36
36 44 9
36 45 3
36 46 22
36 47 14
36 48 17
36 49 16
36 50 3
36 51 15
36 52 8
36 53 76
36 54 24
37 0 12
37 1 1
37 2 29
37 3 36
37 4 45
37 5 14
37 6 21
37 7 21
37 8 6
37 9 3
37 10 7
37 11 4
37 12 17
37 13 21
37 14 11
37 15 0
37 16 20
37 17 14
37 18 1
37 19 0
37 20 24
37 21 2
37 22 34
37 23 2
37 24 3
37 25 4
37 26 2
37 27 19
37 28 58
37 29 0
37 30 17
37 31 4
37 32 30
37 33 5
37 34 15
37 35 8
37 36 11
37 37 0
37 38 14
37 39 66
37 40 7
37 41 19
37 42 4
37 43 6
37 44 20
37 45 3
37 46 5
37 47 32
37 48 12
37 49 1
37 50 11
37 51 93
37 52 7
37 53 6
37 54 11
38 0 32
38 1 19
38 2 22
38 3 16
38 4 8
38 5 2
38 6 12
38 7 7
38 8 80
38 9 13
38 10 40
38 11 62
38 12 6
38 13 10
38 14 20
38 15 32
38 16 20
38 17 11
38 18 19
38 19 14
38 20 15
38 21 31
38 22 9
38 23 12
38 24 20
38 25 1
38 26 110
38 27 6
38 28 6
38 29 197
38 30 26
38 31 25
38 32 16
38 33 6
38 34 20
38 35 127
38 36 84
38 37 12
38 38 0
38 39 8
38 40 17
38 41 14
38 42 4
38 43 21
38 44 14
38 45 3
38 46 41
38 47 13
38 48 51
38 49 17
38 50 25
38 51 0
38 52 4
38 53 11
38 54 46
39 0 0
39 1 1
39 2 5
39 3 6
39 4 7
39 5 24
39 6 2
39 7 25
39 8 0
39 9 4
39 10 19
39 11 10
39 12 0
39 13 15
39 14 4
39 15 17
39 16 28
39 17 0
39 18 6
39 19 55
39 20 3
39 21 45
39 22 33
39 23 50
39 24 11
39 25 3
39 26 11
39 27 0
39 28 41
39 29 2
39 30 21
39 31 11
39 32 14
39 33 9
39 34 5
39 35 15
39 36 6
39 37 52
39 38 13
39 39 0
39 40 4
39 41 4
39 42 18
39 43 19
39 44 14
39 45 21
39 46 16
39 47 6
39 48 8
39 49 32
39 50 1
39 51 83
39 52 2
39 53 5
39 54 10
40 0 17
40 1 148
40 2 86
40 3 21
40 4 30
40 5 40
40 6 105
40 7 10
40 8 34
40 9 13
40 10 3
40 11 23
40 12 87
40 13 22
40 14 13
40 15 14
40 16 25
40 17 15
40 18 1
40 19 24
40 20 50
40 21 49
40 22 77
40 23 47
40 24 1
40 25 28
40 26 12
40 27 20
40 28 43
40 29 4
40 30 21
40 31 180
40 32 11
40 33 20
40 34 19
40 35 24
40 36 14
40 37 3
40 38 28
40 39 11
40 40 0
40 41 85
40 42 6
40 43 23
40 44 54
40 45 7
40 46 8
40 47 1
40 48 12
40 49 24
40 50 19
40 51 18
40 52 28
40 53 20
40 54 40
41 0 29
41 1 18
41 2 289
41 3 21
41 4 1
41 5 32
41 6 45
41 7 9
41 8 1
41 9 51
41 10 2
41 11 11
41 12 1
41 13 47
41 14 11
41 15 14
41 16 35
41 17 25
41 18 55
41 19 1
41 20 36
41 21 48
41 22 65
41 23 24
41 24 12
41 25 21
41 26 24
41 27 15
41 28 33
41 29 15
41 30 13
41 31 7
41 32 5
41 33 6
41 34 1
41 35 27
41 36 3
41 37 9
41 38 10
41 39 35
41 40 55
41 41 0
41 42 15
41 43 0
41 44 26
41 45 23
41 46 17
41 47 40
41 48 47
41 49 12
41 50 10
41 51 35
41 52 14
41 53 5
41 54 24
42 0 2
42 1 24
42 2 4
42 3 66
42 4 16
42 5 31
42 6 21
42 7 36
42 8 18
42 9 1
42 10 5
42 11 21
42 12 8
42 13 18
42 14 4
42 15 18
42 16 15
42 17 6
42 18 13
42 19 23
42 20 11
42 21 44
42 22 30
42 23 18
42 24 18
42 25 7
42 26 10
42 27 8
42 28 9
42 29 3
42 30 12
42 31 12
42 32 40
42 33 9
42 34 7
42 35 22
42 36 5
42 37 0
42 38 10
42 39 29
42 40 12
42 41 0
42 42 0
42 43 11
42 44 17
42 45 9
42 46 12
42 47 39
42 48 12
42 49 178
42 50 12
42 51 12
42 52 3
42 53 6
42 54 4
43 0 78
43 1 16
43 2 9
43 3 12
43 4 24
43 5 8
43 6 14
43 7 25
43 8 19
43 9 7
43 10 28
43 11 14
43 12 13
43 13 14
43 14 123
43 15 35
43 16 1
43 17 28
43 18 7
43 19 17
43 20 36
43 21 7
43 22 6
43 23 6
43 24 231
43 25 8
43 26 40
43 27 27
43 28 14
43 29 11
43 30 136
43 31 17
43 32 39
43 33 280
43 34 8
43 35 3
43 36 26
43 37 12
43 38 29
43 39 15
43 40 6
43 41 12
43 42 24
43 43 0
43 44 22
43 45 96
43 46 5
43 47 2
43 48 15
43 49 2
43 50 16
43 51 2
43 52 34
43 53 106
43 54 8
44 0 14
44 1 16
44 2 55
44 3 34
44 4 1
44 5 3
44 6 38
44 7 2
44 8 56
44 9 72
44 10 0
44 11 26
44 12 111
44 13 51
44 14 9
44 15 56
44 16 21
44 17 26
44 18 80
44 19 13
44 20 20
44 21 7
44 22 26
44 23 38
44 24 19
44 25 4
44 26 18
44 27 4
44 28 7
44 29 20
44 30 10
44 31 36
44 32 0
44 33 24
44 34 9
44 35 68
44 36 24
44 37 13
44 38 45
44 39 15
44 40 3
44 41 42
44 42 12
44 43 2
44 44 0
44 45 18
44 46 54
44 47 38
44 48 98
44 49 3
44 50 9
44 51 14
44 52 26
44 53 23
44 54 93
45 0 100
45 1 1
45 2 0
45 3 0
45 4 15
45 5 21
45 6 7
45 7 33
45 8 51
45 9 9
45 10 122
45 11 16
45 12 14
45 13 5
45 14 87
45 15 9
45 16 4
45 17 12
45 18 18
45 19 25
45 20 2
45 21 21
45 22 12
45 23 22
45 24 94
45 25 24
45 26 73
45 27 37
45 28 5
45 29 55
45 30 212
45 31 14
45 32 28
45 33 85
45 34 9
45 35 55
45 36 59
45 37 5
45 38 36
45 39 5
45 40 17
45 41 21
45 42 14
45 43 115
45 44 23
45 45 0
45 46 38
45 47 9
45 48 5
45 49 28
45 50 1
45 51 19
45 52 194
45 53 147
45 54 19
46 0 45
46 1 31
46 2 25
46 3 14
46 4 1
46 5 8
46 6 6
46 7 26
46 8 107
46 9 16
46 10 1
46 11 82
46 12 1
46 13 11
46 14 30
46 15 84
46 16 104
46 17 266
46 18 20
46 19 19
46 20 37
46 21 9
46 22 2
46 23 44
46 24 26
46 25 53
46 26 27
46 27 19
46 28 20
46 29 67
46 30 54
46 31 8
46 32 49
46 33 17
46 34 10
46 35 79
46 36 41
46 37 16
46 38 41
46 39 19
46 40 40
46 41 31
46 42 4
46 43 9
46 44 65
46 45 21
46 46 0
46 47 36
46 48 59
46 49 14
46 50 5
46 51 16
46 52 30
46 53 38
46 54 22
47 0 34
47 1 82
47 2 50
47 3 31
47 4 1
47 5 25
47 6 179
47 7 12
47 8 10
47 9 6
47 10 29
47 11 28
47 12 61
47 13 16
47 14 28
47 15 3
47 16 72
47 17 46
47 18 35
47 19 24
47 20 33
47 21 10
47 22 75
47 23 121
47 24 29
47 25 93
47 26 11
47 27 14
47 28 6
47 29 4
47 30 28
47 31 128
47 32 4
47 33 23
47 34 17
47 35 38
47 36 10
47 37 2
47 38 1
47 39 36
47 40 24
47 41 63
47 42 15
47 43 18
47 44 38
47 45 17
47 46 8
47 47 0
47 48 31
47 49 15
47 50 40
47 51 28
47 52 25
47 53 29
47 54 3
48 0 10
48 1 1
48 2 8
48 3 4
48 4 8
48 5 2
48 6 72
48 7 21
48 8 79
48 9 18
48 10 39
48 11 14
48 12 48
48 13 44
48 14 25
48 15 84
48 16 120
48 17 64
48 18 7
48 19 24
48 20 33
48 21 12
48 22 35
48 23 32
48 24 7
48 25 21
48 26 35
48 27 10
48 28 15
48 29 4
48 30 28
48 31 14
48 32 40
48 33 30
48 34 13
48 35 9
48 36 8
48 37 19
48 38 14
48 39 25
48 40 53
48 41 4
48 42 23
48 43 11
48 44 100
48 45 26
48 46 72
48 47 59
48 48 0
48 49 3
48 50 20
48 51 17
48 52 30
48 53 20
48 54 61
49 0 7
49 1 24
49 2 4
49 3 82
49 4 180
49 5 101
49 6 5
49 7 46
49 8 15
49 9 4
49 10 28
49 11 27
49 12 8
49 13 39
49 14 39
49 15 23
49 16 13
49 17 25
49 18 17
49 19 31
49 20 90
49 21 15
49 22 27
49 23 8
49 24 24
49 25 5
49 26 9
49 27 9
49 28 5
49 29 20
49 30 10
49 31 31
49 32 15
49 33 0
49 34 66
49 35 27
49 36 23
49 37 18
49 38 10
49 39 40
49 40 19
49 41 14
49 42 138
49 43 20
49 44 0
49 45 28
49 46 23
49 47 52
49 48 3
49 49 0
49 50 71
49 51 17
49 52 12
49 53 5
49 54 22
50 0 64
50 1 28
50 2 12
50 3 21
50 4 60
50 5 87
50 6 49
50 7 25
50 8 23
50 9 8
50 10 18
50 11 3
50 12 1
50 13 36
50 14 37
50 15 11
50 16 25
50 17 2
50 18 8
50 19 51
50 20 82
50 21 55
50 22 6
50 23 18
50 24 29
50 25 11
50 26 22
50 27 19
50 28 16
50 29 2
50 30 32
50 31 7
50 32 32
50 33 5
50 34 10
50 35 25
50 36 2
50 37 16
50 38 31
50 39 20
50 40 23
50 41 7
50 42 0
50 43 42
50 44 5
50 45 31
50 46 40
50 47 42
50 48 35
50 49 96
50 50 0
50 51 12
50 52 57
50 53 28
50 54 21
51 0 7
51 1 36
51 2 13
51 3 8
51 4 34
51 5 15
51 6 3
51 7 8
51 8 19
51 9 5
51 10 14
51 11 13
51 12 11
51 13 13
51 14 1
51 15 9
51 16 7
51 17 15
51 18 20
51 19 35
51 20 3
51 21 12
51 22 15
51 23 36
51 24 7
51 25 15
51 26 17
51 27 18
51 28 29
51 29 12
51 30 9
51 31 0
51 32 2
51 33 9
51 34 19
51 35 20
51 36 15
51 37 203
51 38 17
51 39 86
51 40 17
51 41 1
51 42 33
51 43 11
51 44 8
51 45 5
51 46 11
51 47 1
51 48 19
51 49 26
51 50 10
51 51 0
51 52 1
51 53 6
51 54 8
52 0 28
52 1 19
52 2 0
52 3 27
52 4 1
52 5 11
52 6 5
52 7 2
52 8 41
52 9 8
52 10 85
52 11 28
52 12 19
52 13 10
52 14 145
52 15 1
52 16 18
52 17 47
52 18 12
52 19 5
52 20 42
52 21 17
52 22 5
52 23 16
52 24 171
52 25 38
52 26 18
52 27 27
52 28 19
52 29 25
52 30 180
52 31 19
52 32 28
52 33 56
52 34 27
52 35 42
52 36 19
52 37 18
52 38 22
52 39 13
52 40 5
52 41 3
52 42 9
52 43 152
52 44 5
52 45 37
52 46 32
52 47 29
52 48 4
52 49 27
52 50 32
52 51 6
52 52 0
52 53 16
52 54 7
53 0 75
53 1 21
53 2 15
53 3 9
53 4 0
53 5 23
53 6 31
53 7 26
53 8 13
53 9 13
53 10 44
53 11 54
53 12 5
53 13 2
53 14 19
53 15 30
53 16 38
53 17 68
53 18 3
53 19 7
53 20 23
53 21 10
53 22 2
53 23 27
53 24 2
53 25 7
53 26 84
53 27 7
53 28 17
53 29 28
53 30 146
53 31 14
53 32 37
53 33 12
53 34 16
53 35 19
53 36 36
53 37 11
53 38 35
53 39 6
53 40 13
53 41 2
53 42 12
53 43 139
53 44 17
53 45 35
53 46 54
53 47 4
53 48 0
53 49 15
53 50 25
53 51 6
53 52 106
53 53 0
53 54 24
54 0 36
54 1 44
54 2 8
54 3 4
54 4 22
54 5 20
54 6 41
54 7 6
54 8 28
54 9 25
54 10 26
54 11 38
54 12 1
54 13 4
54 14 17
54 15 90
54 16 43
54 17 8
54 18 50
54 19 0
54 20 19
54 21 27
54 22 24
54 23 14
54 24 4
54 25 10
54 26 38
54 27 0
54 28 11
54 29 4
54 30 34
54 31 22
54 32 37
54 33 26
54 34 14
54 35 40
54 36 10
54 37 17
54 38 19
54 39 7
54 40 25
54 41 11
54 42 19
54 43 17
54 44 69
54 45 29
54 46 62
54 47 16
54 48 20
54 49 6
54 50 27
54 51 16
54 52 21
54 53 24
54 54 0
