#So luong nut la la
60
#Toa do cac nut
11.723910148670068 19.771972365291298 0.0
3.502809163163818 16.022777778120926 0.0
5.2445641949289366 15.863717183342795 0.0
16.794480742489945 0.26244469703729045 0.0
18.62003557489782 6.12603279420315 0.0
1.1397323708378657 0.0009632945011214256 0.0
19.82335321955703 6.57022753946158 0.0
13.406135965163745 1.4064623418527753 0.0
9.401372751956956 2.152140747146396 0.0
13.352414167721783 14.123300512533289 0.0
18.29785166002223 1.0516740262305528 0.0
12.044785289872838 10.828430100601068 0.0
16.709216872535226 10.005942549221986 0.0
14.308698866046228 2.3087826342443085 0.0
15.452716368388476 0.251948732763006 0.0
7.9508388384613164 1.2627135770935674 0.0
8.413919090869257 3.1389871354928345 0.0
0.7165602903742174 2.804954822182145 0.0
6.356335111821326 16.83959505373116 0.0
4.657302990032354 0.8046436886035289 0.0
1.292846683495183 9.532747977488626 0.0
7.407348479756199 4.443501747180041 0.0
8.110768435441289 0.2806668860329071 0.0
14.784696675702923 5.288441412114878 0.0
9.063066755100321 12.211899424204818 0.0
0.07011500020342398 12.237044410774235 0.0
14.993798322049368 6.475323140705969 0.0
9.729355732509408 1.9910826839772469 0.0
1.9367336771449513 2.372291106609774 0.0
11.614660516347506 11.14043213178461 0.0
10.599246334207203 1.2345683010367077 0.0
2.9571919881027355 0.05524806184347275 0.0
15.655412806839756 12.612820898906477 0.0
5.696160813750435 4.648971293967188 0.0
6.6033285301655615 2.379767923558145 0.0
18.823697400182006 3.5688482312362164 0.0
12.713820836618435 8.13798274361445 0.0
19.075235113338124 3.612326358438141 0.0
3.6806173319688913 1.2537080061961978 0.0
5.720733325333124 7.201509161860656 0.0
12.069575886531199 2.6884189762420667 0.0
4.082549503032749 1.8960599637120448 0.0
1.0966409572643938 17.851081773472497 0.0
5.777375104535201 13.038237197243735 0.0
6.0629514000187275 18.759574687669488 0.0
2.489250208794614 11.245579620818203 0.0
6.333744978352908 6.1356736297945025 0.0
4.443815226309912 8.303602463532934 0.0
13.392540676475738 2.8256570832191534 0.0
14.670494803308877 11.100152195544918 0.0
8.11881454027752 5.427687237855611 0.0
12.3845181300569 9.88056618270581 0.0
13.974625465602118 5.422959743157684 0.0
3.8495074916854612 0.4657159113979653 0.0
12.87283977966342 3.5968621138961607 0.0
16.596015690597458 3.4494389410944177 0.0
0.9972137210748252 1.7071029624829925 0.0
13.179806902136162 8.8187286244654 0.0
15.23272411815728 11.308472913200102 0.0
8.607949320276818 12.124480622091768 0.0
#Ma tran yeu cau D
#source_index dest_index bw don vi Mbps
0 0 0
0 1 27
0 2 10
0 3 1
0 4 2
0 5 4
0 6 10
0 7 4
0 8 18
0 9 40
0 10 2
0 11 32
0 12 7
0 13 6
0 14 15
0 15 17
0 16 17
0 17 7
0 18 7
0 19 17
0 20 3
0 21 24
0 22 12
0 23 15
0 24 25
0 25 14
0 26 23
0 27 20
0 28 19
0 29 34
0 30 19
0 31 10
0 32 6
0 33 22
0 34 1
0 35 1
0 36 30
0 37 6
0 38 16
0 39 17
0 40 15
0 41 6
0 42 10
0 43 25
0 44 18
0 45 10
0 46 24
0 47 24
0 48 14
0 49 5
0 50 26
0 51 26
0 52 13
0 53 1
0 54 22
0 55 3
0 56 4
0 57 29
0 58 26
0 59 39
1 0 40
1 1 0
1 2 165
1 3 12
1 4 8
1 5 11
1 6 10
1 7 18
1 8 23
1 9 11
1 10 10
1 11 27
1 12 19
1 13 0
1 14 5
1 15 11
1 16 2
1 17 28
1 18 73
1 19 2
1 20 21
1 21 11
1 22 23
1 23 25
1 24 57
1 25 26
1 26 6
1 27 22
1 28 20
1 29 36
1 30 15
1 31 6
1 32 20
1 33 21
1 34 16
1 35 12
1 36 25
1 37 1
1 38 21
1 39 34
1 40 15
1 41 8
1 42 101
1 43 100
1 44 33
1 45 79
1 46 31
1 47 8
1 48 13
1 49 30
1 50 20
1 51 27
1 52 3
1 53 22
1 54 16
1 55 18
1 56 20
1 57 8
1 58 4
1 59 32
2 0 34
2 1 105
2 2 0
2 3 16
2 4 11
2 5 1
2 6 1
2 7 17
2 8 22
2 9 14
2 10 12
2 11 44
2 12 29
2 13 20
2 14 2
2 15 24
2 16 2
2 17 6
2 18 16
2 19 10
2 20 34
2 21 23
2 22 0
2 23 22
2 24 46
2 25 25
2 26 27
2 27 26
2 28 2
2 29 29
2 30 6
2 31 20
2 32 34
2 33 31
2 34 2
2 35 1
2 36 18
2 37 17
2 38 1
2 39 9
2 40 5
2 41 20
2 42 14
2 43 33
2 44 78
2 45 2
2 46 27
2 47 23
2 48 17
2 49 27
2 50 9
2 51 23
2 52 19
2 53 22
2 54 1
2 55 21
2 56 7
2 57 25
2 58 32
2 59 70
3 0 16
3 1 3
3 2 20
3 3 0
3 4 52
3 5 4
3 6 51
3 7 23
3 8 3
3 9 4
3 10 85
3 11 4
3 12 14
3 13 80
3 14 12
3 15 28
3 16 34
3 17 21
3 18 3
3 19 19
3 20 0
3 21 0
3 22 15
3 23 65
3 24 2
3 25 3
3 26 30
3 27 42
3 28 10
3 29 24
3 30 19
3 31 15
3 32 15
3 33 17
3 34 4
3 35 23
3 36 24
3 37 76
3 38 7
3 39 26
3 40 16
3 41 16
3 42 15
3 43 13
3 44 9
3 45 13
3 46 27
3 47 2
3 48 53
3 49 15
3 50 30
3 51 4
3 52 51
3 53 26
3 54 65
3 55 67
3 56 4
3 57 33
3 58 26
3 59 25
4 0 16
4 1 8
4 2 11
4 3 16
4 4 0
4 5 14
4 6 76
4 7 3
4 8 15
4 9 11
4 10 40
4 11 10
4 12 53
4 13 27
4 14 15
4 15 29
4 16 3
4 17 18
4 18 12
4 19 20
4 20 13
4 21 28
4 22 21
4 23 86
4 24 9
4 25 13
4 26 1
4 27 9
4 28 0
4 29 27
4 30 22
4 31 19
4 32 20
4 33 24
4 34 14
4 35 29
4 36 20
4 37 150
4 38 15
4 39 8
4 40 23
4 41 9
4 42 6
4 43 2
4 44 11
4 45 4
4 46 18
4 47 0
4 48 46
4 49 29
4 50 6
4 51 6
4 52 20
4 53 24
4 54 24
4 55 87
4 56 4
4 57 56
4 58 4
4 59 7
5 0 1
5 1 2
5 2 23
5 3 23
5 4 16
5 5 0
5 6 7
5 7 5
5 8 16
5 9 20
5 10 9
5 11 17
5 12 1
5 13 1
5 14 4
5 15 55
5 16 38
5 17 105
5 18 14
5 19 99
5 20 24
5 21 2
5 22 54
5 23 14
5 24 7
5 25 17
5 26 24
5 27 43
5 28 49
5 29 6
5 30 2
5 31 10
5 32 6
5 33 18
5 34 55
5 35 21
5 36 24
5 37 11
5 38 33
5 39 6
5 40 17
5 41 42
5 42 21
5 43 5
5 44 5
5 45 21
5 46 31
5 47 36
5 48 23
5 49 2
5 50 31
5 51 24
5 52 24
5 53 1
5 54 11
5 55 25
5 56 2
5 57 13
5 58 4
5 59 17
6 0 25
6 1 3
6 2 7
6 3 17
6 4 134
6 5 0
6 6 0
6 7 44
6 8 30
6 9 37
6 10 28
6 11 41
6 12 17
6 13 1
6 14 31
6 15 27
6 16 11
6 17 14
6 18 10
6 19 14
6 20 5
6 21 23
6 22 14
6 23 69
6 24 22
6 25 1
6 26 12
6 27 9
6 28 4
6 29 22
6 30 8
6 31 9
6 32 35
6 33 23
6 34 18
6 35 64
6 36 44
6 37 67
6 38 17
6 39 27
6 40 19
6 41 0
6 42 17
6 43 16
6 44 10
6 45 9
6 46 6
6 47 2
6 48 23
6 49 52
6 50 16
6 51 38
6 52 66
6 53 6
6 54 47
6 55 59
6 56 19
6 57 12
6 58 53
6 59 10
7 0 14
7 1 20
7 2 20
7 3 88
7 4 55
7 5 25
7 6 42
7 7 0
7 8 62
7 9 15
7 10 54
7 11 30
7 12 31
7 13 76
7 14 162
7 15 21
7 16 74
7 17 24
7 18 13
7 19 17
7 20 3
7 21 3
7 22 65
7 23 87
7 24 33
7 25 1
7 26 12
7 27 66
7 28 33
7 29 34
7 30 139
7 31 8
7 32 8
7 33 16
7 34 31
7 35 43
7 36 56
7 37 37
7 38 7
7 39 40
7 40 51
7 41 34
7 42 18
7 43 15
7 44 16
7 45 1
7 46 11
7 47 13
7 48 49
7 49 18
7 50 18
7 51 12
7 52 71
7 53 23
7 54 113
7 55 26
7 56 26
7 57 48
7 58 13
7 59 1
8 0 9
8 1 19
8 2 16
8 3 36
8 4 34
8 5 1
8 6 32
8 7 73
8 8 0
8 9 6
8 10 28
8 11 5
8 12 4
8 13 44
8 14 18
8 15 66
8 16 85
8 17 43
8 18 12
8 19 32
8 20 25
8 21 74
8 22 18
8 23 3
8 24 26
8 25 9
8 26 27
8 27 540
8 28 13
8 29 33
8 30 32
8 31 51
8 32 23
8 33 40
8 34 66
8 35 22
8 36 36
8 37 29
8 38 31
8 39 47
8 40 32
8 41 7
8 42 15
8 43 11
8 44 6
8 45 25
8 46 10
8 47 31
8 48 78
8 49 11
8 50 82
8 51 31
8 52 5
8 53 4
8 54 99
8 55 35
8 56 12
8 57 49
8 58 36
8 59 39
9 0 61
9 1 25
9 2 7
9 3 20
9 4 21
9 5 17
9 6 37
9 7 13
9 8 11
9 9 0
9 10 15
9 11 64
9 12 41
9 13 11
9 14 24
9 15 12
9 16 15
9 17 11
9 18 42
9 19 8
9 20 18
9 21 16
9 22 20
9 23 31
9 24 50
9 25 23
9 26 32
9 27 26
9 28 12
9 29 3
9 30 30
9 31 11
9 32 31
9 33 19
9 34 7
9 35 27
9 36 23
9 37 20
9 38 23
9 39 26
9 40 32
9 41 22
9 42 18
9 43 38
9 44 16
9 45 6
9 46 22
9 47 23
9 48 22
9 49 85
9 50 37
9 51 39
9 52 36
9 53 20
9 54 22
9 55 20
9 56 12
9 57 3
9 58 14
9 59 1
10 0 9
10 1 16
10 2 19
10 3 226
10 4 2
10 5 19
10 6 68
10 7 56
10 8 29
10 9 10
10 10 0
10 11 12
10 12 22
10 13 24
10 14 6
10 15 5
10 16 20
10 17 6
10 18 13
10 19 20
10 20 11
10 21 29
10 22 33
10 23 60
10 24 21
10 25 16
10 26 29
10 27 27
10 28 11
10 29 7
10 30 32
10 31 2
10 32 16
10 33 2
10 34 28
10 35 103
10 36 23
10 37 34
10 38 17
10 39 13
10 40 29
10 41 24
10 42 13
10 43 5
10 44 8
10 45 10
10 46 29
10 47 22
10 48 3
10 49 7
10 50 21
10 51 0
10 52 55
10 53 2
10 54 56
10 55 88
10 56 20
10 57 13
10 58 28
10 59 17
11 0 1
11 1 16
11 2 21
11 3 26
11 4 25
11 5 9
11 6 18
11 7 24
11 8 7
11 9 59
11 10 26
11 11 0
11 12 50
11 13 14
11 14 15
11 15 31
11 16 39
11 17 20
11 18 19
11 19 12
11 20 11
11 21 3
11 22 26
11 23 56
11 24 29
11 25 19
11 26 42
11 27 24
11 28 2
11 29 176
11 30 3
11 31 10
11 32 46
11 33 31
11 34 2
11 35 39
11 36 124
11 37 33
11 38 30
11 39 12
11 40 15
11 41 27
11 42 6
11 43 3
11 44 6
11 45 18
11 46 20
11 47 1
11 48 42
11 49 64
11 50 7
11 51 325
11 52 15
11 53 7
11 54 7
11 55 1
11 56 11
11 57 70
11 58 58
11 59 1
12 0 12
12 1 12
12 2 17
12 3 16
12 4 63
12 5 5
12 6 84
12 7 35
12 8 24
12 9 9
12 10 15
12 11 40
12 12 0
12 13 2
12 14 32
12 15 28
12 16 26
12 17 21
12 18 31
12 19 0
12 20 21
12 21 17
12 22 14
12 23 73
12 24 2
12 25 19
12 26 60
12 27 33
12 28 23
12 29 16
12 30 25
12 31 0
12 32 21
12 33 14
12 34 1
12 35 27
12 36 30
12 37 27
12 38 2
12 39 15
12 40 29
12 41 26
12 42 11
12 43 8
12 44 27
12 45 18
12 46 15
12 47 30
12 48 21
12 49 67
12 50 33
12 51 88
12 52 19
12 53 21
12 54 4
12 55 21
12 56 0
12 57 49
12 58 25
12 59 11
13 0 10
13 1 0
13 2 22
13 3 99
13 4 43
13 5 23
13 6 49
13 7 239
13 8 46
13 9 21
13 10 38
13 11 2
13 12 33
13 13 0
13 14 88
13 15 0
13 16 50
13 17 14
13 18 4
13 19 32
13 20 2
13 21 0
13 22 54
13 23 95
13 24 10
13 25 7
13 26 35
13 27 81
13 28 24
13 29 12
13 30 98
13 31 9
13 32 16
13 33 42
13 34 50
13 35 59
13 36 31
13 37 44
13 38 2
13 39 39
13 40 2
13 41 36
13 42 12
13 43 27
13 44 18
13 45 9
13 46 18
13 47 26
13 48 21
13 49 12
13 50 14
13 51 27
13 52 81
13 53 8
13 54 83
13 55 7
13 56 14
13 57 44
13 58 20
13 59 4
14 0 8
14 1 8
14 2 8
14 3 131
14 4 0
14 5 8
14 6 48
14 7 85
14 8 19
14 9 28
14 10 124
14 11 30
14 12 33
14 13 138
14 14 0
14 15 48
14 16 27
14 17 1
14 18 5
14 19 4
14 20 17
14 21 8
14 22 15
14 23 44
14 24 23
14 25 17
14 26 60
14 27 12
14 28 1
14 29 26
14 30 45
14 31 20
14 32 31
14 33 18
14 34 27
14 35 69
14 36 28
14 37 22
14 38 1
14 39 9
14 40 2
14 41 0
14 42 10
14 43 11
14 44 13
14 45 10
14 46 34
14 47 20
14 48 101
14 49 3
14 50 21
14 51 17
14 52 5
14 53 32
14 54 90
14 55 110
14 56 13
14 57 6
14 58 13
14 59 24
15 0 5
15 1 19
15 2 14
15 3 9
15 4 11
15 5 48
15 6 15
15 7 71
15 8 92
15 9 13
15 10 21
15 11 2
15 12 3
15 13 2
15 14 5
15 15 0
15 16 7
15 17 14
15 18 17
15 19 27
15 20 11
15 21 53
15 22 139
15 23 37
15 24 13
15 25 9
15 26 26
15 27 176
15 28 0
15 29 30
15 30 107
15 31 68
15 32 16
15 33 10
15 34 191
15 35 23
15 36 29
15 37 24
15 38 17
15 39 55
15 40 69
15 41 15
15 42 13
15 43 17
15 44 21
15 45 5
15 46 24
15 47 23
15 48 49
15 49 8
15 50 4
15 51 28
15 52 34
15 53 32
15 54 73
15 55 41
15 56 1
15 57 4
15 58 17
15 59 28
16 0 18
16 1 0
16 2 28
16 3 25
16 4 1
16 5 30
16 6 8
16 7 61
16 8 204
16 9 27
16 10 0
16 11 24
16 12 27
16 13 65
16 14 35
16 15 31
16 16 0
16 17 40
16 18 11
16 19 83
16 20 40
16 21 113
16 22 93
16 23 28
16 24 27
16 25 5
16 26 17
16 27 137
16 28 27
16 29 35
16 30 116
16 31 11
16 32 17
16 33 71
16 34 151
16 35 8
16 36 57
16 37 33
16 38 65
16 39 36
16 40 5
16 41 21
16 42 9
16 43 22
16 44 24
16 45 22
16 46 82
16 47 42
16 48 62
16 49 15
16 50 109
16 51 18
16 52 0
16 53 55
16 54 52
16 55 21
16 56 7
16 57 19
16 58 0
16 59 4
17 0 3
17 1 0
17 2 12
17 3 18
17 4 17
17 5 85
17 6 3
17 7 26
17 8 35
17 9 22
17 10 0
17 11 6
17 12 9
17 13 21
17 14 12
17 15 23
17 16 15
17 17 0
17 18 16
17 19 27
17 20 58
17 21 22
17 22 7
17 23 17
17 24 4
17 25 37
17 26 16
17 27 19
17 28 197
17 29 16
17 30 25
17 31 77
17 32 3
17 33 72
17 34 36
17 35 12
17 36 8
17 37 5
17 38 87
17 39 52
17 40 28
17 41 40
17 42 9
17 43 6
17 44 17
17 45 4
17 46 40
17 47 46
17 48 28
17 49 11
17 50 48
17 51 14
17 52 2
17 53 57
17 54 30
17 55 20
17 56 322
17 57 13
17 58 21
17 59 13
18 0 35
18 1 65
18 2 222
18 3 14
18 4 3
18 5 4
18 6 17
18 7 12
18 8 11
18 9 8
18 10 16
18 11 30
18 12 25
18 13 20
18 14 13
18 15 2
18 16 18
18 17 17
18 18 0
18 19 8
18 20 27
18 21 6
18 22 10
18 23 24
18 24 17
18 25 17
18 26 14
18 27 14
18 28 0
18 29 16
18 30 19
18 31 4
18 32 3
18 33 22
18 34 8
18 35 9
18 36 10
18 37 17
18 38 17
18 39 24
18 40 16
18 41 22
18 42 46
18 43 90
18 44 61
18 45 28
18 46 37
18 47 0
18 48 6
18 49 16
18 50 31
18 51 19
18 52 16
18 53 7
18 54 16
18 55 4
18 56 22
18 57 4
18 58 1
18 59 43
19 0 7
19 1 21
19 2 1
19 3 32
19 4 15
19 5 43
19 6 12
19 7 40
19 8 70
19 9 5
19 10 5
19 11 2
19 12 20
19 13 14
19 14 27
19 15 79
19 16 35
19 17 35
19 18 11
19 19 0
19 20 40
19 21 85
19 22 2
19 23 32
19 24 16
19 25 20
19 26 24
19 27 16
19 28 89
19 29 9
19 30 59
19 31 23
19 32 17
19 33 98
19 34 144
19 35 23
19 36 2
19 37 7
19 38 351
19 39 11
19 40 27
19 41 276
19 42 7
19 43 16
19 44 0
19 45 21
19 46 0
19 47 11
19 48 18
19 49 22
19 50 28
19 51 27
19 52 7
19 53 389
19 54 7
19 55 10
19 56 31
19 57 8
19 58 0
19 59 32
20 0 8
20 1 56
20 2 21
20 3 19
20 4 13
20 5 4
20 6 0
20 7 20
20 8 27
20 9 10
20 10 3
20 11 17
20 12 1
20 13 13
20 14 9
20 15 11
20 16 1
20 17 25
20 18 10
20 19 35
20 20 0
20 21 4
20 22 28
20 23 11
20 24 25
20 25 63
20 26 15
20 27 5
20 28 24
20 29 33
20 30 18
20 31 26
20 32 2
20 33 9
20 34 21
20 35 11
20 36 27
20 37 6
20 38 16
20 39 63
20 40 25
20 41 14
20 42 27
20 43 61
20 44 24
20 45 189
20 46 60
20 47 34
20 48 7
20 49 5
20 50 0
20 51 8
20 52 7
20 53 36
20 54 20
20 55 5
20 56 28
20 57 31
20 58 7
20 59 13
21 0 20
21 1 13
21 2 8
21 3 37
21 4 1
21 5 34
21 6 20
21 7 29
21 8 128
21 9 7
21 10 23
21 11 27
21 12 36
21 13 23
21 14 11
21 15 5
21 16 104
21 17 23
21 18 20
21 19 5
21 20 23
21 21 0
21 22 47
21 23 52
21 24 2
21 25 27
21 26 35
21 27 76
21 28 60
21 29 31
21 30 13
21 31 50
21 32 30
21 33 206
21 34 53
21 35 27
21 36 46
21 37 12
21 38 57
21 39 91
21 40 78
21 41 2
21 42 21
21 43 23
21 44 14
21 45 6
21 46 100
21 47 64
21 48 34
21 49 36
21 50 40
21 51 53
21 52 0
21 53 8
21 54 53
21 55 15
21 56 34
21 57 12
21 58 12
21 59 47
22 0 17
22 1 11
22 2 4
22 3 45
22 4 25
22 5 27
22 6 8
22 7 13
22 8 21
22 9 5
22 10 8
22 11 26
22 12 2
22 13 2
22 14 3
22 15 75
22 16 115
22 17 50
22 18 5
22 19 86
22 20 15
22 21 41
22 22 0
22 23 39
22 24 33
22 25 5
22 26 11
22 27 61
22 28 24
22 29 1
22 30 116
22 31 17
22 32 7
22 33 49
22 34 118
22 35 26
22 36 3
22 37 13
22 38 8
22 39 14
22 40 30
22 41 32
22 42 10
22 43 16
22 44 19
22 45 31
22 46 44
22 47 29
22 48 63
22 49 4
22 50 44
22 51 33
22 52 49
22 53 24
22 54 27
22 55 42
22 56 16
22 57 8
22 58 2
22 59 30
23 0 17
23 1 24
23 2 22
23 3 8
23 4 18
23 5 10
23 6 22
23 7 31
23 8 3
23 9 41
23 10 46
23 11 2
23 12 8
23 13 131
23 14 25
23 15 7
23 16 1
23 17 3
23 18 12
23 19 13
23 20 23
23 21 31
23 22 32
23 23 0
23 24 30
23 25 18
23 26 214
23 27 48
23 28 24
23 29 50
23 30 41
23 31 2
23 32 10
23 33 41
23 34 44
23 35 67
23 36 64
23 37 70
23 38 13
23 39 4
23 40 91
23 41 6
23 42 0
23 43 17
23 44 23
23 45 24
23 46 6
23 47 2
23 48 140
23 49 66
23 50 31
23 51 40
23 52 209
23 53 18
23 54 65
23 55 139
23 56 25
23 57 65
23 58 40
23 59 10
24 0 44
24 1 0
24 2 21
24 3 12
24 4 19
24 5 26
24 6 14
24 7 18
24 8 3
24 9 24
24 10 22
24 11 32
24 12 25
24 13 4
24 14 14
24 15 2
24 16 42
24 17 17
24 18 56
24 19 17
24 20 20
24 21 1
24 22 23
24 23 22
24 24 0
24 25 25
24 26 46
24 27 29
24 28 10
24 29 51
24 30 25
24 31 26
24 32 59
24 33 0
24 34 6
24 35 29
24 36 12
24 37 4
24 38 25
24 39 57
24 40 27
24 41 5
24 42 18
24 43 56
24 44 5
24 45 52
24 46 19
24 47 56
24 48 24
24 49 67
24 50 18
24 51 2
24 52 0
24 53 31
24 54 21
24 55 2
24 56 0
24 57 63
24 58 13
24 59 816
25 0 3
25 1 20
25 2 29
25 3 15
25 4 4
25 5 18
25 6 3
25 7 21
25 8 27
25 9 18
25 10 13
25 11 19
25 12 10
25 13 14
25 14 14
25 15 4
25 16 9
25 17 4
25 18 40
25 19 21
25 20 127
25 21 27
25 22 19
25 23 14
25 24 11
25 25 0
25 26 4
25 27 27
25 28 17
25 29 15
25 30 15
25 31 6
25 32 17
25 33 1
25 34 12
25 35 11
25 36 18
25 37 9
25 38 3
25 39 27
25 40 9
25 41 15
25 42 61
25 43 63
25 44 2
25 45 33
25 46 11
25 47 8
25 48 20
25 49 23
25 50 35
25 51 27
25 52 23
25 53 9
25 54 10
25 55 15
25 56 17
25 57 28
25 58 8
25 59 17
26 0 3
26 1 16
26 2 8
26 3 44
26 4 86
26 5 5
26 6 60
26 7 31
26 8 35
26 9 15
26 10 46
26 11 48
26 12 22
26 13 85
26 14 21
26 15 35
26 16 38
26 17 24
26 18 2
26 19 25
26 20 17
26 21 7
26 22 24
26 23 166
26 24 23
26 25 8
26 26 0
26 27 20
26 28 10
26 29 47
26 30 56
26 31 6
26 32 44
26 33 41
26 34 39
26 35 41
26 36 25
26 37 29
26 38 28
26 39 18
26 40 75
26 41 5
26 42 2
26 43 11
26 44 25
26 45 11
26 46 41
26 47 6
26 48 30
26 49 70
26 50 26
26 51 85
26 52 147
26 53 7
26 54 76
26 55 100
26 56 20
26 57 62
26 58 14
26 59 15
27 0 4
27 1 16
27 2 18
27 3 29
27 4 26
27 5 26
27 6 18
27 7 101
27 8 1025
27 9 30
27 10 20
27 11 42
27 12 22
27 13 5
27 14 10
27 15 167
27 16 110
27 17 24
27 18 2
27 19 35
27 20 18
27 21 54
27 22 68
27 23 24
27 24 33
27 25 8
27 26 25
27 27 0
27 28 24
27 29 1
27 30 246
27 31 35
27 32 32
27 33 46
27 34 15
27 35 8
27 36 27
27 37 24
27 38 3
27 39 59
27 40 132
27 41 67
27 42 9
27 43 17
27 44 21
27 45 6
27 46 61
27 47 31
27 48 10
27 49 27
27 50 73
27 51 10
27 52 21
27 53 41
27 54 102
27 55 29
27 56 6
27 57 49
27 58 6
27 59 26
28 0 3
28 1 15
28 2 10
28 3 24
28 4 10
28 5 129
28 6 4
28 7 34
28 8 10
28 9 9
28 10 11
28 11 13
28 12 17
28 13 7
28 14 1
28 15 4
28 16 33
28 17 38
28 18 22
28 19 121
28 20 32
28 21 55
28 22 53
28 23 25
28 24 4
28 25 37
28 26 4
28 27 49
28 28 0
28 29 24
28 30 14
28 31 94
28 32 5
28 33 84
28 34 32
28 35 20
28 36 15
28 37 21
28 38 104
28 39 37
28 40 28
28 41 178
28 42 18
28 43 10
28 44 11
28 45 40
28 46 16
28 47 21
28 48 11
28 49 25
28 50 51
28 51 7
28 52 31
28 53 99
28 54 15
28 55 11
28 56 296
28 57 5
28 58 16
28 59 26
29 0 45
29 1 29
29 2 47
29 3 17
29 4 21
29 5 5
29 6 28
29 7 36
29 8 20
29 9 21
29 10 22
29 11 298
29 12 29
29 13 3
29 14 31
29 15 18
29 16 18
29 17 17
29 18 17
29 19 27
29 20 25
29 21 23
29 22 14
29 23 58
29 24 51
29 25 10
29 26 40
29 27 2
29 28 12
29 29 0
29 30 11
29 31 12
29 32 5
29 33 17
29 34 20
29 35 25
29 36 92
29 37 31
29 38 0
29 39 22
29 40 9
29 41 28
29 42 30
29 43 25
29 44 17
29 45 30
29 46 7
29 47 46
29 48 2
29 49 118
29 50 13
29 51 262
29 52 45
29 53 11
29 54 42
29 55 19
29 56 21
29 57 93
29 58 103
29 59 17
30 0 7
30 1 22
30 2 14
30 3 38
30 4 32
30 5 38
30 6 2
30 7 70
30 8 73
30 9 1
30 10 2
30 11 1
30 12 19
30 13 65
30 14 55
30 15 62
30 16 36
30 17 25
30 18 19
30 19 42
30 20 25
30 21 28
30 22 2
30 23 33
30 24 21
30 25 7
30 26 28
30 27 337
30 28 45
30 29 12
30 30 0
30 31 12
30 32 18
30 33 29
30 34 30
30 35 22
30 36 41
30 37 11
30 38 13
30 39 45
30 40 163
30 41 12
30 42 6
30 43 26
30 44 1
30 45 0
30 46 8
30 47 39
30 48 37
30 49 32
30 50 28
30 51 5
30 52 39
30 53 44
30 54 108
30 55 22
30 56 36
30 57 39
30 58 24
30 59 2
31 0 3
31 1 23
31 2 8
31 3 6
31 4 17
31 5 155
31 6 6
31 7 9
31 8 11
31 9 18
31 10 6
31 11 19
31 12 10
31 13 20
31 14 15
31 15 16
31 16 61
31 17 61
31 18 5
31 19 198
31 20 37
31 21 16
31 22 42
31 23 30
31 24 6
31 25 23
31 26 29
31 27 3
31 28 118
31 29 13
31 30 10
31 31 0
31 32 4
31 33 74
31 34 29
31 35 16
31 36 31
31 37 0
31 38 194
31 39 43
31 40 24
31 41 76
31 42 4
31 43 7
31 44 10
31 45 2
31 46 39
31 47 33
31 48 12
31 49 6
31 50 36
31 51 2
31 52 26
31 53 289
31 54 0
31 55 3
31 56 36
31 57 10
31 58 16
31 59 5
32 0 1
32 1 15
32 2 36
32 3 4
32 4 40
32 5 2
32 6 53
32 7 17
32 8 17
32 9 116
32 10 5
32 11 56
32 12 103
32 13 7
32 14 24
32 15 7
32 16 9
32 17 13
32 18 37
32 19 7
32 20 0
32 21 13
32 22 10
32 23 53
32 24 54
32 25 23
32 26 52
32 27 30
32 28 9
32 29 71
32 30 26
32 31 6
32 32 0
32 33 22
32 34 9
32 35 10
32 36 12
32 37 41
32 38 8
32 39 14
32 40 25
32 41 20
32 42 17
32 43 13
32 44 0
32 45 28
32 46 9
32 47 0
32 48 29
32 49 147
32 50 2
32 51 69
32 52 34
32 53 12
32 54 7
32 55 15
32 56 11
32 57 73
32 58 129
32 59 31
33 0 21
33 1 4
33 2 30
33 3 26
33 4 28
33 5 48
33 6 9
33 7 27
33 8 21
33 9 22
33 10 3
33 11 7
33 12 32
33 13 32
33 14 29
33 15 51
33 16 38
33 17 46
33 18 7
33 19 10
33 20 32
33 21 29
33 22 25
33 23 5
33 24 47
33 25 23
33 26 5
33 27 41
33 28 72
33 29 12
33 30 56
33 31 21
33 32 22
33 33 0
33 34 43
33 35 21
33 36 7
33 37 25
33 38 26
33 39 100
33 40 47
33 41 80
33 42 28
33 43 32
33 44 11
33 45 51
33 46 89
33 47 62
33 48 2
33 49 10
33 50 42
33 51 7
33 52 38
33 53 25
33 54 43
33 55 18
33 56 52
33 57 39
33 58 27
33 59 7
34 0 15
34 1 18
34 2 23
34 3 19
34 4 7
34 5 4
34 6 8
34 7 14
34 8 107
34 9 27
34 10 21
34 11 0
34 12 20
34 13 1
34 14 16
34 15 180
34 16 100
34 17 45
34 18 13
34 19 72
34 20 22
34 21 149
34 22 148
34 23 42
34 24 32
34 25 0
34 26 10
34 27 1
34 28 6
34 29 16
34 30 45
34 31 15
34 32 9
34 33 123
34 34 0
34 35 9
34 36 7
34 37 4
34 38 29
34 39 26
34 40 36
34 41 38
34 42 1
34 43 1
34 44 0
34 45 13
34 46 24
34 47 45
34 48 38
34 49 16
34 50 85
34 51 19
34 52 27
34 53 28
34 54 49
34 55 24
34 56 0
34 57 8
34 58 11
34 59 36
35 0 5
35 1 17
35 2 15
35 3 74
35 4 9
35 5 14
35 6 31
35 7 21
35 8 27
35 9 28
35 10 136
35 11 36
35 12 54
35 13 72
35 14 45
35 15 23
35 16 18
35 17 17
35 18 20
35 19 13
35 20 19
35 21 21
35 22 13
35 23 80
35 24 26
35 25 10
35 26 67
35 27 31
35 28 9
35 29 0
35 30 3
35 31 21
35 32 4
35 33 19
35 34 5
35 35 0
35 36 5
35 37 1019
35 38 4
35 39 9
35 40 40
35 41 19
35 42 0
35 43 17
35 44 18
35 45 6
35 46 30
35 47 10
35 48 28
35 49 40
35 50 20
35 51 23
35 52 37
35 53 25
35 54 34
35 55 44
35 56 16
35 57 16
35 58 12
35 59 20
36 0 4
36 1 16
36 2 17
36 3 17
36 4 47
36 5 15
36 6 51
36 7 37
36 8 53
36 9 64
36 10 22
36 11 128
36 12 30
36 13 2
36 14 35
36 15 10
36 16 57
36 17 26
36 18 20
36 19 22
36 20 8
36 21 19
36 22 0
36 23 3
36 24 30
36 25 21
36 26 72
36 27 30
36 28 30
36 29 73
36 30 23
36 31 0
36 32 55
36 33 43
36 34 21
36 35 0
36 36 0
36 37 24
36 38 28
36 39 1
36 40 40
36 41 21
36 42 17
36 43 23
36 44 17
36 45 13
36 46 28
36 47 19
36 48 69
36 49 8
36 50 54
36 51 224
36 52 72
36 53 33
36 54 54
36 55 53
36 56 12
36 57 21
36 58 39
36 59 31
37 0 18
37 1 6
37 2 3
37 3 16
37 4 18
37 5 6
37 6 40
37 7 61
37 8 17
37 9 32
37 10 51
37 11 28
37 12 36
37 13 62
37 14 19
37 15 7
37 16 36
37 17 19
37 18 9
37 19 14
37 20 17
37 21 31
37 22 8
37 23 71
37 24 26
37 25 6
37 26 58
37 27 16
37 28 12
37 29 0
37 30 8
37 31 3
37 32 23
37 33 20
37 34 25
37 35 971
37 36 48
37 37 0
37 38 4
37 39 20
37 40 17
37 41 20
37 42 12
37 43 9
37 44 15
37 45 21
37 46 11
37 47 21
37 48 42
37 49 36
37 50 1
37 51 39
37 52 44
37 53 4
37 54 27
37 55 75
37 56 3
37 57 9
37 58 14
37 59 1
38 0 6
38 1 22
38 2 26
38 3 8
38 4 18
38 5 109
38 6 20
38 7 37
38 8 33
38 9 2
38 10 15
38 11 6
38 12 17
38 13 30
38 14 3
38 15 80
38 16 61
38 17 119
38 18 5
38 19 319
38 20 26
38 21 48
38 22 40
38 23 19
38 24 5
38 25 15
38 26 15
38 27 5
38 28 21
38 29 12
38 30 18
38 31 112
38 32 9
38 33 43
38 34 93
38 35 6
38 36 33
38 37 11
38 38 0
38 39 49
38 40 42
38 41 446
38 42 20
38 43 1
38 44 16
38 45 27
38 46 51
38 47 23
38 48 31
38 49 4
38 50 18
38 51 26
38 52 7
38 53 194
38 54 13
38 55 0
38 56 103
38 57 0
38 58 20
38 59 5
39 0 18
39 1 5
39 2 30
39 3 0
39 4 6
39 5 9
39 6 18
39 7 13
39 8 25
39 9 11
39 10 7
39 11 15
39 12 0
39 13 25
39 14 31
39 15 36
39 16 8
39 17 1
39 18 9
39 19 47
39 20 13
39 21 55
39 22 50
39 23 41
39 24 4
39 25 27
39 26 19
39 27 8
39 28 63
39 29 55
39 30 30
39 31 1
39 32 6
39 33 90
39 34 32
39 35 9
39 36 29
39 37 13
39 38 62
39 39 0
39 40 26
39 41 25
39 42 20
39 43 67
39 44 12
39 45 11
39 46 249
39 47 87
39 48 2
39 49 8
39 50 63
39 51 32
39 52 1
39 53 44
39 54 0
39 55 23
39 56 21
39 57 12
39 58 17
39 59 64
40 0 1
40 1 3
40 2 1
40 3 33
40 4 6
40 5 18
40 6 20
40 7 135
40 8 100
40 9 18
40 10 22
40 11 3
40 12 21
40 13 108
40 14 52
40 15 10
40 16 86
40 17 21
40 18 7
40 19 14
40 20 4
40 21 68
40 22 20
40 23 104
40 24 23
40 25 8
40 26 12
40 27 89
40 28 11
40 29 43
40 30 75
40 31 33
40 32 11
40 33 39
40 34 6
40 35 15
40 36 1
40 37 50
40 38 26
40 39 12
40 40 0
40 41 32
40 42 19
40 43 3
40 44 6
40 45 26
40 46 26
40 47 9
40 48 212
40 49 14
40 50 7
40 51 9
40 52 8
40 53 15
40 54 90
40 55 38
40 56 12
40 57 28
40 58 35
40 59 37
41 0 11
41 1 0
41 2 1
41 3 27
41 4 17
41 5 16
41 6 0
41 7 33
41 8 45
41 9 3
41 10 0
41 11 11
41 12 8
41 13 20
41 14 14
41 15 13
41 16 54
41 17 24
41 18 11
41 19 263
41 20 38
41 21 70
41 22 22
41 23 31
41 24 32
41 25 25
41 26 4
41 27 69
41 28 35
41 29 28
41 30 2
41 31 137
41 32 12
41 33 63
41 34 111
41 35 0
41 36 4
41 37 21
41 38 445
41 39 22
41 40 4
41 41 0
41 42 3
41 43 13
41 44 19
41 45 34
41 46 9
41 47 50
41 48 39
41 49 22
41 50 58
41 51 24
41 52 35
41 53 0
41 54 44
41 55 16
41 56 8
41 57 11
41 58 14
41 59 32
42 0 18
42 1 99
42 2 80
42 3 16
42 4 13
42 5 1
42 6 2
42 7 8
42 8 2
42 9 16
42 10 1
42 11 9
42 12 3
42 13 19
42 14 2
42 15 14
42 16 19
42 17 7
42 18 49
42 19 7
42 20 35
42 21 14
42 22 11
42 23 18
42 24 22
42 25 16
42 26 4
42 27 9
42 28 0
42 29 31
42 30 9
42 31 20
42 32 6
42 33 23
42 34 4
42 35 9
42 36 23
42 37 12
42 38 14
42 39 13
42 40 6
42 41 18
42 42 0
42 43 26
42 44 12
42 45 46
42 46 7
42 47 0
42 48 11
42 49 24
42 50 7
42 51 14
42 52 13
42 53 18
42 54 8
42 55 16
42 56 7
42 57 24
42 58 8
42 59 2
43 0 1
43 1 31
43 2 21
43 3 3
43 4 1
43 5 19
43 6 14
43 7 2
43 8 1
43 9 46
43 10 5
43 11 40
43 12 1
43 13 0
43 14 7
43 15 22
43 16 29
43 17 2
43 18 90
43 19 31
43 20 52
43 21 13
43 22 24
43 23 19
43 24 93
43 25 29
43 26 13
43 27 13
43 28 8
43 29 8
43 30 15
43 31 1
43 32 15
43 33 16
43 34 32
43 35 4
43 36 5
43 37 20
43 38 2
43 39 47
43 40 23
43 41 8
43 42 41
43 43 0
43 44 68
43 45 64
43 46 29
43 47 71
43 48 27
43 49 35
43 50 43
43 51 49
43 52 5
43 53 23
43 54 30
43 55 15
43 56 11
43 57 33
43 58 1
43 59 71
44 0 12
44 1 29
44 2 108
44 3 15
44 4 9
44 5 2
44 6 19
44 7 6
44 8 6
44 9 3
44 10 6
44 11 29
44 12 5
44 13 6
44 14 17
44 15 21
44 16 3
44 17 18
44 18 203
44 19 18
44 20 32
44 21 10
44 22 19
44 23 20
44 24 20
44 25 11
44 26 17
44 27 11
44 28 16
44 29 17
44 30 19
44 31 9
44 32 26
44 33 13
44 34 13
44 35 10
44 36 14
44 37 10
44 38 11
44 39 2
44 40 19
44 41 19
44 42 78
44 43 3
44 44 0
44 45 7
44 46 29
44 47 27
44 48 4
44 49 19
44 50 26
44 51 15
44 52 17
44 53 14
44 54 21
44 55 9
44 56 12
44 57 15
44 58 27
44 59 53
45 0 1
45 1 54
45 2 51
45 3 21
45 4 20
45 5 28
45 6 1
45 7 15
45 8 7
45 9 12
45 10 9
45 11 3
45 12 24
45 13 8
45 14 14
45 15 15
45 16 16
45 17 30
45 18 31
45 19 19
45 20 80
45 21 18
45 22 1
45 23 26
45 24 42
45 25 100
45 26 5
45 27 11
45 28 32
45 29 11
45 30 26
45 31 7
45 32 22
45 33 19
45 34 30
45 35 5
45 36 17
45 37 10
45 38 20
45 39 48
45 40 14
45 41 40
45 42 9
45 43 8
45 44 21
45 45 0
45 46 40
45 47 12
45 48 1
45 49 3
45 50 29
45 51 21
45 52 13
45 53 0
45 54 30
45 55 0
45 56 30
45 57 24
45 58 1
45 59 34
46 0 22
46 1 14
46 2 14
46 3 13
46 4 22
46 5 23
46 6 8
46 7 41
46 8 58
46 9 3
46 10 30
46 11 15
46 12 24
46 13 15
46 14 12
46 15 20
46 16 50
46 17 47
46 18 31
46 19 51
46 20 59
46 21 143
46 22 19
46 23 20
46 24 3
46 25 13
46 26 3
46 27 62
46 28 32
46 29 8
46 30 18
46 31 43
46 32 4
46 33 196
46 34 82
46 35 15
46 36 15
46 37 28
46 38 32
46 39 113
46 40 21
46 41 40
46 42 12
46 43 38
46 44 30
46 45 3
46 46 0
46 47 136
46 48 48
46 49 23
46 50 186
46 51 18
46 52 36
46 53 1
46 54 9
46 55 20
46 56 20
46 57 25
46 58 2
46 59 43
47 0 26
47 1 16
47 2 23
47 3 24
47 4 11
47 5 32
47 6 14
47 7 31
47 8 18
47 9 28
47 10 12
47 11 6
47 12 27
47 13 7
47 14 20
47 15 10
47 16 40
47 17 34
47 18 10
47 19 1
47 20 89
47 21 60
47 22 19
47 23 12
47 24 33
47 25 34
47 26 19
47 27 23
47 28 4
47 29 12
47 30 15
47 31 11
47 32 27
47 33 59
47 34 42
47 35 1
47 36 21
47 37 2
47 38 26
47 39 221
47 40 18
47 41 48
47 42 19
47 43 40
47 44 17
47 45 4
47 46 129
47 47 0
47 48 27
47 49 3
47 50 36
47 51 21
47 52 29
47 53 24
47 54 31
47 55 0
47 56 8
47 57 21
47 58 16
47 59 54
48 0 20
48 1 2
48 2 12
48 3 42
48 4 29
48 5 5
48 6 41
48 7 148
48 8 33
48 9 10
48 10 41
48 11 2
48 12 4
48 13 115
48 14 5
48 15 68
48 16 22
48 17 22
48 18 15
48 19 13
48 20 6
48 21 47
48 22 67
48 23 70
48 24 3
48 25 22
48 26 31
48 27 60
48 28 7
48 29 10
48 30 12
48 31 18
48 32 5
48 33 1
48 34 37
48 35 5
48 36 51
48 37 28
48 38 16
48 39 36
48 40 254
48 41 28
48 42 10
48 43 25
48 44 14
48 45 22
48 46 8
48 47 28
48 48 0
48 49 41
48 50 67
48 51 9
48 52 126
48 53 27
48 54 197
48 55 108
48 56 6
48 57 29
48 58 19
48 59 7
49 0 4
49 1 0
49 2 5
49 3 28
49 4 41
49 5 13
49 6 11
49 7 22
49 8 1
49 9 48
49 10 29
49 11 65
49 12 77
49 13 33
49 14 34
49 15 7
49 16 21
49 17 10
49 18 16
49 19 13
49 20 11
49 21 1
49 22 5
49 23 63
49 24 28
49 25 18
49 26 80
49 27 10
49 28 25
49 29 124
49 30 3
49 31 14
49 32 96
49 33 34
49 34 14
49 35 46
49 36 31
49 37 45
49 38 1
49 39 7
49 40 30
49 41 0
49 42 5
49 43 31
49 44 4
49 45 8
49 46 12
49 47 14
49 48 0
49 49 0
49 50 20
49 51 143
49 52 48
49 53 2
49 54 16
49 55 45
49 56 16
49 57 11
49 58 331
49 59 39
50 0 0
50 1 25
50 2 5
50 3 35
50 4 12
50 5 44
50 6 19
50 7 47
50 8 91
50 9 34
50 10 32
50 11 46
50 12 15
50 13 50
50 14 11
50 15 94
50 16 85
50 17 45
50 18 5
50 19 55
50 20 27
50 21 252
50 22 42
50 23 42
50 24 46
50 25 36
50 26 15
50 27 101
50 28 49
50 29 11
50 30 1
50 31 15
50 32 9
50 33 7
50 34 35
50 35 11
50 36 36
50 37 19
50 38 24
50 39 99
50 40 13
50 41 70
50 42 10
50 43 36
50 44 23
50 45 44
50 46 102
50 47 34
50 48 62
50 49 24
50 50 0
50 51 38
50 52 22
50 53 16
50 54 5
50 55 9
50 56 0
50 57 62
50 58 11
50 59 40
51 0 8
51 1 23
51 2 40
51 3 9
51 4 14
51 5 0
51 6 29
51 7 11
51 8 14
51 9 58
51 10 19
51 11 14
51 12 68
51 13 24
51 14 32
51 15 1
51 16 8
51 17 7
51 18 15
51 19 13
51 20 17
51 21 41
51 22 18
51 23 58
51 24 6
51 25 29
51 26 15
51 27 13
51 28 14
51 29 267
51 30 34
51 31 12
51 32 15
51 33 13
51 34 30
51 35 7
51 36 114
51 37 27
51 38 31
51 39 5
51 40 23
51 41 19
51 42 21
51 43 15
51 44 6
51 45 17
51 46 45
51 47 1
51 48 16
51 49 86
51 50 37
51 51 0
51 52 78
51 53 13
51 54 30
51 55 25
51 56 4
51 57 56
51 58 84
51 59 63
52 0 21
52 1 9
52 2 17
52 3 1
52 4 59
52 5 15
52 6 16
52 7 55
52 8 62
52 9 20
52 10 59
52 11 5
52 12 66
52 13 47
52 14 67
52 15 51
52 16 2
52 17 3
52 18 11
52 19 7
52 20 26
52 21 48
52 22 42
52 23 58
52 24 3
52 25 19
52 26 228
52 27 29
52 28 18
52 29 17
52 30 52
52 31 11
52 32 10
52 33 34
52 34 44
52 35 12
52 36 29
52 37 63
52 38 22
52 39 28
52 40 60
52 41 22
52 42 12
52 43 9
52 44 5
52 45 24
52 46 49
52 47 0
52 48 135
52 49 67
52 50 13
52 51 34
52 52 0
52 53 19
52 54 67
52 55 26
52 56 5
52 57 41
52 58 45
52 59 33
53 0 16
53 1 18
53 2 4
53 3 6
53 4 17
53 5 8
53 6 3
53 7 3
53 8 47
53 9 16
53 10 0
53 11 29
53 12 23
53 13 25
53 14 14
53 15 31
53 16 42
53 17 71
53 18 11
53 19 265
53 20 0
53 21 38
53 22 19
53 23 9
53 24 17
53 25 7
53 26 16
53 27 65
53 28 6
53 29 16
53 30 26
53 31 391
53 32 17
53 33 31
53 34 49
53 35 4
53 36 15
53 37 1
53 38 60
53 39 42
53 40 46
53 41 105
53 42 20
53 43 12
53 44 9
53 45 33
53 46 18
53 47 50
53 48 31
53 49 18
53 50 54
53 51 28
53 52 22
53 53 0
53 54 0
53 55 9
53 56 91
53 57 17
53 58 13
53 59 24
54 0 7
54 1 10
54 2 24
54 3 14
54 4 29
54 5 17
54 6 34
54 7 157
54 8 54
54 9 5
54 10 47
54 11 52
54 12 42
54 13 190
54 14 56
54 15 72
54 16 83
54 17 29
54 18 17
54 19 22
54 20 9
54 21 57
54 22 43
54 23 117
54 24 30
54 25 17
54 26 66
54 27 57
54 28 28
54 29 39
54 30 86
54 31 12
54 32 10
54 33 50
54 34 4
54 35 62
54 36 54
54 37 34
54 38 17
54 39 3
54 40 135
54 41 35
54 42 13
54 43 15
54 44 23
54 45 30
54 46 34
54 47 19
54 48 72
54 49 12
54 50 66
54 51 25
54 52 6
54 53 34
54 54 0
54 55 47
54 56 5
54 57 37
54 58 36
54 59 11
55 0 8
55 1 11
55 2 20
55 3 12
55 4 30
55 5 6
55 6 0
55 7 8
55 8 9
55 9 15
55 10 110
55 11 28
55 12 35
55 13 2
55 14 10
55 15 30
55 16 5
55 17 18
55 18 4
55 19 13
55 20 3
55 21 16
55 22 14
55 23 63
55 24 30
55 25 6
55 26 77
55 27 55
55 28 23
55 29 15
55 30 55
55 31 17
55 32 18
55 33 4
55 34 6
55 35 77
55 36 42
55 37 28
55 38 0
55 39 7
55 40 39
55 41 2
55 42 13
55 43 19
55 44 11
55 45 10
55 46 25
55 47 12
55 48 39
55 49 19
55 50 22
55 51 28
55 52 100
55 53 2
55 54 7
55 55 0
55 56 4
55 57 30
55 58 22
55 59 27
56 0 18
56 1 24
56 2 13
56 3 13
56 4 6
56 5 73
56 6 0
56 7 24
56 8 37
56 9 1
56 10 15
56 11 13
56 12 10
56 13 27
56 14 5
56 15 32
56 16 37
56 17 262
56 18 0
56 19 101
56 20 45
56 21 44
56 22 33
56 23 0
56 24 20
56 25 14
56 26 15
56 27 24
56 28 110
56 29 18
56 30 27
56 31 129
56 32 7
56 33 18
56 34 48
56 35 14
56 36 21
56 37 20
56 38 1
56 39 30
56 40 10
56 41 36
56 42 2
56 43 5
56 44 22
56 45 30
56 46 14
56 47 28
56 48 29
56 49 12
56 50 35
56 51 3
56 52 22
56 53 63
56 54 31
56 55 15
56 56 0
56 57 24
56 58 0
56 59 22
57 0 23
57 1 22
57 2 34
57 3 23
57 4 26
57 5 19
57 6 21
57 7 33
57 8 14
57 9 60
57 10 6
57 11 82
57 12 72
57 13 55
57 14 10
57 15 25
57 16 4
57 17 17
57 18 12
57 19 11
57 20 29
57 21 37
57 22 11
57 23 1
57 24 63
57 25 20
57 26 42
57 27 42
57 28 20
57 29 75
57 30 9
57 31 5
57 32 45
57 33 21
57 34 2
57 35 17
57 36 164
57 37 0
57 38 15
57 39 22
57 40 32
57 41 19
57 42 11
57 43 17
57 44 11
57 45 3
57 46 36
57 47 20
57 48 20
57 49 117
57 50 12
57 51 269
57 52 18
57 53 17
57 54 43
57 55 15
57 56 17
57 57 0
57 58 67
57 59 55
58 0 34
58 1 6
58 2 27
58 3 26
58 4 36
58 5 18
58 6 49
58 7 6
58 8 20
58 9 40
58 10 3
58 11 47
58 12 51
58 13 43
58 14 1
58 15 4
58 16 33
58 17 7
58 18 10
58 19 5
58 20 21
58 21 32
58 22 27
58 23 51
58 24 17
58 25 13
58 26 7
58 27 5
58 28 0
58 29 30
58 30 10
58 31 1
58 32 154
58 33 18
58 34 7
58 35 44
58 36 86
58 37 12
58 38 19
58 39 30
58 40 2
58 41 0
58 42 2
58 43 10
58 44 2
58 45 16
58 46 38
58 47 28
58 48 13
58 49 252
58 50 42
58 51 98
58 52 62
58 53 2
58 54 18
58 55 43
58 56 16
58 57 64
58 58 0
58 59 3
59 0 2
59 1 27
59 2 41
59 3 15
59 4 31
59 5 23
59 6 9
59 7 21
59 8 0
59 9 6
59 10 0
59 11 47
59 12 29
59 13 9
59 14 9
59 15 30
59 16 30
59 17 10
59 18 66
59 19 10
59 20 42
59 21 31
59 22 21
59 23 36
59 24 574
59 25 33
59 26 22
59 27 17
59 28 17
59 29 115
59 30 34
59 31 25
59 32 18
59 33 41
59 34 5
59 35 15
59 36 30
59 37 7
59 38 26
59 39 68
59 40 28
59 41 32
59 42 3
59 43 77
59 44 41
59 45 51
59 46 7
59 47 21
59 48 17
59 49 2
59 50 55
59 51 73
59 52 33
59 53 30
59 54 37
59 55 20
59 56 2
59 57 41
59 58 42
59 59 0
