#So luong nut la la
49
#Toa do cac nut
4.183880642280924 7.895975486811237 0.0
2.22597553875403 13.156371659560072 0.0
14.74098831243369 1.1001892003405214 0.0
11.666005661258565 8.691341074189925 0.0
1.7582784860872622 3.522019884209884 0.0
13.333010158714826 14.831316404837086 0.0
17.057923147063466 1.6563061849548097 0.0
9.13519796915888 8.810749504526058 0.0
11.146691227371695 2.630382402558803 0.0
14.495148855928822 2.541182011801391 0.0
17.974289526567414 12.441441647265922 0.0
7.121104920567794 18.31944946907002 0.0
6.162425532486315 14.17848325475238 0.0
3.316956339577677 19.585824105697625 0.0
15.532567844723438 7.057286869032608 0.0
8.811354234874894 0.7237192617273437 0.0
16.694582029333443 3.1634695060533997 0.0
6.402865391798997 4.042003959302594 0.0
13.658159831298896 10.52161819554027 0.0
6.099766294777424 11.397947698519411 0.0
17.322401670635276 10.783988347395479 0.0
5.98662342493127 1.1904699880996992 0.0
2.348126752575017 10.285029761970586 0.0
11.192593644629259 11.832610119527622 0.0
1.4956645793623649 2.4901906947732315 0.0
12.512940307479305 11.39323910016854 0.0
8.026088589777899 4.074885942036615 0.0
2.3012010116678208 5.522070048345369 0.0
10.278230224221858 2.417119617213186 0.0
9.697508350119435 10.672897996432305 0.0
7.604830788872736 13.541067085295506 0.0
11.081694389386152 0.8853239456041228 0.0
10.739576890495464 8.009992683533879 0.0
14.493041056038518 9.219548073383482 0.0
16.260420412380057 8.02694270699164 0.0
17.585159486971417 14.318586968819927 0.0
19.61214351962122 3.298147364970348 0.0
15.51468663184921 8.903948097898814 0.0
15.84551217342674 5.322649064628972 0.0
3.665308483253692 6.456603903873177 0.0
9.516458938061282 0.23418362890654043 0.0
19.750200151882204 7.942420760797767 0.0
5.440485670152043 3.686361515380825 0.0
0.8650530469137867 4.091577435916627 0.0
13.450079657421442 5.034073791578538 0.0
19.81241665195699 12.871750209853474 0.0
1.2806688414007845 16.335187092649047 0.0
1.2752911253316772 5.555142533344683 0.0
12.86524800058338 0.30179787231424016 0.0
#Ma tran yeu cau D
#source_index dest_index bw don vi Mbps
0 0 0
0 1 31
0 2 9
0 3 16
0 4 77
0 5 5
0 6 2
0 7 76
0 8 4
0 9 16
0 10 15
0 11 14
0 12 25
0 13 24
0 14 25
0 15 24
0 16 12
0 17 59
0 18 38
0 19 22
0 20 14
0 21 28
0 22 45
0 23 30
0 24 6
0 25 3
0 26 59
0 27 125
0 28 32
0 29 55
0 30 37
0 31 9
0 32 36
0 33 21
0 34 19
0 35 26
0 36 9
0 37 8
0 38 8
0 39 117
0 40 14
0 41 0
0 42 89
0 43 33
0 44 40
0 45 15
0 46 20
0 47 44
0 48 33
1 0 41
1 1 0
1 2 22
1 3 16
1 4 1
1 5 5
1 6 12
1 7 2
1 8 26
1 9 7
1 10 20
1 11 13
1 12 9
1 13 58
1 14 7
1 15 21
1 16 17
1 17 28
1 18 21
1 19 75
1 20 18
1 21 23
1 22 119
1 23 31
1 24 10
1 25 11
1 26 22
1 27 13
1 28 12
1 29 19
1 30 17
1 31 23
1 32 39
1 33 9
1 34 7
1 35 23
1 36 7
1 37 19
1 38 10
1 39 23
1 40 9
1 41 11
1 42 21
1 43 13
1 44 11
1 45 9
1 46 63
1 47 26
1 48 4
2 0 16
2 1 4
2 2 0
2 3 10
2 4 22
2 5 22
2 6 6
2 7 0
2 8 82
2 9 89
2 10 3
2 11 16
2 12 10
2 13 8
2 14 33
2 15 29
2 16 106
2 17 36
2 18 2
2 19 24
2 20 5
2 21 39
2 22 19
2 23 18
2 24 11
2 25 27
2 26 6
2 27 5
2 28 45
2 29 12
2 30 5
2 31 3
2 32 36
2 33 17
2 34 50
2 35 7
2 36 38
2 37 7
2 38 84
2 39 16
2 40 5
2 41 20
2 42 35
2 43 26
2 44 36
2 45 3
2 46 10
2 47 27
2 48 17
3 0 49
3 1 9
3 2 19
3 3 0
3 4 9
3 5 22
3 6 38
3 7 152
3 8 64
3 9 3
3 10 24
3 11 30
3 12 16
3 13 17
3 14 59
3 15 26
3 16 33
3 17 32
3 18 107
3 19 38
3 20 54
3 21 15
3 22 4
3 23 17
3 24 18
3 25 55
3 26 10
3 27 5
3 28 29
3 29 37
3 30 42
3 31 27
3 32 86
3 33 31
3 34 75
3 35 22
3 36 16
3 37 45
3 38 64
3 39 13
3 40 18
3 41 28
3 42 3
3 43 32
3 44 86
3 45 13
3 46 24
3 47 29
3 48 14
4 0 33
4 1 2
4 2 5
4 3 24
4 4 0
4 5 15
4 6 13
4 7 18
4 8 18
4 9 13
4 10 21
4 11 5
4 12 28
4 13 12
4 14 25
4 15 37
4 16 7
4 17 5
4 18 20
4 19 38
4 20 15
4 21 70
4 22 31
4 23 22
4 24 83
4 25 10
4 26 3
4 27 85
4 28 5
4 29 9
4 30 11
4 31 0
4 32 10
4 33 17
4 34 23
4 35 4
4 36 18
4 37 14
4 38 15
4 39 76
4 40 6
4 41 16
4 42 37
4 43 60
4 44 1
4 45 5
4 46 7
4 47 145
4 48 12
5 0 24
5 1 33
5 2 8
5 3 15
5 4 13
5 5 0
5 6 21
5 7 7
5 8 18
5 9 9
5 10 66
5 11 26
5 12 7
5 13 35
5 14 10
5 15 7
5 16 14
5 17 13
5 18 54
5 19 14
5 20 38
5 21 20
5 22 22
5 23 73
5 24 7
5 25 55
5 26 4
5 27 24
5 28 12
5 29 60
5 30 17
5 31 11
5 32 27
5 33 33
5 34 19
5 35 90
5 36 5
5 37 47
5 38 10
5 39 24
5 40 11
5 41 6
5 42 2
5 43 18
5 44 23
5 45 20
5 46 28
5 47 22
5 48 19
6 0 27
6 1 10
6 2 135
6 3 34
6 4 12
6 5 8
6 6 0
6 7 35
6 8 54
6 9 0
6 10 1
6 11 12
6 12 12
6 13 17
6 14 68
6 15 36
6 16 203
6 17 7
6 18 25
6 19 15
6 20 41
6 21 0
6 22 19
6 23 10
6 24 1
6 25 32
6 26 14
6 27 4
6 28 41
6 29 19
6 30 16
6 31 33
6 32 31
6 33 20
6 34 32
6 35 10
6 36 58
6 37 51
6 38 97
6 39 16
6 40 3
6 41 27
6 42 16
6 43 14
6 44 23
6 45 34
6 46 14
6 47 9
6 48 78
7 0 14
7 1 23
7 2 36
7 3 6
7 4 28
7 5 34
7 6 11
7 7 0
7 8 39
7 9 8
7 10 28
7 11 11
7 12 43
7 13 21
7 14 45
7 15 40
7 16 35
7 17 65
7 18 75
7 19 59
7 20 35
7 21 44
7 22 29
7 23 74
7 24 5
7 25 66
7 26 8
7 27 43
7 28 47
7 29 109
7 30 24
7 31 2
7 32 199
7 33 32
7 34 14
7 35 20
7 36 2
7 37 23
7 38 31
7 39 50
7 40 9
7 41 35
7 42 50
7 43 22
7 44 20
7 45 0
7 46 31
7 47 16
7 48 0
8 0 37
8 1 8
8 2 83
8 3 58
8 4 32
8 5 1
8 6 16
8 7 9
8 8 0
8 9 78
8 10 17
8 11 22
8 12 3
8 13 13
8 14 40
8 15 78
8 16 8
8 17 63
8 18 6
8 19 16
8 20 6
8 21 51
8 22 9
8 23 27
8 24 31
8 25 32
8 26 68
8 27 17
8 28 43
8 29 44
8 30 10
8 31 11
8 32 13
8 33 33
8 34 40
8 35 2
8 36 16
8 37 34
8 38 49
8 39 43
8 40 128
8 41 29
8 42 31
8 43 31
8 44 62
8 45 23
8 46 18
8 47 3
8 48 109
9 0 7
9 1 10
9 2 167
9 3 27
9 4 1
9 5 23
9 6 129
9 7 23
9 8 17
9 9 0
9 10 23
9 11 21
9 12 16
9 13 10
9 14 74
9 15 56
9 16 69
9 17 36
9 18 28
9 19 0
9 20 39
9 21 6
9 22 1
9 23 23
9 24 21
9 25 30
9 26 31
9 27 1
9 28 43
9 29 25
9 30 13
9 31 38
9 32 47
9 33 56
9 34 37
9 35 19
9 36 18
9 37 53
9 38 89
9 39 27
9 40 29
9 41 3
9 42 39
9 43 21
9 44 7
9 45 8
9 46 12
9 47 24
9 48 27
10 0 17
10 1 20
10 2 18
10 3 38
10 4 19
10 5 27
10 6 32
10 7 20
10 8 19
10 9 36
10 10 0
10 11 19
10 12 24
10 13 3
10 14 57
10 15 9
10 16 13
10 17 8
10 18 36
10 19 10
10 20 172
10 21 4
10 22 12
10 23 54
10 24 12
10 25 36
10 26 17
10 27 3
10 28 11
10 29 33
10 30 35
10 31 6
10 32 7
10 33 27
10 34 56
10 35 94
10 36 29
10 37 68
10 38 35
10 39 17
10 40 21
10 41 59
10 42 3
10 43 14
10 44 21
10 45 55
10 46 10
10 47 12
10 48 4
11 0 34
11 1 48
11 2 19
11 3 21
11 4 14
11 5 36
11 6 10
11 7 26
11 8 19
11 9 22
11 10 21
11 11 0
11 12 10
11 13 29
11 14 6
11 15 11
11 16 0
11 17 12
11 18 3
11 19 48
11 20 9
11 21 1
11 22 19
11 23 49
11 24 15
11 25 44
11 26 12
11 27 13
11 28 5
11 29 41
11 30 29
11 31 13
11 32 15
11 33 3
11 34 26
11 35 13
11 36 9
11 37 15
11 38 20
11 39 8
11 40 10
11 41 4
11 42 22
11 43 15
11 44 10
11 45 28
11 46 24
11 47 17
11 48 8
12 0 13
12 1 22
12 2 4
12 3 28
12 4 22
12 5 36
12 6 17
12 7 25
12 8 24
12 9 15
12 10 4
12 11 49
12 12 0
12 13 19
12 14 31
12 15 22
12 16 19
12 17 5
12 18 12
12 19 88
12 20 14
12 21 6
12 22 39
12 23 2
12 24 4
12 25 23
12 26 5
12 27 2
12 28 1
12 29 38
12 30 191
12 31 9
12 32 48
12 33 10
12 34 19
12 35 26
12 36 6
12 37 24
12 38 27
12 39 19
12 40 23
12 41 18
12 42 14
12 43 2
12 44 33
12 45 9
12 46 48
12 47 34
12 48 7
13 0 3
13 1 48
13 2 9
13 3 9
13 4 17
13 5 27
13 6 2
13 7 3
13 8 11
13 9 19
13 10 20
13 11 76
13 12 52
13 13 0
13 14 7
13 15 3
13 16 2
13 17 7
13 18 2
13 19 42
13 20 18
13 21 11
13 22 7
13 23 9
13 24 20
13 25 6
13 26 20
13 27 23
13 28 14
13 29 34
13 30 31
13 31 18
13 32 6
13 33 11
13 34 8
13 35 26
13 36 5
13 37 7
13 38 17
13 39 24
13 40 0
13 41 12
13 42 11
13 43 23
13 44 21
13 45 1
13 46 47
13 47 1
13 48 15
14 0 19
14 1 18
14 2 26
14 3 67
14 4 8
14 5 34
14 6 55
14 7 37
14 8 48
14 9 79
14 10 20
14 11 4
14 12 33
14 13 1
14 14 0
14 15 35
14 16 72
14 17 33
14 18 55
14 19 8
14 20 61
14 21 22
14 22 18
14 23 14
14 24 20
14 25 50
14 26 12
14 27 29
14 28 4
14 29 41
14 30 17
14 31 45
14 32 26
14 33 138
14 34 306
14 35 17
14 36 10
14 37 213
14 38 224
14 39 3
14 40 35
14 41 50
14 42 3
14 43 17
14 44 97
14 45 29
14 46 20
14 47 10
14 48 28
15 0 4
15 1 14
15 2 18
15 3 41
15 4 11
15 5 24
15 6 6
15 7 26
15 8 131
15 9 21
15 10 23
15 11 11
15 12 17
15 13 5
15 14 4
15 15 0
15 16 22
15 17 19
15 18 20
15 19 24
15 20 6
15 21 105
15 22 5
15 23 11
15 24 42
15 25 33
15 26 58
15 27 11
15 28 100
15 29 28
15 30 28
15 31 35
15 32 45
15 33 35
15 34 13
15 35 19
15 36 28
15 37 29
15 38 40
15 39 18
15 40 344
15 41 24
15 42 41
15 43 34
15 44 52
15 45 6
15 46 10
15 47 3
15 48 95
16 0 4
16 1 9
16 2 112
16 3 47
16 4 8
16 5 4
16 6 234
16 7 12
16 8 38
16 9 10
16 10 41
16 11 14
16 12 0
16 13 2
16 14 77
16 15 28
16 16 0
16 17 19
16 18 23
16 19 2
16 20 11
16 21 23
16 22 4
16 23 30
16 24 10
16 25 23
16 26 12
16 27 21
16 28 58
16 29 27
16 30 27
16 31 11
16 32 50
16 33 48
16 34 22
16 35 14
16 36 100
16 37 34
16 38 22
16 39 8
16 40 7
16 41 41
16 42 0
16 43 7
16 44 27
16 45 16
16 46 2
16 47 20
16 48 79
17 0 46
17 1 27
17 2 22
17 3 28
17 4 22
17 5 11
17 6 22
17 7 51
17 8 25
17 9 44
17 10 8
17 11 9
17 12 2
17 13 8
17 14 31
17 15 10
17 16 34
17 17 0
17 18 22
17 19 12
17 20 18
17 21 35
17 22 43
17 23 41
17 24 30
17 25 11
17 26 189
17 27 3
17 28 61
17 29 46
17 30 13
17 31 70
17 32 47
17 33 5
17 34 10
17 35 17
17 36 10
17 37 33
17 38 7
17 39 64
17 40 37
17 41 26
17 42 81
17 43 14
17 44 4
17 45 21
17 46 14
17 47 2
17 48 5
18 0 4
18 1 5
18 2 6
18 3 146
18 4 8
18 5 77
18 6 3
18 7 50
18 8 10
18 9 26
18 10 26
18 11 7
18 12 6
18 13 15
18 14 49
18 15 2
18 16 19
18 17 19
18 18 0
18 19 1
18 20 17
18 21 7
18 22 15
18 23 85
18 24 24
18 25 35
18 26 44
18 27 28
18 28 33
18 29 46
18 30 54
18 31 14
18 32 72
18 33 228
18 34 78
18 35 51
18 36 13
18 37 94
18 38 65
18 39 34
18 40 18
18 41 34
18 42 30
18 43 10
18 44 3
18 45 41
18 46 6
18 47 29
18 48 36
19 0 88
19 1 4
19 2 10
19 3 11
19 4 15
19 5 22
19 6 27
19 7 94
19 8 2
19 9 2
19 10 5
19 11 53
19 12 99
19 13 32
19 14 34
19 15 22
19 16 5
19 17 10
19 18 40
19 19 0
19 20 15
19 21 7
19 22 85
19 23 52
19 24 16
19 25 1
19 26 31
19 27 56
19 28 32
19 29 75
19 30 23
19 31 5
19 32 7
19 33 25
19 34 29
19 35 16
19 36 13
19 37 38
19 38 16
19 39 12
19 40 22
19 41 5
19 42 38
19 43 23
19 44 0
19 45 28
19 46 26
19 47 42
19 48 2
20 0 4
20 1 21
20 2 11
20 3 13
20 4 19
20 5 54
20 6 23
20 7 26
20 8 34
20 9 37
20 10 86
20 11 13
20 12 2
20 13 23
20 14 70
20 15 13
20 16 7
20 17 14
20 18 15
20 19 20
20 20 0
20 21 18
20 22 26
20 23 29
20 24 3
20 25 0
20 26 32
20 27 6
20 28 11
20 29 45
20 30 35
20 31 24
20 32 11
20 33 42
20 34 20
20 35 86
20 36 20
20 37 35
20 38 11
20 39 10
20 40 4
20 41 65
20 42 8
20 43 8
20 44 26
20 45 40
20 46 2
20 47 4
20 48 2
21 0 10
21 1 30
21 2 41
21 3 41
21 4 14
21 5 22
21 6 20
21 7 19
21 8 53
21 9 35
21 10 18
21 11 14
21 12 28
21 13 13
21 14 34
21 15 9
21 16 29
21 17 26
21 18 12
21 19 16
21 20 7
21 21 0
21 22 9
21 23 2
21 24 77
21 25 23
21 26 19
21 27 67
21 28 49
21 29 36
21 30 28
21 31 72
21 32 21
21 33 9
21 34 10
21 35 4
21 36 22
21 37 7
21 38 16
21 39 7
21 40 9
21 41 19
21 42 60
21 43 46
21 44 29
21 45 13
21 46 5
21 47 37
21 48 34
22 0 119
22 1 1
22 2 7
22 3 16
22 4 26
22 5 13
22 6 17
22 7 48
22 8 15
22 9 13
22 10 13
22 11 32
22 12 70
22 13 30
22 14 20
22 15 4
22 16 18
22 17 46
22 18 20
22 19 55
22 20 3
22 21 4
22 22 0
22 23 2
22 24 2
22 25 14
22 26 39
22 27 4
22 28 23
22 29 48
22 30 37
22 31 1
22 32 26
22 33 16
22 34 21
22 35 4
22 36 19
22 37 3
22 38 22
22 39 89
22 40 17
22 41 5
22 42 12
22 43 10
22 44 30
22 45 14
22 46 19
22 47 24
22 48 6
23 0 6
23 1 1
23 2 35
23 3 48
23 4 29
23 5 107
23 6 15
23 7 14
23 8 32
23 9 20
23 10 34
23 11 46
23 12 30
23 13 17
23 14 36
23 15 1
23 16 38
23 17 5
23 18 14
23 19 75
23 20 28
23 21 0
23 22 6
23 23 0
23 24 11
23 25 20
23 26 37
23 27 25
23 28 0
23 29 187
23 30 87
23 31 10
23 32 71
23 33 65
23 34 34
23 35 43
23 36 17
23 37 70
23 38 31
23 39 24
23 40 19
23 41 26
23 42 14
23 43 22
23 44 45
23 45 38
23 46 25
23 47 11
23 48 13
24 0 9
24 1 8
24 2 7
24 3 13
24 4 12
24 5 6
24 6 8
24 7 7
24 8 15
24 9 26
24 10 8
24 11 15
24 12 10
24 13 5
24 14 19
24 15 5
24 16 14
24 17 46
24 18 22
24 19 36
24 20 12
24 21 32
24 22 45
24 23 4
24 24 0
24 25 14
24 26 59
24 27 20
24 28 9
24 29 3
24 30 27
24 31 19
24 32 20
24 33 17
24 34 2
24 35 16
24 36 1
24 37 21
24 38 5
24 39 6
24 40 23
24 41 11
24 42 63
24 43 126
24 44 31
24 45 15
24 46 11
24 47 94
24 48 18
25 0 4
25 1 36
25 2 5
25 3 64
25 4 15
25 5 104
25 6 17
25 7 8
25 8 31
25 9 30
25 10 71
25 11 0
25 12 30
25 13 25
25 14 16
25 15 18
25 16 18
25 17 20
25 18 13
25 19 46
25 20 28
25 21 23
25 22 10
25 23 266
25 24 11
25 25 0
25 26 10
25 27 30
25 28 18
25 29 67
25 30 48
25 31 25
25 32 48
25 33 0
25 34 18
25 35 8
25 36 25
25 37 48
25 38 11
25 39 16
25 40 9
25 41 37
25 42 34
25 43 3
25 44 5
25 45 45
25 46 12
25 47 28
25 48 27
26 0 23
26 1 10
26 2 27
26 3 21
26 4 62
26 5 27
26 6 16
26 7 72
26 8 11
26 9 19
26 10 25
26 11 15
26 12 23
26 13 3
26 14 31
26 15 65
26 16 0
26 17 28
26 18 22
26 19 37
26 20 18
26 21 43
26 22 13
26 23 17
26 24 38
26 25 12
26 26 0
26 27 1
26 28 38
26 29 7
26 30 17
26 31 55
26 32 8
26 33 22
26 34 21
26 35 9
26 36 27
26 37 32
26 38 41
26 39 36
26 40 56
26 41 18
26 42 124
26 43 13
26 44 23
26 45 7
26 46 26
26 47 30
26 48 56
27 0 127
27 1 24
27 2 4
27 3 23
27 4 21
27 5 10
27 6 10
27 7 21
27 8 18
27 9 22
27 10 11
27 11 0
27 12 7
27 13 9
27 14 17
27 15 34
27 16 2
27 17 3
27 18 1
27 19 36
27 20 2
27 21 24
27 22 44
27 23 25
27 24 14
27 25 5
27 26 58
27 27 0
27 28 14
27 29 41
27 30 23
27 31 17
27 32 43
27 33 17
27 34 6
27 35 20
27 36 7
27 37 9
27 38 21
27 39 176
27 40 9
27 41 19
27 42 44
27 43 160
27 44 5
27 45 14
27 46 34
27 47 53
27 48 15
28 0 30
28 1 5
28 2 34
28 3 36
28 4 29
28 5 14
28 6 53
28 7 32
28 8 284
28 9 29
28 10 15
28 11 5
28 12 9
28 13 4
28 14 29
28 15 32
28 16 47
28 17 48
28 18 39
28 19 8
28 20 29
28 21 45
28 22 10
28 23 9
28 24 20
28 25 30
28 26 117
28 27 32
28 28 0
28 29 31
28 30 20
28 31 127
28 32 28
28 33 20
28 34 10
28 35 27
28 36 18
28 37 14
28 38 28
28 39 44
28 40 55
28 41 19
28 42 53
28 43 18
28 44 79
28 45 6
28 46 2
28 47 35
28 48 45
29 0 34
29 1 28
29 2 7
29 3 55
29 4 1
29 5 6
29 6 6
29 7 79
29 8 37
29 9 2
29 10 37
29 11 21
29 12 69
29 13 0
29 14 26
29 15 5
29 16 16
29 17 23
29 18 22
29 19 51
29 20 37
29 21 27
29 22 3
29 23 98
29 24 15
29 25 137
29 26 19
29 27 30
29 28 3
29 29 0
29 30 57
29 31 10
29 32 64
29 33 46
29 34 20
29 35 4
29 36 12
29 37 16
29 38 16
29 39 46
29 40 3
29 41 0
29 42 25
29 43 35
29 44 9
29 45 21
29 46 10
29 47 20
29 48 19
30 0 31
30 1 11
30 2 5
30 3 29
30 4 31
30 5 26
30 6 0
30 7 11
30 8 14
30 9 20
30 10 1
30 11 13
30 12 201
30 13 4
30 14 14
30 15 17
30 16 20
30 17 19
30 18 10
30 19 11
30 20 20
30 21 19
30 22 62
30 23 13
30 24 23
30 25 52
30 26 28
30 27 14
30 28 4
30 29 110
30 30 0
30 31 22
30 32 28
30 33 17
30 34 24
30 35 2
30 36 9
30 37 30
30 38 24
30 39 31
30 40 15
30 41 25
30 42 2
30 43 6
30 44 7
30 45 4
30 46 31
30 47 30
30 48 6
31 0 21
31 1 17
31 2 99
31 3 30
31 4 13
31 5 9
31 6 52
31 7 25
31 8 178
31 9 11
31 10 23
31 11 7
31 12 25
31 13 15
31 14 23
31 15 81
31 16 58
31 17 12
31 18 21
31 19 3
31 20 20
31 21 37
31 22 2
31 23 1
31 24 27
31 25 25
31 26 74
31 27 13
31 28 97
31 29 3
31 30 0
31 31 0
31 32 45
31 33 34
31 34 37
31 35 17
31 36 18
31 37 3
31 38 32
31 39 39
31 40 102
31 41 28
31 42 55
31 43 22
31 44 78
31 45 23
31 46 0
31 47 27
31 48 163
32 0 32
32 1 4
32 2 40
32 3 74
32 4 32
32 5 2
32 6 13
32 7 110
32 8 44
32 9 32
32 10 33
32 11 28
32 12 14
32 13 25
32 14 64
32 15 2
32 16 45
32 17 36
32 18 39
32 19 48
32 20 53
32 21 33
32 22 5
32 23 37
32 24 17
32 25 20
32 26 52
32 27 7
32 28 0
32 29 99
32 30 17
32 31 33
32 32 0
32 33 23
32 34 55
32 35 2
32 36 34
32 37 81
32 38 7
32 39 32
32 40 27
32 41 29
32 42 45
32 43 25
32 44 55
32 45 14
32 46 21
32 47 30
32 48 9
33 0 20
33 1 9
33 2 8
33 3 23
33 4 2
33 5 0
33 6 31
33 7 28
33 8 0
33 9 0
33 10 80
33 11 6
33 12 9
33 13 17
33 14 76
33 15 29
33 16 36
33 17 20
33 18 51
33 19 18
33 20 52
33 21 3
33 22 3
33 23 14
33 24 0
33 25 87
33 26 14
33 27 25
33 28 17
33 29 38
33 30 24
33 31 12
33 32 6
33 33 0
33 34 186
33 35 10
33 36 40
33 37 269
33 38 54
33 39 3
33 40 27
33 41 27
33 42 1
33 43 1
33 44 64
33 45 56
33 46 3
33 47 13
33 48 31
34 0 17
34 1 14
34 2 19
34 3 48
34 4 25
34 5 35
34 6 24
34 7 13
34 8 51
34 9 28
34 10 79
34 11 15
34 12 9
34 13 5
34 14 108
34 15 19
34 16 4
34 17 31
34 18 90
34 19 27
34 20 84
34 21 17
34 22 17
34 23 6
34 24 15
34 25 50
34 26 41
34 27 8
34 28 43
34 29 43
34 30 28
34 31 21
34 32 17
34 33 182
34 34 0
34 35 2
34 36 4
34 37 137
34 38 145
34 39 15
34 40 8
34 41 7
34 42 16
34 43 15
34 44 23
34 45 55
34 46 11
34 47 16
34 48 5
35 0 8
35 1 6
35 2 25
35 3 45
35 4 3
35 5 11
35 6 18
35 7 7
35 8 16
35 9 26
35 10 143
35 11 32
35 12 8
35 13 16
35 14 7
35 15 22
35 16 21
35 17 18
35 18 40
35 19 2
35 20 47
35 21 3
35 22 11
35 23 20
35 24 15
35 25 20
35 26 9
35 27 21
35 28 17
35 29 38
35 30 3
35 31 23
35 32 37
35 33 39
35 34 54
35 35 0
35 36 22
35 37 33
35 38 9
35 39 24
35 40 16
35 41 45
35 42 10
35 43 3
35 44 29
35 45 134
35 46 4
35 47 7
35 48 14
36 0 2
36 1 16
36 2 43
36 3 14
36 4 18
36 5 20
36 6 27
36 7 11
36 8 4
36 9 31
36 10 26
36 11 2
36 12 16
36 13 1
36 14 49
36 15 16
36 16 111
36 17 1
36 18 38
36 19 3
36 20 37
36 21 26
36 22 5
36 23 10
36 24 18
36 25 28
36 26 3
36 27 18
36 28 3
36 29 9
36 30 7
36 31 24
36 32 4
36 33 22
36 34 16
36 35 6
36 36 0
36 37 16
36 38 19
36 39 21
36 40 17
36 41 11
36 42 9
36 43 14
36 44 21
36 45 24
36 46 8
36 47 1
36 48 29
37 0 26
37 1 13
37 2 36
37 3 101
37 4 11
37 5 60
37 6 15
37 7 6
37 8 51
37 9 34
37 10 24
37 11 26
37 12 20
37 13 23
37 14 51
37 15 20
37 16 18
37 17 1
37 18 87
37 19 40
37 20 1
37 21 27
37 22 25
37 23 24
37 24 20
37 25 29
37 26 24
37 27 2
37 28 18
37 29 23
37 30 14
37 31 30
37 32 1
37 33 68
37 34 136
37 35 2
37 36 35
37 37 0
37 38 32
37 39 4
37 40 4
37 41 50
37 42 4
37 43 9
37 44 50
37 45 31
37 46 23
37 47 15
37 48 32
38 0 26
38 1 25
38 2 9
38 3 23
38 4 25
38 5 10
38 6 88
38 7 18
38 8 51
38 9 111
38 10 34
38 11 2
38 12 1
38 13 7
38 14 192
38 15 21
38 16 120
38 17 9
38 18 3
38 19 18
38 20 66
38 21 27
38 22 18
38 23 3
38 24 22
38 25 45
38 26 34
38 27 24
38 28 25
38 29 29
38 30 0
38 31 15
38 32 26
38 33 5
38 34 11
38 35 28
38 36 52
38 37 8
38 38 0
38 39 13
38 40 47
38 41 48
38 42 3
38 43 24
38 44 54
38 45 46
38 46 7
38 47 26
38 48 2
39 0 177
39 1 35
39 2 15
39 3 34
39 4 109
39 5 15
39 6 9
39 7 49
39 8 2
39 9 26
39 10 13
39 11 7
39 12 49
39 13 16
39 14 6
39 15 3
39 16 2
39 17 82
39 18 15
39 19 46
39 20 24
39 21 9
39 22 57
39 23 15
39 24 78
39 25 1
39 26 2
39 27 191
39 28 2
39 29 26
39 30 44
39 31 10
39 32 41
39 33 18
39 34 17
39 35 15
39 36 20
39 37 18
39 38 22
39 39 0
39 40 36
39 41 12
39 42 9
39 43 89
39 44 36
39 45 7
39 46 30
39 47 38
39 48 33
40 0 30
40 1 26
40 2 4
40 3 10
40 4 0
40 5 3
40 6 16
40 7 44
40 8 2
40 9 4
40 10 18
40 11 3
40 12 3
40 13 3
40 14 16
40 15 464
40 16 28
40 17 54
40 18 33
40 19 4
40 20 18
40 21 70
40 22 14
40 23 11
40 24 0
40 25 20
40 26 37
40 27 38
40 28 118
40 29 20
40 30 15
40 31 171
40 32 46
40 33 4
40 34 15
40 35 3
40 36 35
40 37 6
40 38 24
40 39 16
40 40 0
40 41 21
40 42 49
40 43 13
40 44 23
40 45 22
40 46 14
40 47 1
40 48 39
41 0 0
41 1 6
41 2 1
41 3 18
41 4 9
41 5 22
41 6 26
41 7 32
41 8 35
41 9 7
41 10 82
41 11 5
41 12 20
41 13 5
41 14 49
41 15 21
41 16 68
41 17 0
41 18 54
41 19 18
41 20 57
41 21 22
41 22 11
41 23 32
41 24 15
41 25 11
41 26 15
41 27 11
41 28 17
41 29 15
41 30 9
41 31 0
41 32 37
41 33 22
41 34 89
41 35 45
41 36 46
41 37 49
41 38 53
41 39 2
41 40 27
41 41 0
41 42 8
41 43 7
41 44 56
41 45 32
41 46 9
41 47 19
41 48 22
42 0 17
42 1 8
42 2 36
42 3 1
42 4 40
42 5 5
42 6 4
42 7 14
42 8 0
42 9 4
42 10 7
42 11 23
42 12 15
42 13 24
42 14 25
42 15 29
42 16 34
42 17 194
42 18 31
42 19 12
42 20 26
42 21 54
42 22 14
42 23 36
42 24 47
42 25 38
42 26 149
42 27 72
42 28 4
42 29 1
42 30 26
42 31 19
42 32 13
42 33 0
42 34 24
42 35 2
42 36 27
42 37 7
42 38 36
42 39 72
42 40 47
42 41 3
42 42 0
42 43 70
42 44 3
42 45 10
42 46 21
42 47 86
42 48 10
43 0 68
43 1 19
43 2 9
43 3 17
43 4 173
43 5 2
43 6 20
43 7 12
43 8 1
43 9 4
43 10 12
43 11 15
43 12 3
43 13 14
43 14 25
43 15 4
43 16 8
43 17 60
43 18 22
43 19 40
43 20 18
43 21 35
43 22 48
43 23 23
43 24 186
43 25 26
43 26 27
43 27 49
43 28 12
43 29 5
43 30 14
43 31 32
43 32 10
43 33 17
43 34 10
43 35 6
43 36 0
43 37 13
43 38 0
43 39 74
43 40 41
43 41 15
43 42 3
43 43 0
43 44 8
43 45 15
43 46 4
43 47 8
43 48 7
44 0 27
44 1 6
44 2 17
44 3 73
44 4 14
44 5 4
44 6 45
44 7 2
44 8 94
44 9 54
44 10 25
44 11 2
44 12 14
44 13 14
44 14 117
44 15 18
44 16 93
44 17 15
44 18 15
44 19 20
44 20 14
44 21 24
44 22 3
44 23 29
44 24 12
44 25 35
44 26 45
44 27 12
44 28 13
44 29 36
44 30 1
44 31 53
44 32 45
44 33 45
44 34 75
44 35 21
44 36 28
44 37 16
44 38 78
44 39 37
44 40 6
44 41 14
44 42 43
44 43 22
44 44 0
44 45 28
44 46 18
44 47 15
44 48 25
45 0 10
45 1 4
45 2 19
45 3 40
45 4 19
45 5 47
45 6 26
45 7 30
45 8 12
45 9 5
45 10 192
45 11 11
45 12 9
45 13 19
45 14 7
45 15 3
45 16 34
45 17 2
45 18 34
45 19 25
45 20 119
45 21 20
45 22 7
45 23 2
45 24 5
45 25 17
45 26 10
45 27 11
45 28 15
45 29 31
45 30 23
45 31 23
45 32 11
45 33 14
45 34 12
45 35 0
45 36 25
45 37 13
45 38 40
45 39 0
45 40 11
45 41 6
45 42 4
45 43 11
45 44 19
45 45 0
45 46 0
45 47 2
45 48 21
46 0 10
46 1 105
46 2 16
46 3 28
46 4 29
46 5 10
46 6 9
46 7 9
46 8 9
46 9 6
46 10 17
46 11 52
46 12 41
46 13 92
46 14 2
46 15 5
46 16 3
46 17 13
46 18 2
46 19 25
46 20 0
46 21 11
46 22 15
46 23 18
46 24 0
46 25 11
46 26 6
46 27 27
46 28 10
46 29 17
46 30 31
46 31 17
46 32 1
46 33 4
46 34 11
46 35 1
46 36 16
46 37 0
46 38 21
46 39 17
46 40 0
46 41 16
46 42 0
46 43 20
46 44 21
46 45 1
46 46 0
46 47 3
46 48 12
47 0 24
47 1 24
47 2 14
47 3 28
47 4 35
47 5 19
47 6 9
47 7 27
47 8 20
47 9 5
47 10 20
47 11 24
47 12 16
47 13 17
47 14 26
47 15 39
47 16 25
47 17 74
47 18 18
47 19 16
47 20 0
47 21 13
47 22 60
47 23 12
47 24 26
47 25 23
47 26 53
47 27 4
47 28 33
47 29 1
47 30 19
47 31 20
47 32 30
47 33 9
47 34 22
47 35 21
47 36 10
47 37 2
47 38 17
47 39 38
47 40 14
47 41 17
47 42 18
47 43 40
47 44 30
47 45 7
47 46 32
47 47 0
47 48 1
48 0 8
48 1 13
48 2 61
48 3 12
48 4 16
48 5 20
48 6 70
48 7 37
48 8 58
48 9 121
48 10 30
48 11 2
48 12 12
48 13 0
48 14 15
48 15 60
48 16 35
48 17 29
48 18 9
48 19 7
48 20 1
48 21 2
48 22 12
48 23 12
48 24 12
48 25 17
48 26 41
48 27 26
48 28 66
48 29 34
48 30 15
48 31 4
48 32 16
48 33 10
48 34 43
48 35 8
48 36 48
48 37 44
48 38 52
48 39 10
48 40 91
48 41 22
48 42 7
48 43 28
48 44 18
48 45 14
48 46 1
48 47 8
48 48 0
