#So luong nut la la
61
#Toa do cac nut
6.893318192759522 9.294453111504954 0.0
1.9536408764838926 0.5555170930100986 0.0
18.803147413471713 5.154256932045335 0.0
12.809242061584607 5.746752207470995 0.0
4.3241318529673 4.767621475270364 0.0
11.12618165354918 7.413774114634347 0.0
4.473347962813222 14.857441832983934 0.0
19.00264926445767 16.360417606520272 0.0
18.142929953985 1.795364821782139 0.0
0.8399255797598817 5.811223719432514 0.0
5.578754615578004 5.27772892154735 0.0
4.339348855954579 3.4468681913827255 0.0
12.305780783021689 15.65164076969753 0.0
18.576269893197853 17.704738224179472 0.0
4.199513625464574 0.684701359304933 0.0
11.196937165786865 18.361877099588437 0.0
1.4854194773972895 9.257997296582543 0.0
19.237090597269997 10.996659583317058 0.0
10.87744244159173 6.33410970306878 0.0
0.44711648706160445 15.220192063921548 0.0
6.782404527025241 4.964067552809127 0.0
11.755877834812974 12.37782416582836 0.0
8.803302986069255 10.77501295778258 0.0
10.446496187960882 12.919697287615229 0.0
11.287949246776185 17.523402557354878 0.0
9.197318267925471 12.29436171961628 0.0
11.403301271817119 6.213323017730785 0.0
12.455286659003471 14.148091514952213 0.0
2.237089357087045 10.396548584298408 0.0
18.597597934401424 8.595683391666851 0.0
1.0692341832393153 2.5060501814272094 0.0
8.210772779875969 7.684061131428516 0.0
16.15003531883032 5.642785779893093 0.0
10.652413575946083 2.1474900713540626 0.0
11.75143811552672 0.7974578186745601 0.0
3.629155363062001 1.2567015481541048 0.0
4.767803581891339 1.6707069262277636 0.0
13.680310573158318 19.070631686582725 0.0
17.601189444574693 14.273560461187387 0.0
3.2767567887563183 11.408781827958881 0.0
12.338990066736198 13.817810983261694 0.0
2.5406141957081445 6.106013554920018 0.0
2.7303334390026173 17.307979405211963 0.0
4.137236283048629 6.701760325205497 0.0
3.199463317254486 6.489777959133566 0.0
5.530898325572912 0.9420181328409336 0.0
10.05231713069883 14.813043568738847 0.0
7.978838982543048 9.149065537380451 0.0
14.176555650259305 11.932276447799403 0.0
9.141642290135318 3.944746542451888 0.0
11.896360036660582 9.602492472461543 0.0
2.4512103124992244 2.578538036782057 0.0
5.749159976575553 12.310127999781855 0.0
3.7483990647261707 0.08348329824904255 0.0
18.07254429816641 15.523573199089899 0.0
4.4634400353309855 2.124502086197874 0.0
15.379226051103979 1.690008404041191 0.0
3.4916878609653907 10.579622271015818 0.0
10.198240988495636 4.45112647379721 0.0
6.4118950898007245 19.1301944220447 0.0
19.468964810561022 1.3559432992542924 0.0
#Ma tran yeu cau D
#source_index dest_index bw don vi Mbps
0 0 0
0 1 27
0 2 23
0 3 50
0 4 16
0 5 77
0 6 29
0 7 24
0 8 6
0 9 45
0 10 46
0 11 13
0 12 43
0 13 20
0 14 12
0 15 3
0 16 25
0 17 17
0 18 22
0 19 9
0 20 69
0 21 65
0 22 98
0 23 77
0 24 13
0 25 65
0 26 50
0 27 18
0 28 81
0 29 30
0 30 26
0 31 168
0 32 24
0 33 30
0 34 30
0 35 17
0 36 19
0 37 28
0 38 17
0 39 43
0 40 40
0 41 50
0 42 6
0 43 85
0 44 65
0 45 30
0 46 55
0 47 136
0 48 23
0 49 26
0 50 27
0 51 26
0 52 35
0 53 27
0 54 11
0 55 46
0 56 23
0 57 71
0 58 32
0 59 15
0 60 0
1 0 39
1 1 0
1 2 4
1 3 28
1 4 69
1 5 19
1 6 26
1 7 16
1 8 20
1 9 12
1 10 16
1 11 76
1 12 9
1 13 7
1 14 138
1 15 19
1 16 30
1 17 9
1 18 4
1 19 3
1 20 42
1 21 23
1 22 13
1 23 2
1 24 10
1 25 15
1 26 20
1 27 16
1 28 4
1 29 2
1 30 30
1 31 3
1 32 20
1 33 12
1 34 23
1 35 20
1 36 85
1 37 10
1 38 6
1 39 15
1 40 4
1 41 9
1 42 13
1 43 33
1 44 29
1 45 105
1 46 14
1 47 16
1 48 21
1 49 33
1 50 3
1 51 145
1 52 26
1 53 101
1 54 11
1 55 85
1 56 0
1 57 8
1 58 43
1 59 12
1 60 2
2 0 12
2 1 6
2 2 0
2 3 24
2 4 11
2 5 31
2 6 11
2 7 32
2 8 80
2 9 12
2 10 10
2 11 18
2 12 11
2 13 13
2 14 23
2 15 2
2 16 21
2 17 57
2 18 42
2 19 8
2 20 24
2 21 14
2 22 8
2 23 1
2 24 9
2 25 0
2 26 14
2 27 17
2 28 12
2 29 13
2 30 9
2 31 6
2 32 135
2 33 43
2 34 21
2 35 18
2 36 20
2 37 4
2 38 32
2 39 15
2 40 13
2 41 2
2 42 5
2 43 10
2 44 4
2 45 9
2 46 22
2 47 7
2 48 9
2 49 13
2 50 34
2 51 19
2 52 11
2 53 0
2 54 29
2 55 11
2 56 9
2 57 12
2 58 16
2 59 20
2 60 48
3 0 48
3 1 32
3 2 62
3 3 0
3 4 41
3 5 70
3 6 19
3 7 16
3 8 39
3 9 12
3 10 21
3 11 1
3 12 28
3 13 21
3 14 23
3 15 4
3 16 28
3 17 37
3 18 185
3 19 10
3 20 32
3 21 52
3 22 18
3 23 43
3 24 21
3 25 3
3 26 137
3 27 18
3 28 15
3 29 57
3 30 23
3 31 45
3 32 28
3 33 17
3 34 41
3 35 33
3 36 5
3 37 17
3 38 23
3 39 13
3 40 32
3 41 32
3 42 19
3 43 45
3 44 11
3 45 42
3 46 37
3 47 43
3 48 13
3 49 10
3 50 56
3 51 30
3 52 33
3 53 12
3 54 24
3 55 40
3 56 45
3 57 21
3 58 105
3 59 13
3 60 37
4 0 32
4 1 16
4 2 16
4 3 7
4 4 0
4 5 24
4 6 23
4 7 2
4 8 12
4 9 82
4 10 149
4 11 140
4 12 14
4 13 5
4 14 90
4 15 4
4 16 23
4 17 22
4 18 34
4 19 1
4 20 8
4 21 30
4 22 35
4 23 18
4 24 19
4 25 39
4 26 46
4 27 21
4 28 62
4 29 20
4 30 17
4 31 2
4 32 14
4 33 3
4 34 7
4 35 26
4 36 114
4 37 16
4 38 21
4 39 14
4 40 14
4 41 71
4 42 14
4 43 88
4 44 143
4 45 50
4 46 29
4 47 28
4 48 25
4 49 2
4 50 43
4 51 36
4 52 46
4 53 84
4 54 3
4 55 25
4 56 14
4 57 28
4 58 30
4 59 1
4 60 12
5 0 51
5 1 19
5 2 41
5 3 141
5 4 27
5 5 0
5 6 22
5 7 26
5 8 7
5 9 8
5 10 24
5 11 17
5 12 13
5 13 3
5 14 36
5 15 21
5 16 32
5 17 32
5 18 86
5 19 1
5 20 49
5 21 51
5 22 53
5 23 49
5 24 33
5 25 50
5 26 15
5 27 13
5 28 32
5 29 33
5 30 13
5 31 19
5 32 61
5 33 70
5 34 17
5 35 12
5 36 38
5 37 22
5 38 13
5 39 29
5 40 18
5 41 20
5 42 17
5 43 24
5 44 8
5 45 6
5 46 45
5 47 81
5 48 11
5 49 68
5 50 138
5 51 28
5 52 44
5 53 9
5 54 33
5 55 14
5 56 2
5 57 19
5 58 110
5 59 5
5 60 8
6 0 5
6 1 8
6 2 0
6 3 10
6 4 8
6 5 33
6 6 0
6 7 26
6 8 9
6 9 28
6 10 6
6 11 6
6 12 18
6 13 10
6 14 4
6 15 27
6 16 47
6 17 25
6 18 11
6 19 76
6 20 9
6 21 39
6 22 66
6 23 5
6 24 2
6 25 19
6 26 14
6 27 4
6 28 58
6 29 25
6 30 23
6 31 6
6 32 11
6 33 9
6 34 0
6 35 0
6 36 20
6 37 37
6 38 16
6 39 101
6 40 18
6 41 13
6 42 20
6 43 34
6 44 31
6 45 11
6 46 29
6 47 57
6 48 18
6 49 24
6 50 19
6 51 26
6 52 72
6 53 23
6 54 1
6 55 17
6 56 8
6 57 21
6 58 24
6 59 19
6 60 11
7 0 7
7 1 2
7 2 18
7 3 2
7 4 19
7 5 8
7 6 23
7 7 0
7 8 20
7 9 1
7 10 22
7 11 6
7 12 16
7 13 106
7 14 17
7 15 1
7 16 19
7 17 65
7 18 30
7 19 5
7 20 0
7 21 42
7 22 2
7 23 14
7 24 8
7 25 12
7 26 16
7 27 11
7 28 5
7 29 31
7 30 14
7 31 16
7 32 17
7 33 6
7 34 7
7 35 12
7 36 2
7 37 14
7 38 106
7 39 5
7 40 8
7 41 18
7 42 18
7 43 20
7 44 14
7 45 1
7 46 18
7 47 4
7 48 31
7 49 21
7 50 22
7 51 6
7 52 26
7 53 2
7 54 215
7 55 9
7 56 7
7 57 16
7 58 10
7 59 2
7 60 22
8 0 0
8 1 18
8 2 50
8 3 14
8 4 13
8 5 11
8 6 19
8 7 1
8 8 0
8 9 16
8 10 29
8 11 22
8 12 1
8 13 0
8 14 3
8 15 1
8 16 21
8 17 16
8 18 18
8 19 8
8 20 3
8 21 13
8 22 11
8 23 9
8 24 12
8 25 11
8 26 9
8 27 21
8 28 19
8 29 19
8 30 14
8 31 21
8 32 34
8 33 29
8 34 4
8 35 26
8 36 26
8 37 12
8 38 22
8 39 8
8 40 4
8 41 12
8 42 5
8 43 15
8 44 18
8 45 30
8 46 6
8 47 3
8 48 11
8 49 23
8 50 13
8 51 23
8 52 0
8 53 8
8 54 15
8 55 21
8 56 31
8 57 5
8 58 20
8 59 8
8 60 16
9 0 26
9 1 36
9 2 0
9 3 23
9 4 6
9 5 10
9 6 15
9 7 17
9 8 17
9 9 0
9 10 73
9 11 92
9 12 1
9 13 7
9 14 11
9 15 14
9 16 112
9 17 13
9 18 11
9 19 4
9 20 65
9 21 29
9 22 23
9 23 0
9 24 12
9 25 5
9 26 3
9 27 17
9 28 66
9 29 15
9 30 49
9 31 35
9 32 8
9 33 23
9 34 25
9 35 67
9 36 6
9 37 3
9 38 16
9 39 56
9 40 11
9 41 151
9 42 33
9 43 62
9 44 127
9 45 27
9 46 8
9 47 11
9 48 14
9 49 19
9 50 22
9 51 74
9 52 36
9 53 13
9 54 17
9 55 1
9 56 26
9 57 53
9 58 24
9 59 10
9 60 8
10 0 80
10 1 65
10 2 26
10 3 29
10 4 292
10 5 59
10 6 5
10 7 13
10 8 8
10 9 70
10 10 0
10 11 38
10 12 9
10 13 6
10 14 29
10 15 22
10 16 67
10 17 13
10 18 61
10 19 30
10 20 232
10 21 17
10 22 10
10 23 5
10 24 6
10 25 28
10 26 59
10 27 3
10 28 8
10 29 8
10 30 67
10 31 55
10 32 28
10 33 61
10 34 35
10 35 10
10 36 87
10 37 22
10 38 10
10 39 27
10 40 30
10 41 23
10 42 8
10 43 191
10 44 48
10 45 43
10 46 22
10 47 50
10 48 10
10 49 42
10 50 3
10 51 0
10 52 30
10 53 62
10 54 13
10 55 30
10 56 21
10 57 17
10 58 47
10 59 12
10 60 22
11 0 47
11 1 95
11 2 4
11 3 0
11 4 6
11 5 50
11 6 10
11 7 19
11 8 17
11 9 39
11 10 89
11 11 0
11 12 4
11 13 1
11 14 75
11 15 20
11 16 56
11 17 1
11 18 36
11 19 3
11 20 9
11 21 25
11 22 23
11 23 25
11 24 21
11 25 33
11 26 49
11 27 15
11 28 47
11 29 4
11 30 28
11 31 45
11 32 28
11 33 21
11 34 38
11 35 147
11 36 131
11 37 18
11 38 13
11 39 19
11 40 21
11 41 38
11 42 10
11 43 94
11 44 121
11 45 102
11 46 26
11 47 18
11 48 2
11 49 60
11 50 38
11 51 108
11 52 26
11 53 72
11 54 19
11 55 197
11 56 3
11 57 10
11 58 38
11 59 10
11 60 25
12 0 10
12 1 12
12 2 23
12 3 12
12 4 14
12 5 17
12 6 46
12 7 15
12 8 12
12 9 0
12 10 26
12 11 8
12 12 0
12 13 32
12 14 3
12 15 76
12 16 22
12 17 31
12 18 22
12 19 19
12 20 30
12 21 109
12 22 49
12 23 26
12 24 14
12 25 54
12 26 12
12 27 19
12 28 33
12 29 33
12 30 19
12 31 11
12 32 22
12 33 5
12 34 5
12 35 17
12 36 19
12 37 58
12 38 69
12 39 28
12 40 204
12 41 0
12 42 20
12 43 16
12 44 7
12 45 3
12 46 129
12 47 19
12 48 60
12 49 18
12 50 53
12 51 14
12 52 7
12 53 4
12 54 12
12 55 12
12 56 11
12 57 35
12 58 18
12 59 25
12 60 6
13 0 23
13 1 0
13 2 29
13 3 24
13 4 15
13 5 9
13 6 23
13 7 118
13 8 11
13 9 2
13 10 20
13 11 2
13 12 31
13 13 0
13 14 0
13 15 7
13 16 16
13 17 39
13 18 5
13 19 0
13 20 17
13 21 27
13 22 0
13 23 2
13 24 22
13 25 33
13 26 10
13 27 43
13 28 17
13 29 3
13 30 9
13 31 27
13 32 30
13 33 6
13 34 19
13 35 13
13 36 1
13 37 65
13 38 9
13 39 15
13 40 35
13 41 1
13 42 21
13 43 11
13 44 7
13 45 10
13 46 28
13 47 26
13 48 4
13 49 19
13 50 26
13 51 13
13 52 8
13 53 13
13 54 20
13 55 4
13 56 15
13 57 22
13 58 0
13 59 1
13 60 0
14 0 36
14 1 142
14 2 15
14 3 35
14 4 32
14 5 35
14 6 19
14 7 9
14 8 14
14 9 24
14 10 31
14 11 0
14 12 4
14 13 5
14 14 0
14 15 4
14 16 38
14 17 17
14 18 3
14 19 15
14 20 77
14 21 9
14 22 13
14 23 12
14 24 9
14 25 15
14 26 43
14 27 15
14 28 25
14 29 0
14 30 84
14 31 23
14 32 28
14 33 26
14 34 37
14 35 381
14 36 283
14 37 11
14 38 7
14 39 25
14 40 1
14 41 66
14 42 5
14 43 33
14 44 8
14 45 51
14 46 13
14 47 26
14 48 7
14 49 7
14 50 21
14 51 53
14 52 31
14 53 398
14 54 6
14 55 141
14 56 34
14 57 22
14 58 0
14 59 1
14 60 8
15 0 20
15 1 8
15 2 15
15 3 3
15 4 23
15 5 23
15 6 8
15 7 43
15 8 21
15 9 18
15 10 19
15 11 13
15 12 117
15 13 42
15 14 12
15 15 0
15 16 27
15 17 0
15 18 27
15 19 32
15 20 16
15 21 8
15 22 40
15 23 56
15 24 26
15 25 0
15 26 30
15 27 51
15 28 20
15 29 32
15 30 9
15 31 17
15 32 5
15 33 17
15 34 1
15 35 9
15 36 21
15 37 91
15 38 19
15 39 30
15 40 34
15 41 20
15 42 19
15 43 23
15 44 14
15 45 13
15 46 31
15 47 38
15 48 45
15 49 0
15 50 41
15 51 7
15 52 8
15 53 16
15 54 49
15 55 14
15 56 12
15 57 9
15 58 4
15 59 17
15 60 10
16 0 40
16 1 0
16 2 15
16 3 19
16 4 39
16 5 2
16 6 52
16 7 19
16 8 2
16 9 110
16 10 20
16 11 42
16 12 18
16 13 5
16 14 29
16 15 16
16 16 0
16 17 16
16 18 4
16 19 20
16 20 47
16 21 4
16 22 39
16 23 4
16 24 2
16 25 39
16 26 35
16 27 27
16 28 247
16 29 3
16 30 19
16 31 25
16 32 16
16 33 29
16 34 18
16 35 41
16 36 8
16 37 5
16 38 0
16 39 69
16 40 16
16 41 20
16 42 43
16 43 2
16 44 89
16 45 8
16 46 32
16 47 29
16 48 18
16 49 34
16 50 8
16 51 9
16 52 74
16 53 40
16 54 12
16 55 31
16 56 3
16 57 29
16 58 16
16 59 31
16 60 5
17 0 17
17 1 9
17 2 35
17 3 44
17 4 22
17 5 25
17 6 10
17 7 60
17 8 35
17 9 8
17 10 16
17 11 5
17 12 41
17 13 57
17 14 21
17 15 31
17 16 22
17 17 0
17 18 8
17 19 9
17 20 26
17 21 19
17 22 10
17 23 18
17 24 6
17 25 9
17 26 33
17 27 0
17 28 20
17 29 52
17 30 17
17 31 6
17 32 2
17 33 2
17 34 6
17 35 4
17 36 0
17 37 12
17 38 42
17 39 19
17 40 14
17 41 16
17 42 2
17 43 4
17 44 0
17 45 22
17 46 21
17 47 17
17 48 0
17 49 28
17 50 19
17 51 3
17 52 19
17 53 6
17 54 14
17 55 6
17 56 23
17 57 11
17 58 2
17 59 24
17 60 12
18 0 36
18 1 19
18 2 28
18 3 145
18 4 20
18 5 47
18 6 2
18 7 6
18 8 18
18 9 20
18 10 0
18 11 10
18 12 26
18 13 7
18 14 42
18 15 31
18 16 16
18 17 41
18 18 0
18 19 17
18 20 55
18 21 42
18 22 4
18 23 30
18 24 8
18 25 18
18 26 596
18 27 4
18 28 18
18 29 6
18 30 16
18 31 132
18 32 48
18 33 61
18 34 4
18 35 32
18 36 51
18 37 23
18 38 7
18 39 5
18 40 16
18 41 15
18 42 22
18 43 1
18 44 11
18 45 26
18 46 25
18 47 50
18 48 25
18 49 43
18 50 44
18 51 14
18 52 7
18 53 16
18 54 33
18 55 15
18 56 17
18 57 1
18 58 166
18 59 8
18 60 5
19 0 24
19 1 10
19 2 6
19 3 18
19 4 4
19 5 3
19 6 82
19 7 9
19 8 7
19 9 17
19 10 25
19 11 32
19 12 2
19 13 11
19 14 14
19 15 23
19 16 4
19 17 2
19 18 25
19 19 0
19 20 23
19 21 3
19 22 8
19 23 17
19 24 0
19 25 2
19 26 6
19 27 13
19 28 31
19 29 5
19 30 6
19 31 11
19 32 11
19 33 12
19 34 1
19 35 24
19 36 7
19 37 1
19 38 17
19 39 69
19 40 24
19 41 27
19 42 114
19 43 40
19 44 33
19 45 1
19 46 5
19 47 4
19 48 11
19 49 19
19 50 9
19 51 6
19 52 9
19 53 7
19 54 15
19 55 20
19 56 5
19 57 2
19 58 22
19 59 53
19 60 13
20 0 20
20 1 48
20 2 15
20 3 62
20 4 29
20 5 12
20 6 20
20 7 18
20 8 6
20 9 34
20 10 16
20 11 59
20 12 31
20 13 18
20 14 6
20 15 21
20 16 1
20 17 22
20 18 44
20 19 24
20 20 0
20 21 19
20 22 45
20 23 29
20 24 4
20 25 25
20 26 78
20 27 20
20 28 32
20 29 17
20 30 12
20 31 35
20 32 19
20 33 80
20 34 41
20 35 78
20 36 64
20 37 15
20 38 15
20 39 47
20 40 18
20 41 71
20 42 4
20 43 98
20 44 45
20 45 72
20 46 12
20 47 43
20 48 39
20 49 41
20 50 57
20 51 72
20 52 2
20 53 25
20 54 5
20 55 84
20 56 4
20 57 32
20 58 41
20 59 19
20 60 4
21 0 54
21 1 4
21 2 6
21 3 23
21 4 11
21 5 76
21 6 32
21 7 31
21 8 0
21 9 20
21 10 26
21 11 9
21 12 77
21 13 8
21 14 15
21 15 14
21 16 19
21 17 42
21 18 4
21 19 31
21 20 37
21 21 0
21 22 117
21 23 253
21 24 42
21 25 21
21 26 1
21 27 193
21 28 22
21 29 5
21 30 5
21 31 47
21 32 26
21 33 21
21 34 16
21 35 6
21 36 16
21 37 13
21 38 26
21 39 40
21 40 103
21 41 20
21 42 21
21 43 10
21 44 14
21 45 5
21 46 22
21 47 39
21 48 139
21 49 25
21 50 25
21 51 3
21 52 52
21 53 23
21 54 18
21 55 19
21 56 0
21 57 24
21 58 34
21 59 16
21 60 21
22 0 2
22 1 13
22 2 26
22 3 0
22 4 47
22 5 14
22 6 26
22 7 9
22 8 23
22 9 13
22 10 25
22 11 35
22 12 3
22 13 33
22 14 26
22 15 1
22 16 29
22 17 9
22 18 73
22 19 10
22 20 34
22 21 34
22 22 0
22 23 38
22 24 54
22 25 227
22 26 42
22 27 65
22 28 20
22 29 5
22 30 0
22 31 50
22 32 27
22 33 8
22 34 2
22 35 2
22 36 11
22 37 36
22 38 21
22 39 63
22 40 17
22 41 25
22 42 34
22 43 16
22 44 5
22 45 27
22 46 70
22 47 127
22 48 46
22 49 10
22 50 116
22 51 13
22 52 24
22 53 5
22 54 11
22 55 9
22 56 12
22 57 53
22 58 22
22 59 44
22 60 1
23 0 35
23 1 4
23 2 20
23 3 20
23 4 18
23 5 64
23 6 52
23 7 25
23 8 25
23 9 1
23 10 12
23 11 27
23 12 95
23 13 0
23 14 6
23 15 37
23 16 33
23 17 24
23 18 46
23 19 27
23 20 30
23 21 79
23 22 94
23 23 0
23 24 77
23 25 112
23 26 14
23 27 125
23 28 23
23 29 10
23 30 18
23 31 4
23 32 31
23 33 28
23 34 22
23 35 27
23 36 31
23 37 33
23 38 39
23 39 43
23 40 60
23 41 22
23 42 17
23 43 5
23 44 24
23 45 8
23 46 69
23 47 70
23 48 103
23 49 4
23 50 90
23 51 22
23 52 31
23 53 24
23 54 17
23 55 17
23 56 28
23 57 36
23 58 33
23 59 3
23 60 10
24 0 39
24 1 16
24 2 5
24 3 13
24 4 10
24 5 3
24 6 8
24 7 28
24 8 18
24 9 12
24 10 21
24 11 8
24 12 147
24 13 10
24 14 14
24 15 76
24 16 6
24 17 8
24 18 12
24 19 13
24 20 12
24 21 23
24 22 24
24 23 74
24 24 0
24 25 58
24 26 22
24 27 97
24 28 6
24 29 22
24 30 1
24 31 34
24 32 6
24 33 25
24 34 11
24 35 10
24 36 15
24 37 50
24 38 55
24 39 27
24 40 13
24 41 25
24 42 44
24 43 10
24 44 20
24 45 10
24 46 4
24 47 6
24 48 33
24 49 22
24 50 18
24 51 19
24 52 45
24 53 16
24 54 22
24 55 14
24 56 15
24 57 26
24 58 12
24 59 37
24 60 2
25 0 49
25 1 18
25 2 17
25 3 39
25 4 19
25 5 71
25 6 41
25 7 12
25 8 4
25 9 4
25 10 29
25 11 6
25 12 77
25 13 18
25 14 1
25 15 54
25 16 25
25 17 17
25 18 5
25 19 12
25 20 40
25 21 143
25 22 97
25 23 254
25 24 55
25 25 0
25 26 2
25 27 48
25 28 14
25 29 36
25 30 1
25 31 6
25 32 6
25 33 36
25 34 18
25 35 14
25 36 4
25 37 30
25 38 28
25 39 11
25 40 98
25 41 28
25 42 6
25 43 28
25 44 4
25 45 32
25 46 39
25 47 116
25 48 24
25 49 3
25 50 10
25 51 23
25 52 75
25 53 21
25 54 32
25 55 20
25 56 11
25 57 45
25 58 4
25 59 52
25 60 8
26 0 0
26 1 9
26 2 10
26 3 96
26 4 53
26 5 19
26 6 7
26 7 5
26 8 41
26 9 16
26 10 10
26 11 47
26 12 41
26 13 29
26 14 6
26 15 18
26 16 9
26 17 8
26 18 386
26 19 10
26 20 11
26 21 47
26 22 65
26 23 51
26 24 22
26 25 9
26 26 0
26 27 34
26 28 18
26 29 0
26 30 11
26 31 96
26 32 25
26 33 92
26 34 13
26 35 34
26 36 18
26 37 21
26 38 8
26 39 34
26 40 36
26 41 39
26 42 24
26 43 11
26 44 1
26 45 28
26 46 19
26 47 38
26 48 48
26 49 69
26 50 36
26 51 17
26 52 30
26 53 39
26 54 24
26 55 7
26 56 30
26 57 10
26 58 25
26 59 24
26 60 37
27 0 3
27 1 17
27 2 26
27 3 2
27 4 25
27 5 33
27 6 41
27 7 24
27 8 16
27 9 13
27 10 12
27 11 13
27 12 212
27 13 15
27 14 14
27 15 16
27 16 31
27 17 13
27 18 9
27 19 8
27 20 3
27 21 192
27 22 75
27 23 113
27 24 78
27 25 72
27 26 43
27 27 0
27 28 9
27 29 39
27 30 5
27 31 31
27 32 26
27 33 14
27 34 11
27 35 24
27 36 15
27 37 0
27 38 14
27 39 30
27 40 486
27 41 18
27 42 34
27 43 18
27 44 12
27 45 1
27 46 44
27 47 37
27 48 1
27 49 30
27 50 81
27 51 0
27 52 50
27 53 10
27 54 18
27 55 24
27 56 16
27 57 39
27 58 34
27 59 29
27 60 6
28 0 59
28 1 8
28 2 6
28 3 15
28 4 33
28 5 1
28 6 72
28 7 2
28 8 6
28 9 3
28 10 31
28 11 44
28 12 9
28 13 3
28 14 11
28 15 8
28 16 255
28 17 0
28 18 21
28 19 69
28 20 26
28 21 28
28 22 20
28 23 5
28 24 2
28 25 22
28 26 30
28 27 28
28 28 0
28 29 0
28 30 8
28 31 22
28 32 16
28 33 18
28 34 10
28 35 37
28 36 41
28 37 6
28 38 24
28 39 150
28 40 21
28 41 28
28 42 37
28 43 54
28 44 15
28 45 10
28 46 1
28 47 53
28 48 19
28 49 42
28 50 37
28 51 31
28 52 5
28 53 23
28 54 12
28 55 5
28 56 7
28 57 45
28 58 12
28 59 19
28 60 4
29 0 22
29 1 19
29 2 1
29 3 12
29 4 26
29 5 44
29 6 14
29 7 0
29 8 42
29 9 21
29 10 13
29 11 5
29 12 34
29 13 14
29 14 16
29 15 32
29 16 11
29 17 96
29 18 4
29 19 16
29 20 31
29 21 31
29 22 26
29 23 34
29 24 9
29 25 26
29 26 33
29 27 34
29 28 3
29 29 0
29 30 17
29 31 9
29 32 46
29 33 3
29 34 28
29 35 19
29 36 14
29 37 31
29 38 48
29 39 5
29 40 17
29 41 7
29 42 1
29 43 4
29 44 9
29 45 24
29 46 6
29 47 10
29 48 33
29 49 24
29 50 28
29 51 0
29 52 14
29 53 13
29 54 20
29 55 5
29 56 29
29 57 25
29 58 7
29 59 14
29 60 36
30 0 19
30 1 110
30 2 19
30 3 23
30 4 88
30 5 30
30 6 19
30 7 1
30 8 19
30 9 14
30 10 48
30 11 84
30 12 0
30 13 4
30 14 78
30 15 17
30 16 7
30 17 3
30 18 7
30 19 27
30 20 33
30 21 6
30 22 4
30 23 22
30 24 19
30 25 6
30 26 15
30 27 6
30 28 30
30 29 18
30 30 0
30 31 44
30 32 16
30 33 9
30 34 15
30 35 123
30 36 55
30 37 9
30 38 6
30 39 16
30 40 4
30 41 30
30 42 4
30 43 70
30 44 24
30 45 10
30 46 4
30 47 31
30 48 15
30 49 0
30 50 14
30 51 88
30 52 10
30 53 17
30 54 16
30 55 62
30 56 21
30 57 36
30 58 42
30 59 2
30 60 15
31 0 88
31 1 22
31 2 24
31 3 29
31 4 39
31 5 3
31 6 18
31 7 3
31 8 31
31 9 38
31 10 82
31 11 53
31 12 42
31 13 26
31 14 8
31 15 23
31 16 30
31 17 30
31 18 43
31 19 18
31 20 63
31 21 31
31 22 36
31 23 35
31 24 31
31 25 51
31 26 19
31 27 24
31 28 35
31 29 24
31 30 19
31 31 0
31 32 2
31 33 13
31 34 9
31 35 44
31 36 13
31 37 9
31 38 0
31 39 60
31 40 27
31 41 4
31 42 35
31 43 23
31 44 72
31 45 30
31 46 3
31 47 91
31 48 53
31 49 45
31 50 92
31 51 43
31 52 37
31 53 43
31 54 14
31 55 10
31 56 35
31 57 66
31 58 19
31 59 18
31 60 2
32 0 3
32 1 10
32 2 13
32 3 70
32 4 0
32 5 74
32 6 22
32 7 5
32 8 74
32 9 15
32 10 14
32 11 10
32 12 24
32 13 19
32 14 13
32 15 7
32 16 20
32 17 13
32 18 61
32 19 8
32 20 1
32 21 47
32 22 38
32 23 3
32 24 24
32 25 32
32 26 75
32 27 3
32 28 13
32 29 58
32 30 10
32 31 20
32 32 0
32 33 54
32 34 17
32 35 13
32 36 0
32 37 1
32 38 27
32 39 1
32 40 22
32 41 3
32 42 11
32 43 11
32 44 27
32 45 29
32 46 1
32 47 10
32 48 23
32 49 12
32 50 51
32 51 4
32 52 28
32 53 8
32 54 7
32 55 17
32 56 38
32 57 25
32 58 0
32 59 8
32 60 28
33 0 23
33 1 3
33 2 9
33 3 86
33 4 56
33 5 38
33 6 2
33 7 14
33 8 47
33 9 23
33 10 0
33 11 57
33 12 15
33 13 18
33 14 15
33 15 24
33 16 10
33 17 16
33 18 7
33 19 18
33 20 31
33 21 4
33 22 35
33 23 3
33 24 13
33 25 3
33 26 76
33 27 31
33 28 16
33 29 29
33 30 19
33 31 10
33 32 7
33 33 0
33 34 101
33 35 10
33 36 40
33 37 11
33 38 17
33 39 23
33 40 1
33 41 1
33 42 2
33 43 16
33 44 21
33 45 24
33 46 2
33 47 13
33 48 36
33 49 168
33 50 50
33 51 37
33 52 6
33 53 0
33 54 24
33 55 55
33 56 81
33 57 25
33 58 106
33 59 4
33 60 28
34 0 3
34 1 22
34 2 15
34 3 44
34 4 34
34 5 10
34 6 0
34 7 1
34 8 58
34 9 19
34 10 0
34 11 32
34 12 21
34 13 10
34 14 48
34 15 7
34 16 24
34 17 9
34 18 54
34 19 10
34 20 44
34 21 0
34 22 2
34 23 30
34 24 9
34 25 27
34 26 40
34 27 11
34 28 3
34 29 31
34 30 22
34 31 33
34 32 38
34 33 64
34 34 0
34 35 30
34 36 15
34 37 13
34 38 13
34 39 27
34 40 1
34 41 3
34 42 9
34 43 15
34 44 19
34 45 53
34 46 6
34 47 13
34 48 24
34 49 15
34 50 26
34 51 28
34 52 16
34 53 20
34 54 13
34 55 6
34 56 44
34 57 10
34 58 44
34 59 1
34 60 39
35 0 15
35 1 125
35 2 15
35 3 10
35 4 26
35 5 0
35 6 3
35 7 5
35 8 22
35 9 65
35 10 27
35 11 12
35 12 0
35 13 9
35 14 467
35 15 20
35 16 4
35 17 16
35 18 4
35 19 15
35 20 64
35 21 5
35 22 14
35 23 4
35 24 19
35 25 9
35 26 2
35 27 1
35 28 29
35 29 10
35 30 133
35 31 3
35 32 22
35 33 39
35 34 33
35 35 0
35 36 69
35 37 8
35 38 0
35 39 6
35 40 17
35 41 72
35 42 24
35 43 29
35 44 37
35 45 169
35 46 1
35 47 26
35 48 7
35 49 39
35 50 27
35 51 114
35 52 18
35 53 214
35 54 12
35 55 157
35 56 33
35 57 6
35 58 20
35 59 11
35 60 22
36 0 47
36 1 59
36 2 23
36 3 16
36 4 49
36 5 17
36 6 2
36 7 2
36 8 8
36 9 16
36 10 71
36 11 86
36 12 22
36 13 17
36 14 346
36 15 22
36 16 39
36 17 5
36 18 15
36 19 23
36 20 7
36 21 3
36 22 30
36 23 12
36 24 8
36 25 32
36 26 20
36 27 4
36 28 40
36 29 5
36 30 52
36 31 5
36 32 25
36 33 9
36 34 23
36 35 114
36 36 0
36 37 17
36 38 19
36 39 2
36 40 22
36 41 56
36 42 8
36 43 21
36 44 18
36 45 106
36 46 12
36 47 38
36 48 2
36 49 62
36 50 28
36 51 90
36 52 28
36 53 139
36 54 2
36 55 702
36 56 33
36 57 34
36 58 17
36 59 6
36 60 20
37 0 29
37 1 14
37 2 18
37 3 14
37 4 5
37 5 1
37 6 17
37 7 1
37 8 16
37 9 19
37 10 17
37 11 8
37 12 50
37 13 64
37 14 9
37 15 76
37 16 13
37 17 18
37 18 9
37 19 18
37 20 12
37 21 44
37 22 39
37 23 50
37 24 128
37 25 36
37 26 19
37 27 46
37 28 2
37 29 1
37 30 9
37 31 17
37 32 13
37 33 0
37 34 0
37 35 0
37 36 16
37 37 0
37 38 20
37 39 1
37 40 45
37 41 12
37 42 20
37 43 20
37 44 5
37 45 10
37 46 55
37 47 2
37 48 15
37 49 20
37 50 35
37 51 7
37 52 17
37 53 6
37 54 14
37 55 17
37 56 18
37 57 9
37 58 23
37 59 29
37 60 20
38 0 3
38 1 8
38 2 11
38 3 22
38 4 16
38 5 22
38 6 0
38 7 12
38 8 2
38 9 9
38 10 5
38 11 6
38 12 33
38 13 26
38 14 17
38 15 50
38 16 4
38 17 14
38 18 21
38 19 0
38 20 2
38 21 7
38 22 30
38 23 16
38 24 49
38 25 13
38 26 13
38 27 49
38 28 0
38 29 21
38 30 18
38 31 10
38 32 27
38 33 1
38 34 23
38 35 12
38 36 14
38 37 27
38 38 0
38 39 3
38 40 13
38 41 0
38 42 11
38 43 1
38 44 15
38 45 13
38 46 7
38 47 16
38 48 4
38 49 9
38 50 9
38 51 10
38 52 0
38 53 6
38 54 78
38 55 19
38 56 7
38 57 9
38 58 32
38 59 31
38 60 12
39 0 35
39 1 11
39 2 6
39 3 12
39 4 34
39 5 1
39 6 102
39 7 20
39 8 2
39 9 27
39 10 22
39 11 3
39 12 18
39 13 13
39 14 32
39 15 1
39 16 114
39 17 15
39 18 17
39 19 83
39 20 35
39 21 12
39 22 38
39 23 36
39 24 25
39 25 25
39 26 40
39 27 27
39 28 249
39 29 5
39 30 36
39 31 45
39 32 13
39 33 29
39 34 16
39 35 22
39 36 32
39 37 28
39 38 12
39 39 0
39 40 32
39 41 58
39 42 62
39 43 45
39 44 49
39 45 35
39 46 3
39 47 26
39 48 19
39 49 11
39 50 43
39 51 2
39 52 7
39 53 15
39 54 13
39 55 5
39 56 24
39 57 95
39 58 22
39 59 0
39 60 15
40 0 10
40 1 13
40 2 23
40 3 37
40 4 13
40 5 17
40 6 39
40 7 25
40 8 2
40 9 26
40 10 11
40 11 3
40 12 8
40 13 28
40 14 12
40 15 47
40 16 26
40 17 3
40 18 6
40 19 18
40 20 18
40 21 179
40 22 39
40 23 182
40 24 18
40 25 113
40 26 4
40 27 374
40 28 16
40 29 34
40 30 11
40 31 35
40 32 32
40 33 10
40 34 21
40 35 7
40 36 11
40 37 67
40 38 67
40 39 26
40 40 0
40 41 26
40 42 5
40 43 26
40 44 33
40 45 27
40 46 130
40 47 43
40 48 85
40 49 16
40 50 32
40 51 12
40 52 16
40 53 5
40 54 25
40 55 17
40 56 24
40 57 6
40 58 17
40 59 40
40 60 6
41 0 14
41 1 55
41 2 5
41 3 22
41 4 134
41 5 10
41 6 36
41 7 2
41 8 15
41 9 37
41 10 41
41 11 62
41 12 17
41 13 19
41 14 41
41 15 18
41 16 82
41 17 8
41 18 14
41 19 42
41 20 18
41 21 8
41 22 34
41 23 1
41 24 6
41 25 38
41 26 25
41 27 18
41 28 53
41 29 13
41 30 66
41 31 63
41 32 10
41 33 23
41 34 29
41 35 24
41 36 51
41 37 18
41 38 17
41 39 42
41 40 19
41 41 0
41 42 1
41 43 25
41 44 262
41 45 24
41 46 19
41 47 1
41 48 29
41 49 0
41 50 20
41 51 66
41 52 15
41 53 61
41 54 21
41 55 33
41 56 24
41 57 63
41 58 47
41 59 12
41 60 0
42 0 30
42 1 19
42 2 8
42 3 19
42 4 20
42 5 1
42 6 105
42 7 6
42 8 12
42 9 11
42 10 7
42 11 19
42 12 20
42 13 0
42 14 15
42 15 5
42 16 4
42 17 11
42 18 26
42 19 30
42 20 15
42 21 17
42 22 21
42 23 17
42 24 4
42 25 48
42 26 7
42 27 21
42 28 27
42 29 21
42 30 1
42 31 13
42 32 1
42 33 21
42 34 4
42 35 6
42 36 17
42 37 4
42 38 20
42 39 48
42 40 26
42 41 26
42 42 0
42 43 33
42 44 32
42 45 22
42 46 45
42 47 30
42 48 1
42 49 3
42 50 22
42 51 26
42 52 51
42 53 21
42 54 19
42 55 6
42 56 12
42 57 13
42 58 7
42 59 35
42 60 2
43 0 31
43 1 41
43 2 1
43 3 29
43 4 159
43 5 16
43 6 10
43 7 9
43 8 23
43 9 66
43 10 25
43 11 39
43 12 29
43 13 0
43 14 22
43 15 1
43 16 8
43 17 10
43 18 54
43 19 15
43 20 2
43 21 21
43 22 26
43 23 41
43 24 29
43 25 39
43 26 53
43 27 30
43 28 58
43 29 15
43 30 9
43 31 21
43 32 17
43 33 39
43 34 1
43 35 21
43 36 56
43 37 21
43 38 12
43 39 9
43 40 29
43 41 111
43 42 18
43 43 0
43 44 222
43 45 46
43 46 11
43 47 67
43 48 17
43 49 46
43 50 14
43 51 13
43 52 62
43 53 39
43 54 6
43 55 17
43 56 14
43 57 55
43 58 30
43 59 25
43 60 7
44 0 42
44 1 14
44 2 22
44 3 36
44 4 181
44 5 33
44 6 25
44 7 0
44 8 10
44 9 38
44 10 43
44 11 113
44 12 24
44 13 7
44 14 14
44 15 5
44 16 122
44 17 19
44 18 28
44 19 29
44 20 90
44 21 27
44 22 0
44 23 16
44 24 17
44 25 3
44 26 30
44 27 27
44 28 21
44 29 5
44 30 29
44 31 76
44 32 23
44 33 15
44 34 33
44 35 62
44 36 44
44 37 16
44 38 8
44 39 69
44 40 3
44 41 120
44 42 5
44 43 105
44 44 0
44 45 46
44 46 27
44 47 72
44 48 2
44 49 31
44 50 15
44 51 8
44 52 19
44 53 8
44 54 22
44 55 65
44 56 2
44 57 51
44 58 13
44 59 29
44 60 9
45 0 32
45 1 59
45 2 9
45 3 29
45 4 87
45 5 18
45 6 8
45 7 17
45 8 25
45 9 36
45 10 8
45 11 0
45 12 0
45 13 9
45 14 34
45 15 6
45 16 11
45 17 1
45 18 32
45 19 22
45 20 66
45 21 0
45 22 33
45 23 25
45 24 12
45 25 31
45 26 26
45 27 1
45 28 7
45 29 11
45 30 75
45 31 26
45 32 29
45 33 1
45 34 22
45 35 107
45 36 148
45 37 4
45 38 11
45 39 1
45 40 27
45 41 13
45 42 1
45 43 10
45 44 25
45 45 0
45 46 20
45 47 44
45 48 8
45 49 50
45 50 24
45 51 37
45 52 33
45 53 198
45 54 11
45 55 165
45 56 6
45 57 28
45 58 13
45 59 3
45 60 22
46 0 3
46 1 4
46 2 23
46 3 26
46 4 4
46 5 14
46 6 42
46 7 13
46 8 11
46 9 6
46 10 29
46 11 28
46 12 163
46 13 15
46 14 2
46 15 89
46 16 13
46 17 19
46 18 17
46 19 6
46 20 12
46 21 109
46 22 1
46 23 94
46 24 111
46 25 71
46 26 7
46 27 46
46 28 0
46 29 32
46 30 1
46 31 16
46 32 33
46 33 16
46 34 4
46 35 16
46 36 26
46 37 38
46 38 31
46 39 42
46 40 153
46 41 5
46 42 41
46 43 0
46 44 7
46 45 20
46 46 0
46 47 39
46 48 66
46 49 33
46 50 67
46 51 8
46 52 77
46 53 5
46 54 20
46 55 12
46 56 4
46 57 12
46 58 24
46 59 28
46 60 23
47 0 307
47 1 30
47 2 16
47 3 56
47 4 65
47 5 69
47 6 11
47 7 16
47 8 23
47 9 29
47 10 8
47 11 20
47 12 2
47 13 4
47 14 22
47 15 15
47 16 42
47 17 34
47 18 83
47 19 40
47 20 36
47 21 61
47 22 102
47 23 50
47 24 30
47 25 51
47 26 60
47 27 21
47 28 38
47 29 23
47 30 29
47 31 208
47 32 39
47 33 18
47 34 15
47 35 7
47 36 12
47 37 24
47 38 26
47 39 35
47 40 15
47 41 51
47 42 22
47 43 2
47 44 51
47 45 14
47 46 55
47 47 0
47 48 13
47 49 24
47 50 62
47 51 35
47 52 78
47 53 11
47 54 25
47 55 9
47 56 29
47 57 74
47 58 73
47 59 27
47 60 6
48 0 8
48 1 17
48 2 2
48 3 17
48 4 31
48 5 37
48 6 27
48 7 42
48 8 18
48 9 11
48 10 3
48 11 17
48 12 33
48 13 19
48 14 1
48 15 55
48 16 4
48 17 15
48 18 48
48 19 12
48 20 31
48 21 139
48 22 55
48 23 75
48 24 43
48 25 68
48 26 46
48 27 25
48 28 25
48 29 28
48 30 4
48 31 45
48 32 18
48 33 26
48 34 30
48 35 10
48 36 14
48 37 28
48 38 11
48 39 8
48 40 15
48 41 14
48 42 4
48 43 13
48 44 7
48 45 15
48 46 6
48 47 23
48 48 0
48 49 26
48 50 47
48 51 16
48 52 22
48 53 22
48 54 43
48 55 26
48 56 3
48 57 23
48 58 26
48 59 37
48 60 33
49 0 10
49 1 4
49 2 24
49 3 78
49 4 2
49 5 35
49 6 3
49 7 21
49 8 34
49 9 30
49 10 76
49 11 25
49 12 9
49 13 5
49 14 46
49 15 15
49 16 34
49 17 30
49 18 100
49 19 26
49 20 30
49 21 2
49 22 18
49 23 22
49 24 2
49 25 27
49 26 81
49 27 16
49 28 37
49 29 31
49 30 41
49 31 87
49 32 38
49 33 93
49 34 9
49 35 27
49 36 24
49 37 19
49 38 24
49 39 16
49 40 37
49 41 20
49 42 15
49 43 26
49 44 51
49 45 57
49 46 21
49 47 59
49 48 16
49 49 0
49 50 6
49 51 14
49 52 35
49 53 43
49 54 13
49 55 25
49 56 20
49 57 18
49 58 295
49 59 0
49 60 11
50 0 0
50 1 5
50 2 42
50 3 42
50 4 23
50 5 18
50 6 8
50 7 27
50 8 33
50 9 17
50 10 33
50 11 10
50 12 47
50 13 32
50 14 19
50 15 43
50 16 37
50 17 6
50 18 86
50 19 27
50 20 18
50 21 47
50 22 71
50 23 6
50 24 20
50 25 3
50 26 83
50 27 24
50 28 24
50 29 48
50 30 2
50 31 92
50 32 7
50 33 38
50 34 34
50 35 15
50 36 34
50 37 0
50 38 46
50 39 6
50 40 65
50 41 6
50 42 22
50 43 20
50 44 20
50 45 12
50 46 64
50 47 91
50 48 19
50 49 61
50 50 0
50 51 12
50 52 54
50 53 0
50 54 33
50 55 4
50 56 2
50 57 42
50 58 72
50 59 0
50 60 26
51 0 4
51 1 3
51 2 5
51 3 30
51 4 26
51 5 30
51 6 17
51 7 6
51 8 20
51 9 17
51 10 94
51 11 118
51 12 1
51 13 8
51 14 144
51 15 18
51 16 11
51 17 5
51 18 12
51 19 1
51 20 23
51 21 24
51 22 35
51 23 7
51 24 5
51 25 12
51 26 28
51 27 3
51 28 30
51 29 12
51 30 233
51 31 39
51 32 14
51 33 36
51 34 18
51 35 0
51 36 59
51 37 13
51 38 10
51 39 27
51 40 15
51 41 34
51 42 15
51 43 35
51 44 24
51 45 18
51 46 26
51 47 7
51 48 4
51 49 7
51 50 18
51 51 0
51 52 3
51 53 86
51 54 15
51 55 115
51 56 2
51 57 8
51 58 25
51 59 1
51 60 12
52 0 49
52 1 0
52 2 1
52 3 12
52 4 4
52 5 11
52 6 133
52 7 11
52 8 4
52 9 29
52 10 44
52 11 18
52 12 7
52 13 21
52 14 6
52 15 36
52 16 72
52 17 11
52 18 34
52 19 13
52 20 8
52 21 3
52 22 22
52 23 55
52 24 30
52 25 72
52 26 23
52 27 34
52 28 46
52 29 21
52 30 32
52 31 52
52 32 5
52 33 15
52 34 10
52 35 21
52 36 29
52 37 15
52 38 15
52 39 62
52 40 16
52 41 57
52 42 58
52 43 60
52 44 3
52 45 8
52 46 58
52 47 97
52 48 28
52 49 6
52 50 15
52 51 7
52 52 0
52 53 18
52 54 11
52 55 2
52 56 6
52 57 84
52 58 39
52 59 0
52 60 1
53 0 9
53 1 92
53 2 12
53 3 26
53 4 74
53 5 18
53 6 1
53 7 16
53 8 17
53 9 57
53 10 56
53 11 22
53 12 20
53 13 8
53 14 194
53 15 17
53 16 12
53 17 17
53 18 29
53 19 22
53 20 44
53 21 21
53 22 28
53 23 0
53 24 9
53 25 12
53 26 35
53 27 12
53 28 0
53 29 15
53 30 8
53 31 7
53 32 9
53 33 54
53 34 31
53 35 166
53 36 82
53 37 4
53 38 18
53 39 25
53 40 7
53 41 46
53 42 15
53 43 35
53 44 10
53 45 18
53 46 21
53 47 29
53 48 23
53 49 0
53 50 6
53 51 80
53 52 27
53 53 0
53 54 17
53 55 9
53 56 29
53 57 31
53 58 31
53 59 3
53 60 9
54 0 17
54 1 0
54 2 32
54 3 30
54 4 7
54 5 26
54 6 5
54 7 7
54 8 22
54 9 14
54 10 11
54 11 20
54 12 64
54 13 20
54 14 8
54 15 3
54 16 14
54 17 66
54 18 21
54 19 22
54 20 1
54 21 2
54 22 8
54 23 19
54 24 21
54 25 8
54 26 26
54 27 15
54 28 8
54 29 44
54 30 15
54 31 27
54 32 15
54 33 7
54 34 9
54 35 2
54 36 4
54 37 19
54 38 73
54 39 9
54 40 6
54 41 10
54 42 4
54 43 6
54 44 10
54 45 0
54 46 2
54 47 5
54 48 14
54 49 17
54 50 26
54 51 8
54 52 12
54 53 9
54 54 0
54 55 3
54 56 10
54 57 19
54 58 9
54 59 11
54 60 14
55 0 29
55 1 90
55 2 27
55 3 30
55 4 55
55 5 36
55 6 17
55 7 2
55 8 8
55 9 51
55 10 61
55 11 106
55 12 1
55 13 2
55 14 198
55 15 3
55 16 14
55 17 22
55 18 4
55 19 17
55 20 62
55 21 7
55 22 1
55 23 25
55 24 11
55 25 17
55 26 37
55 27 14
55 28 33
55 29 23
55 30 60
55 31 34
55 32 19
55 33 33
55 34 51
55 35 153
55 36 557
55 37 13
55 38 2
55 39 13
55 40 18
55 41 26
55 42 7
55 43 67
55 44 32
55 45 152
55 46 28
55 47 21
55 48 20
55 49 58
55 50 12
55 51 125
55 52 30
55 53 20
55 54 4
55 55 0
55 56 33
55 57 15
55 58 5
55 59 13
55 60 26
56 0 18
56 1 27
56 2 16
56 3 0
56 4 16
56 5 4
56 6 7
56 7 8
56 8 34
56 9 7
56 10 17
56 11 12
56 12 4
56 13 1
56 14 10
56 15 0
56 16 17
56 17 28
56 18 58
56 19 13
56 20 35
56 21 12
56 22 20
56 23 14
56 24 6
56 25 15
56 26 42
56 27 1
56 28 0
56 29 10
56 30 4
56 31 3
56 32 67
56 33 57
56 34 37
56 35 6
56 36 9
56 37 19
56 38 20
56 39 21
56 40 11
56 41 15
56 42 10
56 43 28
56 44 21
56 45 24
56 46 16
56 47 31
56 48 5
56 49 18
56 50 31
56 51 23
56 52 10
56 53 7
56 54 9
56 55 31
56 56 0
56 57 13
56 58 65
56 59 12
56 60 79
57 0 21
57 1 13
57 2 11
57 3 28
57 4 10
57 5 0
57 6 37
57 7 15
57 8 20
57 9 62
57 10 27
57 11 1
57 12 24
57 13 14
57 14 32
57 15 7
57 16 42
57 17 9
57 18 18
57 19 15
57 20 17
57 21 5
57 22 51
57 23 19
57 24 3
57 25 58
57 26 3
57 27 5
57 28 175
57 29 15
57 30 2
57 31 8
57 32 14
57 33 7
57 34 11
57 35 6
57 36 16
57 37 2
57 38 18
57 39 22
57 40 20
57 41 87
57 42 23
57 43 31
57 44 66
57 45 22
57 46 17
57 47 54
57 48 33
57 49 26
57 50 5
57 51 22
57 52 105
57 53 4
57 54 18
57 55 11
57 56 18
57 57 0
57 58 14
57 59 10
57 60 17
58 0 41
58 1 14
58 2 20
58 3 125
58 4 55
58 5 30
58 6 22
58 7 13
58 8 22
58 9 27
58 10 36
58 11 36
58 12 21
58 13 12
58 14 24
58 15 5
58 16 0
58 17 16
58 18 141
58 19 2
58 20 20
58 21 12
58 22 60
58 23 29
58 24 28
58 25 39
58 26 88
58 27 20
58 28 30
58 29 4
58 30 0
58 31 38
58 32 18
58 33 23
58 34 5
58 35 40
58 36 53
58 37 1
58 38 10
58 39 28
58 40 27
58 41 5
58 42 11
58 43 57
58 44 7
58 45 41
58 46 27
58 47 56
58 48 43
58 49 309
58 50 50
58 51 3
58 52 21
58 53 10
58 54 2
58 55 30
58 56 24
58 57 0
58 58 0
58 59 22
58 60 23
59 0 23
59 1 16
59 2 4
59 3 14
59 4 8
59 5 3
59 6 74
59 7 5
59 8 9
59 9 10
59 10 18
59 11 1
59 12 1
59 13 5
59 14 5
59 15 57
59 16 21
59 17 15
59 18 8
59 19 7
59 20 19
59 21 42
59 22 35
59 23 3
59 24 71
59 25 34
59 26 3
59 27 37
59 28 35
59 29 13
59 30 5
59 31 25
59 32 0
59 33 10
59 34 17
59 35 8
59 36 19
59 37 3
59 38 30
59 39 19
59 40 48
59 41 17
59 42 40
59 43 10
59 44 15
59 45 1
59 46 35
59 47 24
59 48 29
59 49 14
59 50 13
59 51 17
59 52 32
59 53 15
59 54 22
59 55 5
59 56 19
59 57 38
59 58 8
59 59 0
59 60 3
60 0 11
60 1 0
60 2 90
60 3 29
60 4 3
60 5 21
60 6 4
60 7 2
60 8 114
60 9 1
60 10 27
60 11 23
60 12 7
60 13 19
60 14 5
60 15 16
60 16 14
60 17 1
60 18 0
60 19 5
60 20 19
60 21 15
60 22 11
60 23 8
60 24 20
60 25 19
60 26 29
60 27 9
60 28 17
60 29 46
60 30 14
60 31 29
60 32 65
60 33 15
60 34 10
60 35 23
60 36 0
60 37 13
60 38 1
60 39 11
60 40 1
60 41 1
60 42 15
60 43 19
60 44 23
60 45 6
60 46 15
60 47 10
60 48 31
60 49 6
60 50 7
60 51 14
60 52 15
60 53 2
60 54 19
60 55 16
60 56 88
60 57 16
60 58 20
60 59 17
60 60 0
