#So luong nut la la
53
#Toa do cac nut
17.480453849519662 8.23251865764177 0.0
3.162806533935978 9.664461166148493 0.0
4.599077010052038 18.958210619468204 0.0
17.847741936184402 6.048236017253014 0.0
12.411065729398016 5.270584677198665 0.0
14.537239838901701 18.28131793671578 0.0
15.461678164660754 16.7395345140144 0.0
18.314533161491017 11.562168403725376 0.0
0.3966946267928759 18.14272124520632 0.0
18.14751662684307 1.6761446903784998 0.0
11.766544666551797 2.331287775491229 0.0
4.103341229222005 3.9134978871928414 0.0
18.82885549408377 16.958058922897926 0.0
15.778806915793217 0.7552780114691178 0.0
5.715716977998484 11.976989156148202 0.0
7.426215238044077 1.6348718681607406 0.0
0.13351009155053706 2.979915671866925 0.0
18.50076329557364 2.357932554475231 0.0
7.109668766363318 11.062954801817307 0.0
2.7013814788822006 10.865203942504797 0.0
6.573492619828389 1.0123165935886838 0.0
4.918372577280572 15.610435072123586 0.0
1.9141419461217146 2.6112954228908545 0.0
8.740786286111987 16.68362393274728 0.0
10.864347442072717 1.7977520445233184 0.0
12.731606822730578 11.991022444726672 0.0
7.553321304446667 14.417098144189168 0.0
14.620690884812044 3.2148945774459583 0.0
0.5183170531491911 16.382528063510232 0.0
3.237150870901245 12.014283998533358 0.0
10.905733846926294 2.453022201858779 0.0
16.407014871638538 5.283020006082251 0.0
13.523103289016179 6.706134137093009 0.0
3.1074028147724047 1.8309822388667443 0.0
5.062850510402005 7.93433008661392 0.0
18.78465466433073 14.466622463237481 0.0
19.429904235088436 13.935447841639775 0.0
12.638795027099558 13.042863552960023 0.0
1.5134428202988157 6.210643227167029 0.0
19.417230413954933 8.686504480902219 0.0
4.188103989906379 17.905979804907894 0.0
6.129159939267259 6.815824470884709 0.0
1.448311600305212 1.454503650978896 0.0
14.5954811822043 11.152622266570173 0.0
13.951731440790228 15.206002297045414 0.0
17.262711897016516 2.652939929422849 0.0
3.135388280660263 0.7577982667589324 0.0
12.153794054541036 3.0874195498260697 0.0
4.930925286497197 2.945755799027254 0.0
0.39583905004352227 1.3283115664080125 0.0
8.314109036852638 2.695607725909976 0.0
2.3002879070134012 7.97810678345669 0.0
15.96930039915758 11.096711177575505 0.0
#Ma tran yeu cau D
#source_index dest_index bw don vi Mbps
22 10 17
36 52 25
37 31 58
45 40 45
33 39 25
12 16 6
49 7 10
38 27 2
27 2 50
32 1 52
6 40 39
22 50 25
13 36 63
38 37 43
1 13 63
48 32 6
4 38 44
47 43 31
5 48 58
37 48 20
34 16 27
2 35 3
52 27 45
44 8 9
45 46 29
22 9 40
8 14 9
4 7 56
38 50 56
0 38 4
3 49 2
34 21 1
36 12 42
51 42 27
20 4 17
43 44 12
16 27 58
27 51 19
47 40 13
14 35 8
14 23 23
22 32 10
44 12 57
0 32 19
15 3 14
33 5 53
30 22 24
31 32 10
31 22 13
10 41 44
21 10 28
15 48 25
18 21 45
35 9 14
18 40 17
37 9 62
22 29 45
24 20 28
6 44 53
0 15 53
46 20 17
32 42 52
9 45 26
50 42 42
35 34 12
1 15 23
9 48 5
9 2 11
38 5 32
23 29 57
16 14 25
28 33 47
28 8 28
5 10 31
26 30 18
19 26 47
2 20 60
39 24 53
21 25 13
20 43 25
21 3 57
42 47 13
24 32 45
24 50 1
1 28 21
17 26 31
37 21 46
50 37 58
9 34 2
28 14 28
32 41 56
16 5 61
8 2 44
2 26 56
39 35 38
14 1 51
12 27 61
44 46 51
34 15 39
24 17 40
15 30 54
0 45 35
14 7 59
10 1 47
5 49 21
27 42 9
33 14 49
39 9 61
43 34 52
1 3 55
20 35 28
33 9 19
20 14 15
25 11 25
3 51 39
20 42 49
11 48 26
1 39 26
21 16 19
22 12 8
52 36 20
14 40 26
23 19 37
19 17 24
45 36 43
28 41 61
37 51 49
28 2 14
46 31 39
5 51 21
32 52 24
16 0 16
32 39 54
42 10 60
16 25 6
12 33 20
19 15 59
18 44 30
9 18 38
45 34 34
26 2 39
25 4 2
5 41 51
19 9 40
8 3 49
32 38 38
49 6 17
15 47 7
49 24 40
42 41 49
27 21 4
36 6 11
20 3 37
3 22 48
11 15 29
24 47 30
7 36 59
20 6 43
30 40 12
48 35 19
24 33 42
17 32 26
52 49 57
6 52 8
17 20 53
26 46 2
25 28 34
26 35 6
49 32 59
48 38 25
30 32 14
52 32 2
15 37 14
2 30 59
27 24 54
8 34 17
47 20 28
16 6 4
16 23 54
47 33 11
20 12 54
42 5 16
40 44 37
34 4 25
46 21 21
42 18 17
29 21 11
19 45 63
4 5 61
15 2 16
48 33 59
39 4 15
13 20 63
17 41 55
36 10 45
11 7 57
20 40 7
26 27 58
36 44 46
21 27 31
35 19 40
27 38 62
24 51 26
14 17 22
19 24 42
41 36 6
17 49 30
14 27 9
18 28 32
51 33 11
0 14 52
35 15 4
11 37 29
22 16 12
32 10 45
11 36 38
34 18 24
45 2 10
49 23 16
3 31 32
52 12 19
52 22 62
19 3 36
47 51 25
16 13 37
48 41 35
2 43 6
34 33 28
2 47 18
48 7 28
50 31 42
38 11 38
33 30 47
45 37 31
7 14 10
18 34 47
38 39 63
31 42 62
43 11 62
32 44 63
37 38 23
1 30 41
7 52 3
11 8 9
46 40 59
41 4 43
18 51 5
51 12 29
27 23 2
43 19 38
40 29 34
10 27 46
6 24 42
25 35 43
32 0 34
32 25 10
8 27 35
41 2 34
17 36 26
27 32 5
45 47 59
25 10 63
17 3 62
8 12 30
26 8 17
47 25 48
52 38 36
38 13 19
33 34 23
36 30 14
9 21 9
3 14 62
12 31 14
31 3 52
6 47 24
20 28 29
18 32 22
31 46 63
14 16 7
19 50 31
51 52 13
32 46 3
22 38 29
51 29 1
49 42 49
47 1 10
20 39 46
30 48 6
18 25 3
37 11 31
29 1 3
39 33 53
1 8 7
35 21 5
29 40 44
18 30 48
42 32 10
2 23 39
12 13 58
42 14 19
29 15 33
11 14 24
29 52 31
45 50 54
21 29 4
10 17 1
44 32 26
23 21 12
29 45 5
11 42 47
24 52 9
38 45 29
23 24 56
31 28 56
35 45 38
22 26 63
48 25 4
52 33 9
39 47 32
44 17 39
14 49 12
3 50 20
11 19 14
7 23 61
37 19 33
2 4 62
7 41 49
19 8 27
40 20 40
14 33 2
20 8 24
40 11 44
47 4 56
3 26 10
50 5 28
26 19 46
45 41 52
33 31 51
5 20 2
47 8 26
34 35 6
50 0 8
39 41 30
44 9 52
8 16 36
6 20 54
2 50 62
32 34 28
4 15 7
38 16 48
48 49 62
2 49 6
8 43 3
36 15 32
7 40 42
20 5 8
50 2 25
25 12 44
25 49 25
30 5 37
49 5 3
11 43 47
41 20 7
35 12 4
46 44 57
24 37 6
1 4 63
36 38 61
28 45 14
27 6 59
31 39 19
6 9 56
7 18 6
36 46 3
48 3 57
7 12 45
39 28 12
11 0 60
31 48 58
32 43 12
14 4 6
46 29 30
10 33 25
19 23 49
42 11 56
24 31 29
19 33 23
37 8 7
32 31 55
30 17 24
43 28 61
40 52 31
15 33 14
37 45 6
52 7 25
52 30 7
34 43 32
5 32 36
52 8 49
41 17 57
43 38 8
15 39 20
10 25 41
20 24 2
48 14 40
46 41 47
4 33 59
38 43 9
38 6 51
21 15 40
34 39 4
30 38 21
28 52 32
41 11 63
40 6 18
27 47 22
12 4 43
37 26 21
41 0 24
33 32 14
49 12 18
22 27 43
7 1 1
51 34 58
35 33 37
13 8 2
17 38 46
44 2 46
44 1 59
31 4 58
0 33 44
51 32 23
4 28 49
7 43 60
8 11 60
22 11 30
22 2 28
26 39 2
11 9 17
5 3 48
38 31 26
35 13 17
45 26 58
11 22 50
46 4 32
43 10 4
39 6 58
43 14 29
25 14 53
23 43 2
11 1 4
9 51 55
25 0 14
13 12 41
17 21 15
49 29 1
18 35 32
10 21 27
40 25 15
25 43 17
31 6 3
46 33 26
6 26 19
51 50 15
40 3 51
35 22 26
47 52 6
17 42 62
2 29 16
13 2 19
3 9 24
3 4 24
4 22 20
27 25 1
51 38 42
22 44 51
1 43 20
23 5 51
40 32 57
47 38 28
41 24 37
35 43 47
4 39 10
49 36 9
31 13 5
48 20 36
38 15 31
32 16 40
22 6 1
29 38 6
8 51 40
29 7 31
12 46 26
9 41 36
25 52 20
46 42 37
2 52 56
39 23 19
42 17 1
6 41 41
11 41 39
49 41 53
23 9 23
39 20 13
33 10 60
23 30 23
40 42 29
41 5 57
23 46 45
50 32 51
21 6 2
32 37 7
35 38 1
34 37 27
48 27 50
32 29 23
19 12 37
11 12 40
45 39 30
3 18 5
51 31 8
44 6 44
3 12 34
17 24 11
45 21 20
31 23 54
18 10 32
47 34 58
45 14 33
24 7 11
39 37 59
28 6 62
16 24 38
23 0 11
21 34 14
29 4 39
13 3 37
9 11 39
50 1 41
15 50 47
33 2 35
21 11 5
16 29 49
10 18 27
52 1 57
46 49 26
8 49 38
34 17 38
5 35 52
52 4 41
52 40 3
22 13 2
35 48 11
11 46 9
28 23 55
15 6 59
31 50 1
49 28 31
35 8 9
30 13 61
14 43 40
47 16 31
41 8 17
24 0 20
0 49 49
37 28 6
16 20 2
17 29 63
38 1 9
39 31 58
39 13 37
15 45 50
27 41 50
0 48 21
0 13 40
15 7 21
6 35 2
2 7 17
1 26 4
17 12 41
21 23 32
35 37 42
5 30 35
37 41 36
26 44 17
45 20 46
4 36 4
24 45 9
4 18 56
43 6 27
7 6 1
34 38 14
46 24 27
38 20 50
31 18 55
29 2 22
51 36 1
26 22 50
30 23 60
21 51 62
2 24 41
23 3 4
39 17 31
43 15 43
5 2 39
10 51 11
3 0 3
45 7 26
9 33 59
4 50 8
42 4 62
22 43 48
24 23 61
27 37 19
19 52 56
6 18 5
42 46 9
47 28 42
30 28 49
52 14 31
30 24 17
29 25 21
44 0 34
47 3 26
22 17 51
26 13 20
3 32 36
3 45 11
18 38 46
23 16 51
12 2 5
28 11 8
29 39 19
22 37 6
50 28 47
24 48 35
45 10 42
27 17 29
41 49 10
47 6 47
21 1 43
48 45 39
30 21 31
30 44 9
12 45 61
1 25 41
24 49 28
50 4 51
5 9 60
33 1 46
31 19 59
26 52 18
2 6 60
21 50 25
26 38 55
33 8 38
43 30 7
39 43 10
2 19 13
16 34 21
19 22 6
14 34 37
19 5 4
0 34 18
38 7 10
15 44 10
5 0 12
30 41 48
47 29 41
7 21 61
10 32 60
8 31 61
0 26 14
27 11 5
34 0 53
4 29 10
40 39 63
1 29 61
8 18 31
15 10 39
15 35 9
26 25 2
7 50 57
34 20 50
6 4 22
20 26 28
41 19 33
19 47 38
40 9 15
23 17 9
37 22 29
25 46 18
39 1 12
38 24 18
48 46 2
48 28 23
18 41 20
31 36 33
2 45 3
46 12 5
29 16 44
0 30 15
4 11 42
3 6 2
16 18 32
1 14 49
30 19 31
4 24 56
50 24 50
6 39 61
38 26 47
10 13 4
21 39 56
11 24 48
35 10 57
36 20 36
23 14 25
18 4 42
49 22 28
42 7 23
32 3 41
1 23 41
3 2 33
43 51 16
10 20 62
36 14 39
4 19 25
46 45 28
44 19 23
4 23 46
14 48 13
33 51 58
38 19 44
24 4 59
44 34 24
1 11 42
32 27 34
17 44 59
21 13 41
31 0 54
31 26 21
51 40 10
51 23 58
52 25 3
22 1 56
11 50 15
20 48 48
0 25 17
47 7 10
33 28 55
5 1 42
1 41 30
33 23 32
36 47 1
3 41 39
18 26 46
45 13 39
19 46 63
43 35 25
2 25 49
32 24 39
40 27 33
32 50 55
31 8 55
11 17 10
12 44 43
11 4 40
19 27 17
4 52 12
23 38 59
17 33 48
48 39 46
22 0 38
36 51 36
4 1 5
48 18 44
0 35 31
45 52 32
41 7 20
40 34 40
24 19 51
48 29 25
37 18 5
50 40 39
45 23 45
10 47 37
8 26 22
44 36 35
4 30 52
15 18 24
37 34 57
13 1 7
27 18 5
38 23 46
35 41 46
25 21 15
42 26 34
28 43 60
17 35 20
22 25 39
19 36 45
6 29 47
14 24 37
22 40 18
20 21 37
33 25 28
18 7 9
45 16 20
14 20 9
14 42 19
37 24 46
13 51 27
12 6 8
22 31 6
25 33 27
37 12 16
9 29 2
26 18 30
4 26 17
48 6 23
52 19 53
1 37 42
6 16 15
21 17 7
44 20 51
14 21 57
39 51 59
30 35 53
33 16 13
34 12 20
42 12 12
44 15 5
26 32 35
52 41 31
40 7 13
38 14 40
23 11 10
6 36 16
10 22 51
26 16 14
37 35 38
13 22 19
48 31 42
9 10 13
14 44 10
11 51 55
40 10 12
12 9 46
40 46 11
30 0 47
41 50 12
12 26 41
36 3 40
47 2 30
33 46 25
32 15 6
27 26 50
13 47 53
35 24 59
10 43 32
1 27 41
20 0 21
7 16 35
16 50 25
23 1 18
17 28 7
17 25 13
37 16 11
46 48 15
49 18 22
25 29 54
8 7 23
28 4 18
29 27 5
52 21 54
32 35 17
17 43 23
6 37 17
28 34 6
15 34 56
48 30 1
41 26 8
11 34 6
49 25 31
34 5 39
30 46 41
52 23 49
17 51 13
45 30 16
36 32 38
18 27 42
25 2 57
36 48 7
37 5 5
25 22 41
44 33 45
16 28 26
8 21 49
42 21 53
15 40 4
6 8 3
50 9 5
11 18 30
30 16 9
2 5 43
19 1 27
2 27 25
25 17 25
22 21 2
39 34 52
37 1 62
24 39 22
37 0 25
34 45 5
7 20 21
40 2 4
35 11 62
16 15 56
0 8 38
30 33 54
16 11 39
26 51 22
4 44 39
4 49 61
30 39 35
14 37 16
49 35 44
49 19 56
27 4 4
35 20 42
48 15 48
30 14 5
14 31 35
7 44 23
10 8 1
45 38 37
10 38 7
17 4 13
48 34 56
36 34 54
28 1 30
0 50 62
1 44 1
10 11 34
0 52 6
31 45 33
36 28 53
41 45 38
21 7 56
37 6 3
33 47 29
12 8 56
43 47 63
6 32 44
23 36 14
16 12 16
13 27 4
19 7 4
3 40 19
20 30 13
11 26 7
50 36 35
5 18 31
51 15 12
18 11 26
7 51 35
20 1 36
27 31 63
50 7 52
25 27 18
27 13 30
5 25 16
14 18 49
35 47 43
9 27 60
39 36 8
41 6 22
23 49 26
14 29 19
3 5 58
6 2 21
38 49 29
16 37 35
38 36 12
39 12 44
39 52 31
39 45 59
40 48 22
5 34 61
20 15 7
9 36 22
25 50 46
25 32 41
41 21 4
18 50 36
47 35 2
44 37 22
49 38 2
32 8 44
39 7 55
49 37 61
0 47 22
32 19 2
48 23 12
26 21 26
23 51 38
46 50 54
26 33 52
40 50 45
37 46 39
40 24 51
50 18 49
36 7 54
6 48 14
36 22 44
20 18 33
49 9 23
36 17 8
33 15 5
29 6 26
52 31 61
17 37 15
1 35 58
51 6 48
20 23 59
52 37 22
12 43 55
46 16 29
39 50 61
36 49 5
19 6 14
22 49 52
4 2 16
45 22 13
42 33 29
50 6 11
40 37 14
13 9 27
28 17 16
50 17 36
52 16 51
10 24 42
38 35 15
22 51 6
0 27 47
49 1 14
42 19 15
14 10 25
37 49 52
3 39 23
45 3 12
35 14 45
46 39 44
8 41 20
41 38 23
19 10 41
3 33 26
28 12 31
2 46 23
46 19 27
38 17 29
6 0 35
36 11 63
37 23 29
38 42 50
46 9 43
50 26 43
14 15 12
49 31 39
1 5 5
52 10 36
17 0 18
41 33 9
49 52 14
17 31 63
7 4 43
6 30 10
27 9 21
28 42 63
34 9 15
49 48 22
48 12 6
20 16 31
36 41 2
1 12 33
4 41 2
1 48 39
31 16 12
13 34 13
16 31 41
13 46 38
36 27 28
10 31 37
49 50 34
12 18 9
49 43 55
24 3 2
1 21 9
0 40 15
4 35 44
6 31 62
39 40 3
7 27 58
13 42 4
19 40 43
44 31 51
30 49 6
52 9 10
5 4 42
21 12 47
0 22 28
43 52 3
31 43 23
2 10 18
9 42 6
43 5 2
50 47 53
42 37 4
36 25 18
29 31 9
24 43 27
42 22 18
19 43 31
42 35 16
45 35 45
22 3 33
51 11 24
51 16 32
28 36 32
2 48 20
34 3 29
15 12 61
24 44 46
15 23 44
28 35 39
25 5 22
31 52 53
24 28 53
35 18 37
0 29 42
11 2 38
28 47 50
31 11 14
12 35 9
43 46 46
4 32 15
50 12 7
28 49 34
24 2 15
4 16 58
19 29 20
45 51 31
28 26 13
8 40 3
2 9 6
18 8 53
47 15 28
6 19 50
50 29 20
33 11 61
37 27 53
1 38 59
12 7 45
31 15 37
17 11 28
17 19 5
8 32 4
21 44 44
10 16 15
27 7 3
47 23 5
45 5 56
35 23 28
39 29 32
9 30 1
50 45 5
17 50 63
27 39 59
20 34 22
23 10 49
37 17 17
42 13 10
35 7 20
22 19 9
48 47 29
10 36 30
34 1 20
51 8 25
26 5 27
21 20 20
27 10 2
22 24 6
2 0 3
43 22 12
49 10 35
13 10 42
12 37 1
47 32 43
19 30 30
43 36 4
28 48 58
24 12 33
1 22 9
26 43 26
22 18 54
20 25 34
10 46 20
22 23 4
15 36 38
12 25 55
12 19 30
26 48 31
1 46 21
18 29 33
24 25 36
32 7 40
6 34 25
9 46 5
26 37 11
31 49 59
46 51 18
18 2 32
5 24 42
42 27 25
46 14 21
41 47 10
29 19 40
22 52 54
8 39 30
14 46 57
10 28 28
1 51 61
50 52 27
25 13 63
39 15 3
19 34 42
7 11 18
5 12 45
30 8 4
3 35 27
14 13 44
48 24 23
33 35 30
47 44 23
32 6 53
48 16 1
51 2 60
9 43 49
48 5 23
8 6 56
43 1 42
13 48 50
37 44 36
16 21 32
44 28 3
43 24 40
22 35 47
26 6 8
44 13 59
47 37 60
20 38 60
44 4 33
41 48 14
26 36 13
12 1 54
24 1 27
52 11 4
20 7 53
42 20 34
25 1 3
48 4 13
11 20 16
5 17 43
21 40 41
15 52 18
28 25 17
37 4 38
41 15 61
50 8 14
51 19 29
20 9 38
26 4 10
15 26 14
13 0 60
32 13 25
46 35 1
51 4 5
35 4 2
44 5 22
41 51 33
13 49 4
43 16 35
16 44 56
19 0 26
43 32 35
50 44 42
7 28 7
48 40 60
32 11 52
33 12 45
28 24 6
35 31 23
49 15 40
18 0 33
10 2 43
31 47 18
40 31 17
6 38 46
9 8 30
2 15 57
51 43 63
27 12 20
6 21 10
20 33 33
9 0 26
11 3 29
15 16 28
33 18 32
25 20 2
38 10 59
19 38 16
47 26 42
20 49 26
34 10 45
6 12 35
21 46 49
39 25 24
28 0 17
40 43 51
15 43 53
35 26 39
37 52 30
6 14 47
27 5 6
5 44 9
48 37 10
16 46 11
29 46 23
31 10 42
37 10 23
13 52 58
51 30 60
24 8 17
6 13 14
40 45 14
13 44 30
50 14 3
41 9 2
27 3 10
15 17 33
39 10 1
30 1 30
51 28 13
15 28 12
20 37 57
26 1 42
41 29 38
24 21 40
43 21 32
30 43 45
17 16 57
5 16 52
13 5 59
15 9 1
42 39 4
45 44 32
2 28 49
18 12 2
50 49 55
34 42 63
34 13 40
12 41 1
4 13 6
3 17 29
5 11 14
29 13 58
42 16 38
16 2 49
34 6 35
4 51 47
29 20 4
25 39 26
23 25 34
36 42 10
51 49 25
37 36 5
41 12 1
12 40 31
50 11 14
28 13 5
4 8 52
13 15 32
9 37 23
9 25 37
18 52 18
35 52 49
11 32 24
10 5 48
17 40 52
6 11 6
27 43 16
18 39 51
50 3 17
24 11 2
9 28 39
33 38 26
23 20 8
37 2 4
35 44 42
38 29 48
30 52 24
35 32 9
51 37 54
4 40 13
48 51 36
18 22 39
15 31 1
8 45 33
16 43 4
0 11 1
0 46 53
45 11 1
25 40 2
6 33 36
43 25 50
41 3 27
0 9 3
23 22 54
19 48 6
50 22 39
47 48 29
19 21 12
34 47 26
4 42 30
50 48 1
20 32 3
18 45 32
11 21 17
9 38 48
9 7 27
19 39 3
3 27 42
3 1 21
42 3 31
18 20 18
29 10 27
5 19 37
35 51 10
34 50 33
27 22 3
7 17 7
35 2 13
6 17 25
12 52 34
46 0 22
17 52 2
2 13 59
5 47 26
52 46 46
9 15 26
5 21 50
25 6 38
3 38 51
18 19 59
29 18 39
47 14 7
44 3 50
3 29 23
10 6 3
29 3 45
47 30 13
11 25 14
27 29 52
37 40 1
13 40 49
15 8 2
18 47 36
2 36 46
11 39 5
25 45 55
51 13 61
14 52 1
31 2 1
25 18 26
30 45 19
10 9 36
8 36 55
11 16 4
45 43 1
42 34 8
42 30 60
51 35 14
32 48 8
37 47 1
34 19 1
25 8 42
16 19 38
41 18 45
43 40 58
51 25 9
30 29 5
9 47 47
2 33 30
29 37 12
40 5 52
0 16 40
30 7 24
44 29 58
40 8 21
32 40 8
3 34 48
26 0 14
38 22 9
0 51 53
43 18 19
8 17 63
4 10 1
11 27 5
10 35 58
23 15 25
45 9 16
3 30 8
8 22 37
18 6 11
44 35 19
29 12 1
51 1 31
49 33 34
21 37 47
50 33 4
10 14 24
49 27 3
10 50 24
51 44 22
49 26 16
18 17 20
22 33 23
46 36 24
13 17 15
24 14 38
52 28 9
8 52 27
0 42 37
26 20 33
36 0 49
15 19 24
23 2 43
16 1 18
2 14 12
27 52 20
41 52 27
11 52 32
42 44 45
3 25 13
24 30 28
47 21 31
51 22 27
47 17 42
50 25 9
30 3 10
15 29 32
26 34 26
7 10 27
27 33 3
7 0 18
46 28 49
14 26 36
8 25 56
8 35 33
26 15 40
44 27 9
7 13 63
27 1 1
14 51 7
1 47 22
36 21 11
2 22 6
23 50 36
11 44 18
45 25 10
34 40 47
34 29 35
45 6 2
33 3 47
36 35 50
40 28 13
27 19 10
9 17 9
33 22 24
43 2 47
47 50 3
7 35 15
51 3 2
52 15 4
35 28 27
21 35 5
10 3 7
52 44 12
25 42 38
13 7 22
10 42 43
3 10 1
1 49 2
28 50 7
14 0 24
35 40 34
0 1 2
34 44 6
34 32 12
11 28 11
46 18 44
42 51 1
47 49 45
49 14 54
36 9 42
52 34 5
23 52 60
47 39 40
28 10 1
3 48 4
35 49 12
7 2 7
49 20 30
16 36 47
22 20 55
18 49 4
0 19 44
13 26 11
14 2 19
15 32 48
42 15 32
26 17 38
9 20 17
25 37 21
7 9 34
8 48 5
1 32 27
5 37 24
9 32 45
11 33 1
16 48 16
16 9 24
48 2 3
0 28 6
17 39 1
27 30 28
1 16 3
44 52 50
34 8 63
5 13 20
17 6 1
18 9 1
46 5 14
43 8 52
12 28 44
52 47 36
9 13 5
16 7 8
3 21 35
26 3 3
33 42 29
33 37 9
14 3 3
30 20 11
11 5 19
6 22 7
8 19 7
42 6 45
15 49 7
26 49 27
26 50 1
13 45 16
23 6 8
22 42 2
29 32 2
27 0 26
52 6 20
32 30 2
8 5 40
0 39 48
44 45 16
17 22 1
44 14 5
35 39 6
30 6 18
1 2 4
28 27 8
40 14 31
49 8 46
36 37 7
6 15 2
12 39 55
13 6 1
7 46 15
49 34 1
28 29 1
28 40 56
45 28 2
21 0 52
47 13 7
52 50 8
27 46 2
52 2 43
22 30 3
24 29 2
11 49 35
14 39 6
35 46 10
21 2 4
3 8 19
10 15 6
21 42 10
24 42 50
41 42 21
48 50 1
41 32 42
21 14 6
3 7 27
10 37 2
9 52 2
34 49 39
41 40 1
7 37 27
46 15 8
23 8 63
15 27 16
30 15 3
5 40 3
40 13 3
33 27 12
21 45 19
41 39 8
44 22 21
52 35 2
44 30 5
8 37 6
15 22 32
51 7 16
3 47 44
24 26 5
48 26 32
28 18 43
34 25 24
29 36 57
3 28 23
18 36 1
45 18 1
28 15 2
