#So luong nut la la
67
#Toa do cac nut
15.907993141872522 4.259868429187139 0.0
2.152191124394745 8.822764127517742 0.0
17.636715656667473 6.738800864153221 0.0
9.65238721856388 7.520172820708019 0.0
8.435459109418707 9.680099196470799 0.0
17.44461196594892 11.30560566960674 0.0
14.583161579280471 1.3809502119582555 0.0
5.107004627005445 8.137488861849464 0.0
16.441658618153404 7.4684381745222295 0.0
19.84007539915847 5.337130150475941 0.0
13.182720916504579 4.306649920624682 0.0
3.7957537839935305 3.430072484334775 0.0
18.786079118817426 12.80026237243654 0.0
19.875179826038888 15.49277805823103 0.0
15.285056296261473 0.5612957192732706 0.0
7.202311397862431 1.6106195722023449 0.0
3.3898892247512133 13.999128064500127 0.0
2.865606702895969 4.812175209553202 0.0
18.57207670843122 2.089672454125706 0.0
12.678294736828175 1.635400850768976 0.0
17.01085798427221 15.767797640766002 0.0
19.958216497159448 10.154393834227339 0.0
7.779985860357321 4.298346892491927 0.0
8.551333164005783 0.1737106835215887 0.0
14.804156429865115 5.393741020133481 0.0
6.2037817794521395 11.938016479055547 0.0
10.377839473261622 4.087905454553264 0.0
18.159673109128676 8.168298902077778 0.0
6.77699782953071 1.1009449096659112 0.0
16.080967277925428 17.989188416347506 0.0
8.135548730694557 7.492225026796037 0.0
9.265469169344756 15.016246710013897 0.0
5.385306596806091 4.003166309892067 0.0
13.040151185154018 3.5882907801729718 0.0
16.292584657865714 11.471248348719607 0.0
6.951246601038508 2.474173387931187 0.0
17.4588920966664 3.8209088366933646 0.0
7.5962104542503806 0.09057457296236449 0.0
18.16963898772578 5.844915800306468 0.0
16.205994208542936 3.549988144823616 0.0
1.0663075609524113 8.142401506965685 0.0
11.534045372236696 16.45957047424738 0.0
1.457194146369642 11.857615898701651 0.0
5.715758023899788 0.17662237852381446 0.0
18.365131801128534 9.997170260576622 0.0
14.555713308028015 7.032919014239546 0.0
13.152337076749802 12.686920658534495 0.0
16.83932970686873 18.778262682820397 0.0
2.3151572024769664 1.6663632374827442 0.0
14.993382417420264 13.655665387161921 0.0
18.95473555751732 10.229874524980998 0.0
2.3867416768484677 12.656241285677709 0.0
0.5406514590672871 17.433216271324724 0.0
4.803840284863252 13.308737051818568 0.0
9.105231458851502 3.694348333228182 0.0
3.634269619105623 15.160680934984216 0.0
5.787190689730837 9.596319141555169 0.0
14.287247775609073 14.928375294392412 0.0
9.62715745596794 16.625482470551773 0.0
15.919389995870727 2.507484556243399 0.0
7.200946513695416 12.276254902619273 0.0
16.101185790283225 6.462080452934161 0.0
12.380300374495802 3.2374760009497425 0.0
19.78191926979549 2.7620737345669255 0.0
5.718336280152122 12.411971146808542 0.0
8.156333533090097 2.752333271699936 0.0
13.20609049389426 8.655855107131972 0.0
#Ma tran yeu cau D
#source_index dest_index bw don vi Mbps
63 18 26
32 40 3
33 27 15
39 6 7
46 42 33
47 30 40
63 36 11
49 44 38
15 57 54
31 43 19
61 66 19
57 8 56
15 16 8
11 65 31
8 41 36
24 38 6
54 49 13
49 9 39
16 38 61
17 39 58
58 54 12
45 14 39
66 53 8
56 15 56
42 50 52
61 33 39
32 44 6
46 8 3
36 33 56
29 56 13
34 11 42
54 63 38
2 13 19
59 11 59
45 28 47
24 23 11
4 65 62
32 64 17
54 30 46
7 29 52
2 36 41
18 26 38
35 37 32
55 30 55
14 37 40
46 31 4
14 45 62
23 54 51
52 35 31
33 45 32
1 16 62
56 17 4
33 60 52
17 43 11
13 45 36
4 46 1
36 61 47
60 13 61
16 52 37
36 48 26
0 30 19
47 65 51
2 0 40
6 3 17
59 65 7
19 1 41
60 0 49
65 20 10
14 19 34
53 3 5
16 33 34
14 27 15
49 48 3
44 52 34
18 35 62
8 20 45
39 19 10
25 11 15
16 0 61
26 27 35
29 43 62
28 56 44
58 41 50
62 27 18
46 33 57
57 56 29
52 56 50
66 22 44
22 15 61
6 0 3
5 33 25
50 57 20
9 31 39
52 44 41
22 12 54
37 21 61
11 53 46
47 62 19
24 26 48
33 55 24
6 39 55
0 10 39
14 47 60
27 37 36
55 17 28
22 66 50
9 55 49
63 16 39
45 8 6
52 60 2
29 20 37
24 33 55
16 12 55
43 42 18
20 63 39
5 6 28
1 25 49
44 54 36
49 24 57
33 52 38
34 46 34
35 59 15
34 66 39
8 45 35
65 60 27
58 50 18
48 16 52
46 57 44
25 9 38
43 46 37
41 16 57
24 55 45
16 21 51
58 51 25
61 24 18
3 28 56
51 24 60
43 25 16
37 64 35
36 39 20
66 28 36
59 36 13
5 3 32
62 38 23
36 53 46
18 14 16
3 31 38
25 58 63
15 59 32
21 13 37
20 54 51
44 56 13
4 9 16
5 12 44
44 64 11
27 42 8
55 52 45
41 38 40
49 37 4
21 31 6
4 56 53
11 9 30
33 28 37
35 4 39
60 6 56
27 50 35
0 61 6
42 54 43
8 28 10
52 49 37
22 48 16
65 1 46
15 46 1
41 58 29
38 3 45
49 22 58
64 47 40
51 44 10
28 7 30
55 44 57
59 48 58
7 8 7
24 1 5
58 13 15
13 4 53
64 52 14
34 43 6
64 7 25
35 43 59
21 9 23
43 34 25
44 62 19
24 19 3
40 31 40
50 0 30
50 60 15
55 36 32
4 66 26
62 7 8
26 36 34
47 48 9
32 15 51
60 14 7
57 1 36
13 58 58
3 46 15
26 20 44
50 65 18
63 30 51
22 56 12
6 17 37
10 64 20
26 43 46
47 10 40
19 3 55
57 43 55
47 21 38
51 43 3
11 58 53
29 11 57
28 12 59
37 0 13
5 11 14
22 40 39
6 27 49
50 9 36
26 13 60
5 59 8
66 43 18
18 39 50
31 47 55
40 30 19
39 62 4
49 36 54
45 62 8
31 65 38
52 66 32
23 31 34
60 37 36
14 15 53
25 21 3
4 43 14
9 27 23
38 29 43
51 57 51
3 57 21
12 50 13
56 39 39
39 44 6
16 9 26
45 66 31
43 7 43
45 18 52
7 20 36
54 6 9
13 50 51
57 45 20
23 52 16
45 63 16
26 61 44
47 57 8
55 38 58
44 16 43
1 2 53
44 13 17
9 10 18
15 51 55
38 43 37
40 51 46
46 37 29
15 41 35
43 27 54
56 4 8
58 15 26
22 38 50
2 17 27
38 19 35
31 2 48
15 43 9
41 4 33
26 22 28
54 18 19
45 33 27
18 45 59
29 59 44
57 24 7
46 48 8
1 31 32
47 34 60
4 37 20
63 62 54
4 32 24
15 24 33
40 57 61
12 33 60
4 26 31
61 32 27
29 19 25
49 19 42
61 30 13
10 52 23
66 30 48
4 17 18
11 0 27
60 47 18
15 61 63
7 43 58
23 15 13
22 13 50
57 63 48
6 4 3
25 13 12
27 32 8
23 34 36
19 18 5
43 41 7
17 36 8
36 11 51
65 51 12
35 28 45
11 57 3
15 48 53
3 7 63
44 59 60
8 44 31
16 50 23
36 42 43
22 64 43
24 15 42
41 23 4
37 34 49
31 35 32
10 36 3
52 13 11
19 33 34
53 44 25
6 38 18
9 3 61
39 23 27
33 41 50
3 17 19
18 25 35
43 55 34
59 53 38
43 5 20
48 3 55
53 35 30
66 37 21
56 46 30
12 13 18
37 59 47
29 15 6
25 5 22
38 5 52
31 64 50
41 30 52
28 58 24
33 32 39
56 6 26
65 29 4
51 63 24
27 46 17
44 37 19
56 59 41
60 1 23
45 64 26
42 18 58
1 49 37
57 35 20
66 40 47
57 10 26
47 6 21
60 52 60
40 66 33
54 26 3
14 25 9
8 43 29
22 20 39
24 64 38
3 5 63
53 27 16
22 6 15
42 15 27
22 41 40
52 33 4
4 3 17
33 50 6
11 52 28
28 40 48
13 48 18
13 29 44
3 58 34
25 62 20
38 33 55
40 1 52
35 18 1
5 28 10
54 9 22
62 4 15
59 58 13
28 22 28
37 5 55
17 12 61
28 60 49
38 7 7
14 43 24
45 58 36
43 39 32
29 5 18
42 29 26
13 8 10
58 64 26
34 51 13
1 21 35
41 19 59
33 37 6
38 13 61
22 44 42
44 63 5
61 22 45
11 56 52
14 64 7
7 56 19
55 27 9
53 61 41
50 48 41
55 26 16
3 22 47
9 37 12
16 42 47
17 18 14
24 29 59
39 22 61
6 41 59
51 13 45
26 37 13
65 9 7
24 37 44
12 60 55
25 20 6
1 53 32
39 5 41
47 15 4
42 22 14
52 41 48
23 17 31
29 51 23
37 58 8
3 34 19
23 53 17
22 43 51
46 0 28
14 7 34
28 59 23
28 11 42
43 22 19
48 13 14
34 19 48
56 23 43
36 8 62
17 57 50
20 46 52
63 13 7
9 16 27
56 11 52
46 51 5
57 7 41
63 20 11
57 31 2
18 51 50
43 35 24
9 52 45
17 65 58
30 43 26
49 5 44
19 23 40
2 28 54
39 31 3
49 63 8
29 10 19
2 64 35
29 52 36
29 63 53
31 54 59
10 5 32
32 49 20
59 55 26
23 62 60
18 47 58
35 53 15
49 12 15
43 19 56
64 25 54
28 62 41
28 30 35
34 23 51
16 53 24
25 7 34
18 3 21
2 25 20
65 58 50
8 14 42
38 63 37
18 10 59
30 24 38
33 56 45
61 43 28
32 16 46
11 1 58
61 58 57
18 55 54
24 14 44
64 17 1
39 55 2
19 36 34
39 25 24
21 7 34
13 56 37
52 65 46
66 38 40
24 51 53
22 42 10
38 36 22
2 15 21
37 6 22
4 25 27
9 7 29
60 49 51
19 14 58
49 23 39
31 48 35
57 50 38
38 16 52
43 56 21
32 38 1
58 42 8
50 1 63
48 12 25
30 22 14
56 41 39
58 8 29
35 64 57
7 32 52
6 66 9
0 28 10
23 58 35
3 16 56
20 48 63
24 58 28
33 64 8
3 44 45
0 12 2
40 63 20
45 22 14
46 6 4
18 17 49
16 47 58
9 49 38
34 37 48
32 33 13
52 0 13
21 32 14
38 49 11
20 44 32
38 65 26
5 58 62
41 14 27
27 56 32
49 25 32
29 41 15
43 3 24
42 49 36
44 65 17
60 26 54
41 48 39
49 17 49
60 40 30
49 59 24
35 56 62
21 17 26
5 35 53
21 62 62
40 47 63
16 5 62
61 38 46
1 40 6
26 23 53
18 58 7
46 9 41
2 3 41
42 10 50
46 52 42
54 31 43
14 29 35
18 0 45
60 8 39
54 36 10
46 23 25
31 18 5
61 45 31
15 65 10
54 28 11
40 7 41
51 15 53
13 64 4
63 27 61
41 1 10
31 58 7
56 37 57
33 29 17
35 23 59
5 48 52
44 30 18
17 47 8
65 28 45
25 41 32
60 45 60
32 47 49
6 40 48
22 32 2
52 20 52
46 35 2
41 49 22
65 37 55
27 36 18
7 18 15
33 31 5
47 1 17
32 7 29
19 32 36
10 16 23
11 27 53
21 8 61
45 7 13
51 21 19
65 61 12
63 39 13
63 26 13
5 16 62
25 65 15
0 20 25
23 42 6
53 42 7
23 39 13
21 39 60
17 7 47
36 22 2
8 5 58
2 29 39
23 47 38
16 13 51
63 52 54
47 33 15
23 51 13
12 14 12
60 55 26
54 38 52
11 44 17
18 12 50
40 33 60
63 1 11
30 60 21
5 49 37
59 39 21
28 36 15
46 22 50
40 64 47
15 12 41
46 25 17
45 20 5
64 3 19
55 60 9
63 53 23
33 48 12
62 56 2
9 65 49
0 11 43
41 39 50
12 7 9
58 2 1
59 43 49
50 41 13
4 58 51
33 20 55
59 25 33
0 55 59
26 21 8
48 17 13
47 14 28
47 38 6
44 3 63
49 26 24
16 32 33
35 42 21
64 9 63
2 42 8
52 30 28
6 35 22
46 1 1
13 16 51
50 6 1
50 30 31
13 28 38
60 24 34
25 8 20
30 42 63
16 27 43
21 53 52
28 4 35
7 55 5
58 49 58
58 34 52
11 7 45
62 12 51
43 6 13
23 25 24
16 55 13
57 64 39
0 47 31
50 13 14
35 48 46
18 20 60
12 4 28
30 48 27
2 47 44
51 58 48
29 60 21
2 9 20
52 8 50
29 28 37
20 8 17
66 36 30
59 7 31
61 56 30
31 40 6
54 44 18
2 30 47
17 54 8
62 15 36
56 0 60
46 19 50
47 64 58
7 42 62
0 8 7
53 56 60
46 40 48
60 18 49
7 31 35
39 30 31
66 12 40
19 7 57
54 46 36
40 15 58
12 40 63
11 18 42
36 21 13
34 18 22
45 29 5
15 0 22
14 59 7
47 24 16
65 42 54
60 27 9
27 43 57
38 37 56
2 1 34
24 2 19
6 33 33
30 11 5
7 51 49
52 32 31
63 19 59
44 61 24
53 49 14
42 2 33
45 30 51
38 9 49
51 17 50
14 42 52
58 55 31
31 25 38
34 16 45
34 27 1
50 21 34
52 11 49
45 23 19
7 48 18
18 40 4
8 59 28
55 51 47
49 6 61
64 1 6
66 60 20
10 59 1
44 32 32
7 35 62
0 57 40
0 25 27
51 45 27
66 29 34
2 34 40
0 9 48
21 19 56
28 57 52
6 44 63
17 33 21
61 25 51
57 53 6
12 37 5
4 54 10
40 58 40
59 44 26
8 3 40
6 19 26
6 18 57
51 42 60
17 6 14
51 4 9
44 33 16
39 46 59
34 28 36
19 66 34
63 3 41
33 44 6
62 60 62
21 46 63
9 41 18
47 42 15
37 43 16
24 49 11
8 47 5
8 26 31
29 2 51
66 44 10
53 63 8
14 18 12
19 49 50
8 15 51
55 53 24
57 37 45
43 21 27
13 5 48
27 10 49
29 30 18
14 5 51
10 57 59
50 23 40
41 8 42
38 14 30
57 0 56
52 27 5
31 11 29
30 64 55
63 59 12
63 6 25
55 54 50
15 10 59
41 35 7
35 5 39
16 4 51
49 43 14
24 30 24
50 35 60
20 56 6
66 7 16
23 46 50
64 18 3
19 53 51
15 36 29
48 54 8
19 0 18
64 34 30
7 30 6
22 36 1
52 59 40
12 21 26
63 28 40
44 7 48
3 13 58
5 55 34
0 41 52
18 8 5
62 66 53
60 44 37
16 31 41
52 45 48
20 49 34
37 14 15
17 40 43
66 24 44
66 16 63
33 11 35
54 1 54
66 10 1
10 61 20
44 58 54
22 7 49
12 30 11
14 4 37
26 55 34
66 15 52
47 56 53
27 6 34
0 5 21
11 54 48
39 13 23
61 7 44
4 11 8
51 11 5
47 13 36
30 26 54
6 51 5
26 47 23
39 58 7
28 43 9
57 61 52
14 24 30
53 65 21
22 4 41
10 15 17
51 46 47
55 25 37
39 27 29
4 29 16
7 59 13
33 59 1
44 23 31
5 39 39
7 44 1
3 21 48
41 40 48
63 17 5
3 41 60
40 56 60
21 58 29
47 12 63
15 58 27
16 44 25
38 40 62
26 63 54
19 5 52
27 51 54
43 49 41
24 66 9
51 41 54
59 56 46
29 47 4
53 59 37
10 25 1
59 3 56
54 29 52
47 46 48
60 62 8
54 7 55
10 14 35
41 3 1
23 65 2
13 53 3
21 11 11
54 24 27
40 52 30
46 60 58
10 35 20
26 0 40
8 33 5
18 48 59
39 35 26
36 35 36
5 38 62
17 23 9
39 32 16
60 36 3
50 64 41
7 16 34
15 52 18
8 35 8
58 46 1
40 42 9
52 58 63
50 44 20
30 3 6
57 16 55
9 15 3
62 21 34
60 19 36
9 30 43
56 52 58
53 57 48
55 43 34
33 24 61
39 9 48
63 21 14
43 52 1
58 20 40
5 36 5
5 19 37
44 21 3
51 8 24
64 28 47
27 62 14
47 43 44
48 6 25
52 9 16
43 59 63
40 49 14
9 22 59
6 15 57
46 7 3
44 31 19
30 8 7
55 0 39
4 40 27
46 21 1
27 23 60
28 42 63
21 61 8
37 35 41
40 53 39
66 49 4
13 46 58
42 33 4
43 15 14
18 50 45
36 55 45
11 55 24
9 58 24
47 59 1
20 34 34
9 5 58
64 44 3
44 24 34
42 23 33
54 10 18
8 39 56
37 57 26
6 55 10
22 34 43
29 38 51
50 15 55
31 12 53
5 41 58
40 43 29
35 34 39
34 55 52
62 43 16
11 45 19
12 48 53
48 46 9
34 53 54
6 63 10
2 4 51
47 19 32
19 12 57
6 9 53
4 19 14
53 17 8
18 24 35
61 59 61
0 22 26
61 62 12
4 38 46
43 50 10
48 59 50
2 39 57
43 18 47
45 65 59
21 16 19
42 6 53
2 54 31
30 28 8
31 13 16
41 32 13
48 47 1
45 38 54
39 15 36
14 31 41
22 28 46
42 20 38
32 35 1
22 3 27
22 19 57
65 30 41
61 8 18
11 16 20
8 60 27
41 7 54
36 37 7
26 24 10
59 13 32
31 14 18
52 64 40
39 53 50
16 48 60
43 10 55
50 42 2
41 46 24
27 22 36
20 27 46
66 59 34
44 28 51
62 8 54
34 9 37
15 42 10
8 48 1
37 15 53
39 20 52
8 2 20
24 65 29
27 2 15
62 65 54
61 57 26
48 29 37
22 62 49
43 44 48
61 1 5
36 19 29
65 62 28
55 57 32
19 59 52
26 28 35
27 28 63
8 51 63
29 12 40
27 8 41
23 32 28
42 36 60
3 10 58
56 45 53
18 54 40
58 9 23
18 30 8
58 16 24
63 23 10
24 8 31
29 14 33
6 53 32
34 24 22
10 30 31
10 41 39
0 17 24
63 54 17
19 13 53
38 50 3
30 25 17
7 39 2
35 11 38
5 24 27
42 40 58
19 9 11
61 64 56
26 9 26
27 61 40
22 39 21
61 36 20
7 25 47
55 48 17
16 51 43
12 19 37
61 47 21
46 3 10
51 33 23
60 38 31
40 65 22
48 11 21
27 30 5
15 8 4
1 24 62
65 25 55
44 53 10
37 54 43
60 2 58
18 36 29
16 8 48
48 15 56
22 52 9
64 40 43
53 47 59
28 51 58
31 56 38
25 22 31
24 54 44
62 59 20
2 49 42
19 54 39
60 65 2
58 30 21
65 59 57
36 28 16
20 9 61
18 11 23
2 65 10
44 55 53
52 14 28
64 54 53
38 42 28
1 17 45
29 42 24
30 19 63
7 14 37
55 37 14
29 35 62
37 31 60
23 43 5
7 60 50
43 64 38
35 51 24
63 0 20
16 54 24
54 56 18
45 40 41
35 38 18
16 62 42
47 20 28
8 54 6
59 2 48
12 56 6
36 29 16
10 40 15
32 55 33
21 27 4
43 23 5
0 51 48
55 12 16
39 4 54
5 40 47
65 35 7
3 47 46
56 43 52
41 66 61
66 62 26
0 4 48
60 64 29
32 17 42
60 54 49
13 41 40
20 59 31
34 17 50
42 8 1
1 48 54
8 52 25
48 39 43
20 64 46
42 31 55
4 57 12
37 44 26
21 35 38
46 45 37
25 38 29
41 24 15
31 29 21
27 5 20
44 51 48
45 54 23
12 44 23
65 36 63
13 20 2
13 62 7
63 55 33
3 53 49
25 61 10
5 18 3
63 41 14
24 47 18
25 47 25
45 47 54
26 45 56
21 38 19
50 62 9
45 46 49
64 56 32
64 63 3
40 22 60
52 19 2
6 48 50
38 54 41
61 41 1
13 54 60
6 36 15
47 50 22
26 41 4
60 12 8
51 29 7
7 52 17
24 52 22
9 8 34
50 3 37
27 54 35
0 13 48
59 30 38
37 9 45
38 57 27
65 3 36
28 21 30
6 47 46
54 55 3
49 40 59
66 42 12
37 24 47
35 10 7
66 19 42
22 49 55
17 60 22
56 18 26
35 24 1
10 1 60
27 25 53
3 32 17
7 61 38
21 20 36
64 60 9
55 33 49
64 45 1
23 29 47
60 22 59
46 30 15
17 5 61
3 14 52
19 16 4
42 30 40
35 46 9
16 66 10
31 16 29
57 40 53
45 6 34
59 60 22
54 15 19
54 16 27
53 2 41
26 34 44
62 28 41
39 34 36
24 59 36
22 37 43
63 57 26
40 8 49
36 18 63
19 34 8
2 60 1
32 18 7
3 12 18
5 10 62
33 12 33
2 18 57
27 64 55
1 35 8
11 17 31
36 14 7
0 38 9
18 19 49
34 50 41
53 48 41
32 46 11
15 49 57
13 22 4
8 64 40
8 49 41
50 38 14
49 61 63
44 4 5
33 58 31
0 58 43
13 44 9
41 31 20
3 51 11
41 64 29
0 52 13
34 61 14
31 38 51
38 11 58
46 50 21
9 19 5
58 40 28
61 23 47
12 52 23
58 57 50
1 51 54
43 9 11
22 11 8
14 61 2
36 20 34
62 55 27
4 44 59
61 65 36
21 60 12
19 43 2
41 12 3
11 4 43
55 11 51
1 50 4
58 32 17
29 57 14
27 29 29
1 11 24
26 60 30
45 16 4
17 66 13
60 17 8
18 53 12
39 1 40
1 7 63
32 36 44
29 64 40
10 33 4
33 43 45
8 22 8
12 45 28
3 45 43
41 13 39
36 16 7
17 50 35
36 59 53
42 35 54
66 25 62
64 11 31
32 37 22
41 44 37
17 27 58
53 24 62
63 48 25
65 10 56
48 35 60
18 59 1
12 59 28
51 47 57
21 26 60
29 13 37
62 42 46
32 11 17
26 49 46
42 52 51
12 17 7
38 64 24
54 33 31
55 9 15
29 44 56
1 10 3
3 42 17
65 49 25
40 45 52
14 13 56
6 64 8
59 49 15
58 56 12
40 0 37
26 44 35
43 60 14
0 23 57
41 18 1
62 50 29
37 49 61
34 10 37
15 17 60
38 53 41
61 50 53
55 6 37
62 13 21
33 8 56
41 45 35
60 25 11
31 55 59
6 37 14
36 66 31
31 5 10
9 60 14
32 66 11
48 42 55
19 8 59
10 20 11
44 22 13
19 20 37
41 22 36
1 18 49
40 2 21
48 43 20
19 15 5
25 0 35
19 21 51
56 2 30
25 34 8
1 33 56
25 66 2
59 37 25
9 44 8
39 33 63
0 50 63
30 13 18
2 23 53
47 23 62
29 23 56
37 4 28
50 25 7
63 56 31
53 4 8
64 50 42
50 12 46
15 2 10
63 24 57
32 62 2
13 51 43
14 49 52
42 32 12
11 29 31
63 8 49
28 24 10
33 7 15
59 45 29
53 33 34
61 10 33
17 15 37
2 56 49
59 31 15
31 63 7
34 59 38
25 48 60
9 54 35
15 34 18
23 8 27
0 1 7
64 33 7
6 62 16
57 12 8
54 48 46
7 24 60
55 49 55
57 49 1
64 53 23
39 10 61
34 41 12
35 50 17
0 59 59
40 28 4
2 45 5
24 20 19
50 5 35
35 47 23
10 7 18
58 12 62
54 43 10
31 34 56
12 31 29
30 4 23
29 54 9
25 14 50
52 23 57
14 8 48
23 21 32
46 4 50
54 27 2
47 41 13
1 4 26
32 41 7
65 21 3
56 48 8
24 7 12
66 9 51
32 31 13
9 43 23
32 21 10
35 13 5
28 61 28
25 4 3
23 11 59
60 41 16
41 10 17
66 0 53
52 6 61
27 4 38
37 17 55
26 35 40
63 4 25
40 27 6
5 21 14
40 50 1
34 60 19
53 66 33
11 10 55
57 60 6
42 59 5
7 10 54
57 46 25
5 0 51
1 3 43
47 26 42
38 30 53
55 31 29
12 15 2
61 5 23
53 10 53
14 33 39
17 9 10
64 42 2
50 46 63
43 66 29
47 9 59
23 50 35
31 60 1
12 62 21
42 0 20
48 7 17
20 38 59
55 8 36
66 21 12
24 6 26
57 39 24
26 38 53
4 7 5
59 38 44
63 42 26
44 27 18
56 26 32
31 49 4
53 0 57
31 27 49
19 31 26
45 43 3
2 27 28
51 60 47
14 52 49
58 21 27
55 39 29
6 49 10
65 31 46
51 34 46
49 1 33
5 17 61
7 36 3
28 16 4
51 65 42
39 38 55
46 34 15
40 20 2
28 50 27
20 21 23
51 37 46
26 15 30
48 38 16
65 11 32
10 42 30
24 22 4
46 14 38
10 34 34
25 26 40
47 22 19
62 20 4
42 7 4
36 50 15
57 20 34
31 41 6
25 44 49
20 57 24
59 8 20
23 33 42
40 4 5
58 11 21
11 3 6
30 51 49
52 40 19
65 44 29
48 27 45
52 21 38
46 29 39
1 47 5
32 50 16
54 21 19
8 36 59
23 5 52
66 20 53
23 49 27
58 61 54
12 20 49
42 41 43
21 1 25
36 3 19
41 28 50
55 15 28
37 1 53
37 60 11
34 1 59
47 2 15
50 53 60
39 28 45
54 3 56
57 38 10
9 63 51
28 3 28
28 45 55
28 55 29
59 22 20
50 52 22
0 46 51
0 49 1
48 32 54
25 54 44
57 19 29
48 18 53
40 12 1
52 4 16
49 33 48
34 65 16
27 21 43
64 8 2
51 19 31
3 19 17
36 30 50
64 58 36
13 31 25
2 63 11
13 32 28
59 6 15
56 27 27
44 50 22
43 2 18
36 17 21
64 30 2
20 41 44
35 0 9
9 2 18
45 5 38
0 63 18
26 59 1
4 63 23
38 61 45
35 41 2
64 31 57
63 51 19
27 15 1
25 17 4
15 20 25
49 10 42
23 24 41
7 62 61
46 11 56
5 46 34
0 37 24
15 64 1
26 39 31
52 31 15
27 53 45
44 36 9
21 22 23
66 13 43
52 1 20
38 6 8
11 26 43
1 42 37
46 49 1
43 53 19
8 46 36
50 34 52
1 27 57
1 14 9
54 35 11
39 37 49
8 37 11
7 23 42
63 2 3
7 54 35
37 13 1
56 66 30
51 26 18
5 43 12
52 50 4
62 30 23
29 22 5
9 57 62
4 12 38
30 14 1
58 23 8
29 55 53
48 63 62
65 40 15
33 54 16
59 41 18
17 10 30
31 23 23
6 2 39
36 27 39
66 61 10
20 3 13
53 37 7
55 46 39
17 32 42
31 20 59
36 1 43
46 39 24
42 65 16
2 32 11
21 6 46
3 65 9
2 11 38
31 32 47
38 51 3
57 32 55
33 57 50
2 31 45
27 18 29
58 39 40
57 14 23
13 10 21
12 5 45
36 52 61
55 24 22
21 55 8
60 28 5
21 34 47
54 39 5
20 17 16
30 62 10
39 65 52
62 9 5
17 51 26
11 25 51
23 18 49
66 65 1
24 45 12
25 31 21
36 62 55
6 50 38
54 2 59
7 28 26
29 9 4
34 58 6
61 3 26
66 56 3
45 48 1
15 56 40
45 50 31
26 29 7
3 38 1
10 60 6
49 21 56
27 0 49
4 24 16
38 18 2
50 31 9
25 10 1
26 12 51
33 40 38
50 28 29
39 43 1
54 60 60
5 1 12
40 23 2
51 20 9
28 41 6
48 21 43
41 53 3
27 57 4
8 17 62
13 26 49
44 0 20
4 6 42
51 16 58
31 24 46
62 46 56
23 13 25
42 16 46
12 54 1
42 9 54
60 34 1
30 5 2
50 56 51
32 3 2
31 61 2
51 0 22
8 24 28
8 66 53
0 40 25
47 44 31
36 9 10
25 24 1
61 14 45
37 42 55
43 11 8
50 2 53
53 1 46
34 25 50
35 30 5
62 40 50
9 17 28
62 51 5
48 2 40
41 29 36
10 31 7
30 37 37
47 0 3
50 45 2
45 32 26
49 16 5
5 31 33
62 29 59
44 34 43
30 47 5
4 34 61
17 16 1
28 9 5
56 35 45
43 20 21
2 61 4
61 19 14
59 66 33
20 51 24
35 31 34
32 2 21
47 66 3
52 39 4
35 66 18
46 12 11
1 6 18
53 52 24
65 57 35
57 41 15
45 31 10
66 52 21
59 9 8
44 39 51
48 34 14
45 3 35
55 18 11
13 49 2
4 22 13
56 51 9
51 48 9
37 61 21
63 34 4
28 47 55
64 26 24
0 2 27
48 26 50
7 37 13
59 62 18
35 20 37
52 37 15
6 45 1
63 29 52
21 57 6
46 56 4
24 35 21
12 47 36
43 63 63
57 65 26
41 51 22
14 54 2
48 25 41
47 60 3
21 42 48
42 45 1
48 57 28
30 31 11
35 9 9
32 51 4
48 60 9
37 25 1
20 50 25
3 6 23
28 65 5
11 32 25
34 48 5
20 0 35
56 57 53
23 30 5
13 61 3
56 50 12
49 53 25
6 26 52
51 66 14
31 4 1
58 53 48
45 51 14
14 6 50
11 41 15
9 39 31
14 44 12
45 26 4
65 26 56
48 28 3
9 18 21
1 28 34
20 5 1
28 18 39
5 52 3
14 62 45
6 43 2
46 26 33
10 26 34
44 9 4
42 3 36
64 6 29
55 22 2
19 11 17
48 4 1
20 18 22
30 45 42
41 50 4
15 4 9
52 42 4
0 53 3
17 45 42
4 8 1
7 21 4
54 12 15
30 61 4
10 6 4
9 45 35
49 65 28
5 65 2
26 62 8
56 13 6
66 50 15
1 63 52
14 60 17
11 6 31
34 14 10
64 65 42
41 43 4
17 28 8
12 41 24
24 40 6
13 36 31
66 47 7
64 12 1
43 32 19
1 55 2
13 11 3
33 53 23
24 48 2
59 46 40
64 27 21
13 63 40
39 21 2
19 2 35
51 22 3
20 33 9
33 14 23
8 40 3
14 20 6
39 47 1
10 19 7
53 25 18
57 33 5
51 62 2
11 46 12
45 27 49
4 48 4
12 36 29
32 19 14
7 22 1
9 11 1
49 3 45
21 0 6
61 18 54
66 55 2
8 55 29
30 53 58
31 1 3
48 41 3
11 23 25
9 0 54
11 39 23
3 52 7
9 20 2
47 31 1
65 53 15
64 66 32
64 55 39
12 65 50
37 18 45
65 66 47
20 32 13
20 47 4
61 21 19
63 37 31
53 60 18
59 26 9
15 23 31
28 32 46
8 63 1
38 23 1
35 26 22
58 22 45
34 45 12
53 34 44
49 46 13
35 29 23
44 19 3
25 2 32
23 22 3
3 1 5
62 1 15
32 39 58
15 45 16
63 50 2
65 27 43
59 0 8
3 26 1
49 60 1
12 1 57
45 61 17
1 32 3
25 50 22
57 21 48
39 52 1
44 45 20
12 35 10
64 62 28
19 50 2
3 63 6
61 60 4
31 37 2
17 53 1
13 34 61
1 41 1
45 35 42
44 47 6
54 65 53
17 21 46
7 27 3
24 13 8
13 55 7
1 19 2
11 34 4
32 61 3
33 21 8
12 46 3
24 41 18
62 25 58
54 50 18
7 4 4
52 22 3
39 18 1
32 63 49
10 65 11
17 63 8
23 6 37
59 14 55
32 13 2
11 14 31
32 24 2
14 36 9
6 42 32
44 2 21
37 45 16
15 31 41
23 14 50
46 17 34
59 63 31
65 14 9
3 40 1
37 32 5
63 66 8
38 27 8
43 1 16
14 12 1
4 50 17
15 44 18
17 48 4
53 39 13
58 62 24
20 39 58
54 42 8
6 32 22
35 61 63
11 2 1
4 53 28
20 66 44
53 41 8
53 14 56
54 45 1
58 37 31
10 21 26
7 26 1
12 26 53
20 43 6
7 6 1
23 60 1
34 39 2
21 36 51
17 44 15
24 4 43
37 27 7
34 2 13
12 43 15
30 63 24
62 52 56
59 51 3
15 6 32
13 25 40
61 13 1
24 17 44
24 50 40
15 62 54
17 31 39
54 37 21
64 57 11
31 36 1
12 22 48
57 2 24
13 3 4
34 4 29
14 35 18
35 3 1
57 29 5
25 18 45
62 14 22
37 22 2
55 66 1
43 4 12
9 6 1
25 36 53
10 4 8
23 12 1
15 18 5
57 17 1
58 65 6
15 26 13
45 60 29
62 35 18
4 51 3
44 25 4
10 63 27
20 55 34
64 36 59
64 14 22
45 1 11
20 22 39
10 13 3
35 57 26
