#So luong nut la la
56
#Toa do cac nut
0.3806886880599192 14.606459944867778 0.0
17.441485796620768 6.077181267256012 0.0
1.737308722781971 0.49225337668652913 0.0
3.879474521648443 4.778797188459136 0.0
2.1916189128957706 13.652787397543634 0.0
14.291158427289936 1.915522554943041 0.0
11.39677861633325 2.485900492587019 0.0
2.5222961534549335 14.135652460310968 0.0
19.573189689069356 15.310257518194925 0.0
7.037022759899916 1.3871306228257287 0.0
8.39010668048971 3.7007093732710135 0.0
2.5917312860922266 4.377116302049552 0.0
18.933962910967505 17.119587270169276 0.0
8.729672262813791 13.97235902512551 0.0
19.868868330429798 10.397135532463276 0.0
8.177521932494617 0.003039692897061408 0.0
0.3719502302124854 15.672022544770135 0.0
2.3344084453709053 16.463951846499494 0.0
17.531410196618108 5.5461259909840255 0.0
12.653406138352802 6.220870277786335 0.0
19.67509934139 9.343445363724632 0.0
0.25303612039505785 12.742346684054212 0.0
0.8948090598784232 19.801681458921383 0.0
8.601176971912528 7.251353320114216 0.0
2.5943925914039427 0.9359365210825759 0.0
0.7180915505916452 6.964315191274365 0.0
13.158855346363563 3.3845747854153423 0.0
7.261623220631991 14.548986133109164 0.0
19.655035521998062 4.706819432220448 0.0
6.765642206626261 2.1707350358554 0.0
1.8920286233223114 13.026626478552382 0.0
5.619503947946807 17.15707037902075 0.0
2.4527093391630457 5.2811037029515076 0.0
18.322250855561776 5.139221441502905 0.0
9.15101019522921 10.1503529366867 0.0
5.968158153369219 7.899875699433543 0.0
4.7435854400708 1.8064317200554023 0.0
6.819375258582544 15.125569457025088 0.0
4.783246628337416 11.83297599598812 0.0
3.927054989777262 17.316948163475168 0.0
5.181397324723927 0.9531342348038095 0.0
4.524702932246212 8.042408407140686 0.0
9.099793784930188 0.6619037218500975 0.0
1.0219129343047273 1.214307110952648 0.0
0.44235451894512035 7.116115774132339 0.0
0.4223102528160254 10.303912061743983 0.0
9.702574526149032 3.6349394992174253 0.0
1.1523663200053875 12.342044370796657 0.0
5.907158184075733 16.049861260838334 0.0
8.976424522562873 5.877624300301086 0.0
12.440711985555192 9.259043936502863 0.0
14.671945637936064 14.535660417613453 0.0
7.745793633678646 12.641926824315867 0.0
3.0518545148340457 10.483793751956552 0.0
17.335565119267848 18.090230698249258 0.0
11.569941268365021 14.374649157298096 0.0
#Ma tran yeu cau D
#source_index dest_index bw don vi Mbps
0 0 0
0 1 16
0 2 14
0 3 15
0 4 57
0 5 4
0 6 8
0 7 171
0 8 6
0 9 17
0 10 28
0 11 22
0 12 18
0 13 28
0 14 9
0 15 14
0 16 328
0 17 97
0 18 1
0 19 15
0 20 8
0 21 8
0 22 71
0 23 22
0 24 9
0 25 23
0 26 22
0 27 40
0 28 1
0 29 16
0 30 1
0 31 53
0 32 29
0 33 1
0 34 4
0 35 2
0 36 1
0 37 59
0 38 26
0 39 24
0 40 25
0 41 10
0 42 15
0 43 18
0 44 24
0 45 88
0 46 24
0 47 87
0 48 9
0 49 31
0 50 15
0 51 11
0 52 11
0 53 56
0 54 13
0 55 32
1 0 15
1 1 0
1 2 19
1 3 0
1 4 21
1 5 41
1 6 36
1 7 19
1 8 10
1 9 7
1 10 36
1 11 2
1 12 19
1 13 26
1 14 45
1 15 15
1 16 7
1 17 9
1 18 232
1 19 3
1 20 65
1 21 2
1 22 16
1 23 29
1 24 20
1 25 17
1 26 39
1 27 19
1 28 71
1 29 30
1 30 3
1 31 17
1 32 3
1 33 298
1 34 10
1 35 26
1 36 6
1 37 27
1 38 21
1 39 20
1 40 22
1 41 22
1 42 39
1 43 2
1 44 23
1 45 15
1 46 11
1 47 17
1 48 18
1 49 23
1 50 54
1 51 40
1 52 29
1 53 1
1 54 17
1 55 3
2 0 13
2 1 10
2 2 0
2 3 78
2 4 27
2 5 19
2 6 25
2 7 23
2 8 10
2 9 52
2 10 26
2 11 6
2 12 4
2 13 15
2 14 18
2 15 46
2 16 6
2 17 1
2 18 8
2 19 30
2 20 2
2 21 4
2 22 1
2 23 10
2 24 352
2 25 20
2 26 12
2 27 0
2 28 14
2 29 0
2 30 24
2 31 18
2 32 32
2 33 15
2 34 10
2 35 16
2 36 100
2 37 17
2 38 13
2 39 12
2 40 20
2 41 39
2 42 8
2 43 169
2 44 46
2 45 3
2 46 39
2 47 10
2 48 19
2 49 42
2 50 12
2 51 14
2 52 0
2 53 32
2 54 8
2 55 11
3 0 1
3 1 18
3 2 22
3 3 0
3 4 13
3 5 6
3 6 35
3 7 15
3 8 9
3 9 42
3 10 33
3 11 276
3 12 13
3 13 8
3 14 16
3 15 18
3 16 26
3 17 13
3 18 3
3 19 6
3 20 8
3 21 21
3 22 12
3 23 47
3 24 40
3 25 0
3 26 7
3 27 27
3 28 9
3 29 100
3 30 14
3 31 17
3 32 23
3 33 8
3 34 39
3 35 64
3 36 127
3 37 12
3 38 34
3 39 20
3 40 18
3 41 44
3 42 9
3 43 81
3 44 59
3 45 39
3 46 61
3 47 1
3 48 27
3 49 19
3 50 7
3 51 13
3 52 28
3 53 7
3 54 14
3 55 5
4 0 78
4 1 1
4 2 25
4 3 6
4 4 0
4 5 23
4 6 3
4 7 71
4 8 4
4 9 14
4 10 4
4 11 24
4 12 8
4 13 56
4 14 11
4 15 26
4 16 68
4 17 38
4 18 7
4 19 12
4 20 20
4 21 184
4 22 53
4 23 37
4 24 12
4 25 13
4 26 21
4 27 71
4 28 2
4 29 12
4 30 443
4 31 47
4 32 30
4 33 15
4 34 34
4 35 15
4 36 0
4 37 47
4 38 76
4 39 92
4 40 3
4 41 61
4 42 15
4 43 18
4 44 50
4 45 96
4 46 1
4 47 115
4 48 64
4 49 14
4 50 16
4 51 12
4 52 41
4 53 55
4 54 2
4 55 25
5 0 6
5 1 65
5 2 3
5 3 34
5 4 2
5 5 0
5 6 128
5 7 15
5 8 13
5 9 21
5 10 35
5 11 31
5 12 1
5 13 3
5 14 13
5 15 48
5 16 18
5 17 8
5 18 50
5 19 60
5 20 28
5 21 16
5 22 11
5 23 20
5 24 1
5 25 17
5 26 194
5 27 16
5 28 37
5 29 7
5 30 5
5 31 12
5 32 4
5 33 59
5 34 1
5 35 25
5 36 41
5 37 8
5 38 20
5 39 5
5 40 12
5 41 9
5 42 11
5 43 26
5 44 0
5 45 21
5 46 57
5 47 6
5 48 16
5 49 13
5 50 19
5 51 22
5 52 3
5 53 26
5 54 2
5 55 19
6 0 4
6 1 39
6 2 5
6 3 2
6 4 4
6 5 52
6 6 0
6 7 23
6 8 13
6 9 69
6 10 82
6 11 22
6 12 7
6 13 22
6 14 4
6 15 77
6 16 1
6 17 14
6 18 52
6 19 48
6 20 18
6 21 23
6 22 1
6 23 67
6 24 27
6 25 1
6 26 178
6 27 11
6 28 18
6 29 36
6 30 2
6 31 10
6 32 37
6 33 38
6 34 25
6 35 33
6 36 55
6 37 8
6 38 0
6 39 18
6 40 18
6 41 12
6 42 123
6 43 7
6 44 28
6 45 10
6 46 38
6 47 26
6 48 13
6 49 47
6 50 21
6 51 14
6 52 26
6 53 2
6 54 1
6 55 6
7 0 20
7 1 8
7 2 17
7 3 26
7 4 291
7 5 14
7 6 6
7 7 0
7 8 11
7 9 5
7 10 24
7 11 23
7 12 1
7 13 63
7 14 17
7 15 0
7 16 22
7 17 93
7 18 20
7 19 19
7 20 15
7 21 68
7 22 32
7 23 14
7 24 14
7 25 41
7 26 8
7 27 65
7 28 0
7 29 19
7 30 264
7 31 43
7 32 15
7 33 20
7 34 8
7 35 44
7 36 18
7 37 5
7 38 1
7 39 34
7 40 7
7 41 6
7 42 21
7 43 10
7 44 14
7 45 72
7 46 30
7 47 108
7 48 5
7 49 23
7 50 28
7 51 12
7 52 12
7 53 89
7 54 6
7 55 38
8 0 9
8 1 25
8 2 16
8 3 9
8 4 6
8 5 22
8 6 5
8 7 10
8 8 0
8 9 7
8 10 6
8 11 12
8 12 165
8 13 0
8 14 0
8 15 0
8 16 15
8 17 8
8 18 23
8 19 9
8 20 46
8 21 7
8 22 18
8 23 27
8 24 9
8 25 15
8 26 19
8 27 21
8 28 25
8 29 18
8 30 17
8 31 25
8 32 14
8 33 36
8 34 19
8 35 9
8 36 10
8 37 17
8 38 3
8 39 12
8 40 12
8 41 10
8 42 19
8 43 11
8 44 16
8 45 11
8 46 24
8 47 6
8 48 13
8 49 22
8 50 3
8 51 75
8 52 30
8 53 2
8 54 0
8 55 20
9 0 11
9 1 25
9 2 25
9 3 83
9 4 19
9 5 40
9 6 53
9 7 23
9 8 16
9 9 0
9 10 81
9 11 38
9 12 14
9 13 2
9 14 24
9 15 218
9 16 1
9 17 15
9 18 26
9 19 26
9 20 5
9 21 17
9 22 8
9 23 8
9 24 72
9 25 4
9 26 25
9 27 11
9 28 13
9 29 184
9 30 13
9 31 0
9 32 2
9 33 15
9 34 2
9 35 31
9 36 81
9 37 24
9 38 0
9 39 20
9 40 70
9 41 35
9 42 75
9 43 18
9 44 25
9 45 16
9 46 63
9 47 18
9 48 23
9 49 38
9 50 30
9 51 4
9 52 18
9 53 18
9 54 15
9 55 27
10 0 0
10 1 5
10 2 53
10 3 24
10 4 26
10 5 57
10 6 16
10 7 21
10 8 21
10 9 40
10 10 0
10 11 64
10 12 2
10 13 27
10 14 16
10 15 24
10 16 2
10 17 0
10 18 10
10 19 27
10 20 1
10 21 30
10 22 10
10 23 87
10 24 5
10 25 24
10 26 35
10 27 10
10 28 24
10 29 19
10 30 15
10 31 18
10 32 22
10 33 28
10 34 5
10 35 57
10 36 17
10 37 14
10 38 11
10 39 17
10 40 25
10 41 4
10 42 38
10 43 47
10 44 24
10 45 32
10 46 25
10 47 12
10 48 4
10 49 119
10 50 52
10 51 2
10 52 12
10 53 24
10 54 12
10 55 25
11 0 5
11 1 2
11 2 14
11 3 154
11 4 16
11 5 11
11 6 20
11 7 1
11 8 14
11 9 43
11 10 66
11 11 0
11 12 18
11 13 34
11 14 3
11 15 46
11 16 5
11 17 10
11 18 12
11 19 26
11 20 17
11 21 6
11 22 21
11 23 44
11 24 75
11 25 50
11 26 32
11 27 8
11 28 5
11 29 73
11 30 31
11 31 3
11 32 426
11 33 11
11 34 44
11 35 27
11 36 88
11 37 17
11 38 32
11 39 21
11 40 13
11 41 27
11 42 28
11 43 106
11 44 59
11 45 30
11 46 32
11 47 4
11 48 1
11 49 25
11 50 30
11 51 4
11 52 16
11 53 7
11 54 7
11 55 9
12 0 2
12 1 22
12 2 11
12 3 13
12 4 18
12 5 2
12 6 17
12 7 15
12 8 118
12 9 16
12 10 18
12 11 13
12 12 0
12 13 27
12 14 26
12 15 10
12 16 17
12 17 16
12 18 30
12 19 11
12 20 13
12 21 16
12 22 17
12 23 25
12 24 11
12 25 18
12 26 19
12 27 10
12 28 21
12 29 13
12 30 9
12 31 21
12 32 2
12 33 29
12 34 10
12 35 23
12 36 16
12 37 2
12 38 10
12 39 0
12 40 10
12 41 12
12 42 8
12 43 11
12 44 8
12 45 11
12 46 21
12 47 4
12 48 1
12 49 25
12 50 13
12 51 39
12 52 2
12 53 6
12 54 205
12 55 44
13 0 6
13 1 25
13 2 9
13 3 24
13 4 3
13 5 20
13 6 13
13 7 10
13 8 7
13 9 25
13 10 13
13 11 21
13 12 17
13 13 0
13 14 20
13 15 14
13 16 39
13 17 29
13 18 31
13 19 1
13 20 14
13 21 31
13 22 11
13 23 15
13 24 21
13 25 33
13 26 14
13 27 167
13 28 14
13 29 5
13 30 34
13 31 77
13 32 6
13 33 16
13 34 91
13 35 18
13 36 15
13 37 107
13 38 21
13 39 63
13 40 7
13 41 38
13 42 28
13 43 22
13 44 26
13 45 18
13 46 25
13 47 33
13 48 106
13 49 37
13 50 13
13 51 9
13 52 195
13 53 11
13 54 5
13 55 82
14 0 6
14 1 78
14 2 4
14 3 2
14 4 14
14 5 13
14 6 11
14 7 5
14 8 63
14 9 6
14 10 23
14 11 10
14 12 0
14 13 24
14 14 0
14 15 1
14 16 14
14 17 11
14 18 68
14 19 10
14 20 221
14 21 16
14 22 18
14 23 30
14 24 8
14 25 2
14 26 23
14 27 2
14 28 63
14 29 12
14 30 5
14 31 9
14 32 2
14 33 46
14 34 21
14 35 18
14 36 18
14 37 5
14 38 9
14 39 7
14 40 17
14 41 21
14 42 25
14 43 16
14 44 16
14 45 10
14 46 2
14 47 6
14 48 18
14 49 27
14 50 27
14 51 39
14 52 18
14 53 5
14 54 24
14 55 16
15 0 0
15 1 10
15 2 50
15 3 3
15 4 9
15 5 6
15 6 77
15 7 13
15 8 17
15 9 28
15 10 46
15 11 52
15 12 5
15 13 5
15 14 10
15 15 0
15 16 0
15 17 9
15 18 12
15 19 42
15 20 13
15 21 23
15 22 0
15 23 43
15 24 33
15 25 22
15 26 37
15 27 24
15 28 20
15 29 16
15 30 10
15 31 19
15 32 20
15 33 11
15 34 12
15 35 16
15 36 38
15 37 4
15 38 9
15 39 11
15 40 60
15 41 7
15 42 334
15 43 47
15 44 4
15 45 21
15 46 24
15 47 12
15 48 23
15 49 37
15 50 16
15 51 13
15 52 4
15 53 8
15 54 14
15 55 19
16 0 231
16 1 4
16 2 11
16 3 9
16 4 40
16 5 15
16 6 22
16 7 10
16 8 11
16 9 6
16 10 26
16 11 24
16 12 16
16 13 27
16 14 9
16 15 17
16 16 0
16 17 35
16 18 18
16 19 17
16 20 14
16 21 18
16 22 92
16 23 0
16 24 11
16 25 35
16 26 8
16 27 4
16 28 3
16 29 10
16 30 16
16 31 27
16 32 12
16 33 5
16 34 29
16 35 13
16 36 16
16 37 3
16 38 29
16 39 68
16 40 12
16 41 33
16 42 19
16 43 26
16 44 34
16 45 30
16 46 2
16 47 111
16 48 3
16 49 6
16 50 8
16 51 5
16 52 37
16 53 37
16 54 11
16 55 11
17 0 115
17 1 4
17 2 14
17 3 23
17 4 129
17 5 14
17 6 19
17 7 103
17 8 17
17 9 14
17 10 18
17 11 20
17 12 1
17 13 35
17 14 15
17 15 9
17 16 53
17 17 0
17 18 20
17 19 15
17 20 4
17 21 76
17 22 1
17 23 20
17 24 13
17 25 4
17 26 16
17 27 44
17 28 6
17 29 14
17 30 3
17 31 77
17 32 13
17 33 5
17 34 35
17 35 35
17 36 9
17 37 79
17 38 52
17 39 14
17 40 13
17 41 10
17 42 14
17 43 9
17 44 28
17 45 29
17 46 8
17 47 29
17 48 37
17 49 24
17 50 2
17 51 5
17 52 56
17 53 40
17 54 16
17 55 27
18 0 1
18 1 37
18 2 21
18 3 10
18 4 4
18 5 15
18 6 53
18 7 20
18 8 32
18 9 22
18 10 38
18 11 15
18 12 14
18 13 11
18 14 71
18 15 1
18 16 10
18 17 21
18 18 0
18 19 63
18 20 58
18 21 10
18 22 2
18 23 39
18 24 25
18 25 5
18 26 76
18 27 12
18 28 174
18 29 12
18 30 15
18 31 0
18 32 25
18 33 289
18 34 21
18 35 4
18 36 14
18 37 0
18 38 22
18 39 1
18 40 5
18 41 14
18 42 22
18 43 21
18 44 14
18 45 20
18 46 34
18 47 13
18 48 19
18 49 36
18 50 31
18 51 17
18 52 15
18 53 4
18 54 25
18 55 28
19 0 3
19 1 53
19 2 23
19 3 29
19 4 2
19 5 79
19 6 18
19 7 24
19 8 27
19 9 46
19 10 22
19 11 32
19 12 18
19 13 19
19 14 43
19 15 2
19 16 23
19 17 0
19 18 12
19 19 0
19 20 27
19 21 0
19 22 11
19 23 76
19 24 7
19 25 7
19 26 107
19 27 29
19 28 5
19 29 35
19 30 15
19 31 29
19 32 31
19 33 29
19 34 7
19 35 32
19 36 5
19 37 19
19 38 29
19 39 5
19 40 20
19 41 8
19 42 16
19 43 28
19 44 28
19 45 22
19 46 54
19 47 16
19 48 18
19 49 40
19 50 127
19 51 26
19 52 42
19 53 17
19 54 23
19 55 20
20 0 2
20 1 1
20 2 0
20 3 13
20 4 0
20 5 4
20 6 9
20 7 21
20 8 37
20 9 26
20 10 12
20 11 3
20 12 47
20 13 19
20 14 47
20 15 12
20 16 18
20 17 4
20 18 88
20 19 0
20 20 0
20 21 0
20 22 1
20 23 16
20 24 5
20 25 13
20 26 21
20 27 0
20 28 22
20 29 5
20 30 1
20 31 13
20 32 3
20 33 3
20 34 4
20 35 15
20 36 9
20 37 15
20 38 16
20 39 15
20 40 19
20 41 15
20 42 11
20 43 1
20 44 14
20 45 2
20 46 12
20 47 20
20 48 14
20 49 28
20 50 12
20 51 4
20 52 29
20 53 2
20 54 40
20 55 25
21 0 41
21 1 3
21 2 29
21 3 21
21 4 122
21 5 0
21 6 1
21 7 108
21 8 5
21 9 8
21 10 24
21 11 29
21 12 11
21 13 28
21 14 14
21 15 20
21 16 20
21 17 22
21 18 11
21 19 13
21 20 11
21 21 0
21 22 36
21 23 33
21 24 3
21 25 6
21 26 9
21 27 5
21 28 3
21 29 25
21 30 138
21 31 52
21 32 36
21 33 10
21 34 5
21 35 13
21 36 17
21 37 9
21 38 19
21 39 0
21 40 0
21 41 33
21 42 19
21 43 20
21 44 26
21 45 34
21 46 7
21 47 249
21 48 24
21 49 35
21 50 18
21 51 14
21 52 43
21 53 54
21 54 9
21 55 29
22 0 74
22 1 18
22 2 2
22 3 7
22 4 56
22 5 1
22 6 10
22 7 11
22 8 18
22 9 12
22 10 10
22 11 25
22 12 7
22 13 16
22 14 15
22 15 15
22 16 45
22 17 85
22 18 15
22 19 11
22 20 17
22 21 9
22 22 0
22 23 18
22 24 2
22 25 3
22 26 8
22 27 2
22 28 1
22 29 10
22 30 15
22 31 23
22 32 23
22 33 5
22 34 9
22 35 20
22 36 11
22 37 28
22 38 22
22 39 8
22 40 16
22 41 29
22 42 1
22 43 2
22 44 23
22 45 4
22 46 19
22 47 5
22 48 44
22 49 3
22 50 3
22 51 0
22 52 18
22 53 38
22 54 22
22 55 0
23 0 21
23 1 11
23 2 13
23 3 64
23 4 29
23 5 33
23 6 71
23 7 21
23 8 1
23 9 62
23 10 20
23 11 56
23 12 24
23 13 16
23 14 3
23 15 42
23 16 3
23 17 29
23 18 2
23 19 41
23 20 14
23 21 26
23 22 14
23 23 0
23 24 19
23 25 10
23 26 58
23 27 44
23 28 34
23 29 55
23 30 18
23 31 14
23 32 51
23 33 37
23 34 74
23 35 4
23 36 4
23 37 46
23 38 63
23 39 22
23 40 18
23 41 35
23 42 23
23 43 1
23 44 26
23 45 7
23 46 100
23 47 18
23 48 22
23 49 208
23 50 85
23 51 22
23 52 40
23 53 26
23 54 6
23 55 19
24 0 24
24 1 8
24 2 127
24 3 68
24 4 24
24 5 8
24 6 0
24 7 22
24 8 14
24 9 44
24 10 57
24 11 49
24 12 15
24 13 0
24 14 6
24 15 12
24 16 24
24 17 2
24 18 18
24 19 6
24 20 7
24 21 32
24 22 2
24 23 24
24 24 0
24 25 39
24 26 31
24 27 17
24 28 15
24 29 74
24 30 6
24 31 3
24 32 83
24 33 0
24 34 0
24 35 25
24 36 91
24 37 18
24 38 26
24 39 10
24 40 139
24 41 10
24 42 5
24 43 44
24 44 3
24 45 13
24 46 49
24 47 21
24 48 2
24 49 20
24 50 15
24 51 2
24 52 15
24 53 0
24 54 2
24 55 10
25 0 47
25 1 21
25 2 41
25 3 6
25 4 56
25 5 21
25 6 25
25 7 40
25 8 12
25 9 26
25 10 33
25 11 83
25 12 0
25 13 34
25 14 7
25 15 24
25 16 39
25 17 19
25 18 21
25 19 4
25 20 7
25 21 11
25 22 24
25 23 27
25 24 27
25 25 0
25 26 11
25 27 35
25 28 10
25 29 14
25 30 12
25 31 29
25 32 36
25 33 11
25 34 42
25 35 59
25 36 41
25 37 17
25 38 9
25 39 1
25 40 48
25 41 95
25 42 20
25 43 53
25 44 169
25 45 18
25 46 15
25 47 34
25 48 1
25 49 18
25 50 29
25 51 6
25 52 38
25 53 74
25 54 5
25 55 14
26 0 8
26 1 13
26 2 29
26 3 1
26 4 5
26 5 110
26 6 155
26 7 16
26 8 22
26 9 46
26 10 58
26 11 28
26 12 23
26 13 24
26 14 14
26 15 14
26 16 21
26 17 23
26 18 28
26 19 13
26 20 41
26 21 13
26 22 0
26 23 62
26 24 6
26 25 30
26 26 0
26 27 14
26 28 44
26 29 40
26 30 13
26 31 16
26 32 9
26 33 24
26 34 13
26 35 12
26 36 33
26 37 24
26 38 12
26 39 12
26 40 6
26 41 25
26 42 5
26 43 1
26 44 14
26 45 2
26 46 8
26 47 2
26 48 16
26 49 37
26 50 64
26 51 7
26 52 20
26 53 17
26 54 23
26 55 4
27 0 38
27 1 9
27 2 23
27 3 29
27 4 73
27 5 17
27 6 21
27 7 32
27 8 28
27 9 17
27 10 3
27 11 16
27 12 7
27 13 198
27 14 11
27 15 18
27 16 10
27 17 54
27 18 13
27 19 11
27 20 27
27 21 54
27 22 27
27 23 41
27 24 15
27 25 17
27 26 26
27 27 0
27 28 4
27 29 12
27 30 11
27 31 126
27 32 22
27 33 24
27 34 56
27 35 43
27 36 2
27 37 534
27 38 93
27 39 22
27 40 15
27 41 54
27 42 23
27 43 16
27 44 35
27 45 45
27 46 25
27 47 27
27 48 85
27 49 35
27 50 41
27 51 43
27 52 170
27 53 26
27 54 21
27 55 1
28 0 1
28 1 120
28 2 1
28 3 17
28 4 8
28 5 47
28 6 9
28 7 5
28 8 33
28 9 26
28 10 5
28 11 13
28 12 29
28 13 16
28 14 7
28 15 9
28 16 0
28 17 18
28 18 56
28 19 17
28 20 64
28 21 9
28 22 8
28 23 4
28 24 17
28 25 4
28 26 50
28 27 8
28 28 0
28 29 17
28 30 16
28 31 20
28 32 11
28 33 113
28 34 8
28 35 0
28 36 11
28 37 12
28 38 19
28 39 17
28 40 4
28 41 5
28 42 22
28 43 6
28 44 5
28 45 3
28 46 19
28 47 13
28 48 11
28 49 35
28 50 26
28 51 23
28 52 7
28 53 13
28 54 20
28 55 21
29 0 28
29 1 10
29 2 47
29 3 37
29 4 13
29 5 38
29 6 30
29 7 19
29 8 9
29 9 421
29 10 56
29 11 4
29 12 11
29 13 5
29 14 22
29 15 80
29 16 19
29 17 11
29 18 16
29 19 26
29 20 4
29 21 1
29 22 13
29 23 22
29 24 80
29 25 5
29 26 43
29 27 25
29 28 18
29 29 0
29 30 4
29 31 21
29 32 59
29 33 10
29 34 2
29 35 18
29 36 177
29 37 3
29 38 15
29 39 14
29 40 136
29 41 50
29 42 14
29 43 47
29 44 23
29 45 15
29 46 83
29 47 23
29 48 22
29 49 82
29 50 20
29 51 2
29 52 31
29 53 23
29 54 6
29 55 14
30 0 126
30 1 13
30 2 26
30 3 29
30 4 157
30 5 4
30 6 13
30 7 217
30 8 3
30 9 2
30 10 8
30 11 21
30 12 4
30 13 17
30 14 19
30 15 10
30 16 48
30 17 113
30 18 1
30 19 4
30 20 7
30 21 100
30 22 24
30 23 30
30 24 11
30 25 35
30 26 10
30 27 15
30 28 4
30 29 15
30 30 0
30 31 1
30 32 20
30 33 9
30 34 5
30 35 26
30 36 20
30 37 64
30 38 22
30 39 63
30 40 27
30 41 44
30 42 3
30 43 25
30 44 59
30 45 51
30 46 16
30 47 145
30 48 11
30 49 5
30 50 28
30 51 24
30 52 52
30 53 13
30 54 18
30 55 23
31 0 21
31 1 5
31 2 3
31 3 7
31 4 8
31 5 3
31 6 2
31 7 92
31 8 17
31 9 9
31 10 16
31 11 5
31 12 22
31 13 66
31 14 7
31 15 3
31 16 67
31 17 12
31 18 23
31 19 13
31 20 3
31 21 35
31 22 2
31 23 15
31 24 9
31 25 34
31 26 1
31 27 38
31 28 4
31 29 18
31 30 21
31 31 0
31 32 15
31 33 3
31 34 37
31 35 16
31 36 10
31 37 97
31 38 0
31 39 127
31 40 10
31 41 34
31 42 4
31 43 10
31 44 35
31 45 36
31 46 12
31 47 4
31 48 181
31 49 6
31 50 17
31 51 14
31 52 4
31 53 11
31 54 0
31 55 45
32 0 1
32 1 18
32 2 61
32 3 255
32 4 6
32 5 25
32 6 42
32 7 1
32 8 0
32 9 57
32 10 27
32 11 144
32 12 11
32 13 1
32 14 18
32 15 36
32 16 18
32 17 30
32 18 2
32 19 17
32 20 18
32 21 29
32 22 22
32 23 15
32 24 2
32 25 135
32 26 7
32 27 22
32 28 11
32 29 55
32 30 28
32 31 21
32 32 0
32 33 11
32 34 23
32 35 57
32 36 8
32 37 21
32 38 17
32 39 4
32 40 30
32 41 62
32 42 27
32 43 2
32 44 65
32 45 17
32 46 14
32 47 4
32 48 29
32 49 9
32 50 21
32 51 6
32 52 32
32 53 71
32 54 8
32 55 5
33 0 0
33 1 31
33 2 16
33 3 17
33 4 11
33 5 68
33 6 43
33 7 12
33 8 1
33 9 22
33 10 25
33 11 17
33 12 30
33 13 11
33 14 28
33 15 33
33 16 10
33 17 0
33 18 278
33 19 51
33 20 57
33 21 17
33 22 5
33 23 15
33 24 13
33 25 13
33 26 40
33 27 16
33 28 126
33 29 18
33 30 13
33 31 2
33 32 13
33 33 0
33 34 14
33 35 19
33 36 19
33 37 2
33 38 0
33 39 12
33 40 15
33 41 0
33 42 22
33 43 12
33 44 21
33 45 12
33 46 21
33 47 16
33 48 19
33 49 0
33 50 28
33 51 7
33 52 22
33 53 18
33 54 7
33 55 24
34 0 22
34 1 33
34 2 7
34 3 50
34 4 27
34 5 38
34 6 12
34 7 16
34 8 24
34 9 0
34 10 28
34 11 44
34 12 19
34 13 24
34 14 7
34 15 8
34 16 19
34 17 5
34 18 13
34 19 53
34 20 19
34 21 36
34 22 11
34 23 57
34 24 13
34 25 20
34 26 42
34 27 4
34 28 26
34 29 19
34 30 8
34 31 6
34 32 24
34 33 31
34 34 0
34 35 79
34 36 38
34 37 49
34 38 31
34 39 12
34 40 37
34 41 7
34 42 6
34 43 21
34 44 20
34 45 44
34 46 41
34 47 18
34 48 15
34 49 9
34 50 91
34 51 48
34 52 49
34 53 20
34 54 24
34 55 77
35 0 17
35 1 29
35 2 16
35 3 50
35 4 42
35 5 26
35 6 21
35 7 42
35 8 21
35 9 36
35 10 32
35 11 11
35 12 15
35 13 28
35 14 20
35 15 31
35 16 4
35 17 2
35 18 12
35 19 23
35 20 20
35 21 8
35 22 14
35 23 38
35 24 37
35 25 68
35 26 41
35 27 44
35 28 16
35 29 22
35 30 21
35 31 13
35 32 22
35 33 3
35 34 88
35 35 0
35 36 1
35 37 32
35 38 71
35 39 31
35 40 31
35 41 258
35 42 47
35 43 42
35 44 25
35 45 60
35 46 15
35 47 22
35 48 33
35 49 64
35 50 21
35 51 15
35 52 11
35 53 32
35 54 19
35 55 35
36 0 12
36 1 11
36 2 0
36 3 76
36 4 14
36 5 41
36 6 51
36 7 26
36 8 3
36 9 109
36 10 89
36 11 52
36 12 19
36 13 17
36 14 19
36 15 61
36 16 18
36 17 4
36 18 5
36 19 43
36 20 20
36 21 31
36 22 1
36 23 4
36 24 146
36 25 29
36 26 9
36 27 9
36 28 17
36 29 193
36 30 17
36 31 19
36 32 52
36 33 2
36 34 14
36 35 38
36 36 0
36 37 25
36 38 4
36 39 20
36 40 92
36 41 49
36 42 26
36 43 71
36 44 8
36 45 7
36 46 46
36 47 32
36 48 11
36 49 64
36 50 32
36 51 19
36 52 21
36 53 31
36 54 11
36 55 13
37 0 55
37 1 1
37 2 6
37 3 27
37 4 23
37 5 8
37 6 19
37 7 52
37 8 31
37 9 20
37 10 11
37 11 28
37 12 20
37 13 53
37 14 1
37 15 10
37 16 54
37 17 14
37 18 23
37 19 35
37 20 17
37 21 5
37 22 5
37 23 23
37 24 25
37 25 4
37 26 18
37 27 480
37 28 22
37 29 7
37 30 60
37 31 86
37 32 28
37 33 8
37 34 72
37 35 33
37 36 10
37 37 0
37 38 12
37 39 21
37 40 8
37 41 0
37 42 10
37 43 26
37 44 28
37 45 9
37 46 3
37 47 8
37 48 302
37 49 39
37 50 17
37 51 6
37 52 57
37 53 3
37 54 36
37 55 6
38 0 36
38 1 11
38 2 11
38 3 8
38 4 107
38 5 1
38 6 0
38 7 121
38 8 1
38 9 27
38 10 29
38 11 20
38 12 13
38 13 46
38 14 22
38 15 16
38 16 45
38 17 2
38 18 3
38 19 8
38 20 1
38 21 77
38 22 28
38 23 47
38 24 20
38 25 18
38 26 25
38 27 83
38 28 12
38 29 21
38 30 126
38 31 57
38 32 43
38 33 13
38 34 27
38 35 27
38 36 33
38 37 36
38 38 0
38 39 58
38 40 26
38 41 95
38 42 11
38 43 29
38 44 34
38 45 27
38 46 18
38 47 0
38 48 22
38 49 13
38 50 18
38 51 15
38 52 82
38 53 89
38 54 1
38 55 10
39 0 35
39 1 19
39 2 9
39 3 3
39 4 2
39 5 20
39 6 2
39 7 24
39 8 21
39 9 7
39 10 12
39 11 21
39 12 25
39 13 66
39 14 13
39 15 12
39 16 31
39 17 192
39 18 19
39 19 28
39 20 19
39 21 35
39 22 62
39 23 6
39 24 8
39 25 10
39 26 12
39 27 76
39 28 6
39 29 21
39 30 76
39 31 154
39 32 18
39 33 7
39 34 41
39 35 33
39 36 9
39 37 95
39 38 2
39 39 0
39 40 24
39 41 31
39 42 16
39 43 1
39 44 3
39 45 36
39 46 20
39 47 63
39 48 48
39 49 0
39 50 32
39 51 8
39 52 13
39 53 50
39 54 27
39 55 29
40 0 13
40 1 12
40 2 92
40 3 29
40 4 18
40 5 1
40 6 33
40 7 6
40 8 0
40 9 193
40 10 67
40 11 14
40 12 0
40 13 2
40 14 22
40 15 102
40 16 4
40 17 20
40 18 18
40 19 3
40 20 13
40 21 2
40 22 16
40 23 8
40 24 145
40 25 42
40 26 20
40 27 13
40 28 5
40 29 184
40 30 25
40 31 20
40 32 77
40 33 9
40 34 14
40 35 11
40 36 378
40 37 6
40 38 33
40 39 15
40 40 0
40 41 5
40 42 28
40 43 22
40 44 27
40 45 12
40 46 43
40 47 28
40 48 19
40 49 34
40 50 32
40 51 23
40 52 20
40 53 12
40 54 17
40 55 26
41 0 9
41 1 17
41 2 4
41 3 40
41 4 44
41 5 17
41 6 27
41 7 23
41 8 4
41 9 53
41 10 58
41 11 18
41 12 15
41 13 10
41 14 24
41 15 19
41 16 2
41 17 24
41 18 4
41 19 20
41 20 9
41 21 38
41 22 22
41 23 26
41 24 1
41 25 5
41 26 28
41 27 38
41 28 12
41 29 29
41 30 12
41 31 13
41 32 59
41 33 22
41 34 11
41 35 230
41 36 17
41 37 36
41 38 59
41 39 18
41 40 41
41 41 0
41 42 9
41 43 51
41 44 69
41 45 50
41 46 23
41 47 62
41 48 17
41 49 58
41 50 39
41 51 26
41 52 13
41 53 127
41 54 22
41 55 5
42 0 12
42 1 4
42 2 14
42 3 13
42 4 16
42 5 73
42 6 70
42 7 18
42 8 11
42 9 125
42 10 79
42 11 16
42 12 12
42 13 21
42 14 6
42 15 161
42 16 22
42 17 16
42 18 30
42 19 53
42 20 3
42 21 18
42 22 16
42 23 8
42 24 21
42 25 5
42 26 15
42 27 16
42 28 26
42 29 134
42 30 24
42 31 23
42 32 20
42 33 27
42 34 41
42 35 20
42 36 39
42 37 11
42 38 8
42 39 16
42 40 67
42 41 3
42 42 0
42 43 17
42 44 23
42 45 2
42 46 69
42 47 22
42 48 19
42 49 18
42 50 32
42 51 5
42 52 31
42 53 15
42 54 18
42 55 19
43 0 10
43 1 18
43 2 162
43 3 3
43 4 27
43 5 27
43 6 34
43 7 22
43 8 15
43 9 51
43 10 3
43 11 63
43 12 3
43 13 17
43 14 18
43 15 39
43 16 25
43 17 1
43 18 14
43 19 30
43 20 1
43 21 31
43 22 1
43 23 17
43 24 30
43 25 25
43 26 4
43 27 2
43 28 2
43 29 15
43 30 32
43 31 10
43 32 26
43 33 1
43 34 2
43 35 24
43 36 52
43 37 19
43 38 7
43 39 18
43 40 6
43 41 39
43 42 49
43 43 0
43 44 3
43 45 20
43 46 29
43 47 11
43 48 2
43 49 14
43 50 3
43 51 6
43 52 12
43 53 25
43 54 11
43 55 3
44 0 37
44 1 6
44 2 38
44 3 84
44 4 37
44 5 25
44 6 19
44 7 25
44 8 17
44 9 28
44 10 22
44 11 75
44 12 1
44 13 22
44 14 14
44 15 5
44 16 0
44 17 27
44 18 0
44 19 0
44 20 11
44 21 54
44 22 7
44 23 9
44 24 5
44 25 984
44 26 6
44 27 37
44 28 18
44 29 19
44 30 37
44 31 33
44 32 134
44 33 3
44 34 24
44 35 5
44 36 55
44 37 7
44 38 36
44 39 22
44 40 5
44 41 24
44 42 1
44 43 29
44 44 0
44 45 28
44 46 14
44 47 61
44 48 28
44 49 37
44 50 4
44 51 23
44 52 16
44 53 19
44 54 18
44 55 18
45 0 85
45 1 15
45 2 11
45 3 16
45 4 56
45 5 1
45 6 9
45 7 56
45 8 6
45 9 14
45 10 35
45 11 46
45 12 19
45 13 28
45 14 9
45 15 11
45 16 38
45 17 28
45 18 6
45 19 29
45 20 1
45 21 135
45 22 22
45 23 24
45 24 4
45 25 87
45 26 10
45 27 13
45 28 5
45 29 17
45 30 54
45 31 26
45 32 15
45 33 14
45 34 38
45 35 39
45 36 2
45 37 9
45 38 72
45 39 1
45 40 33
45 41 51
45 42 22
45 43 31
45 44 32
45 45 0
45 46 6
45 47 47
45 48 38
45 49 9
45 50 13
45 51 26
45 52 19
45 53 85
45 54 2
45 55 18
46 0 16
46 1 43
46 2 12
46 3 25
46 4 23
46 5 21
46 6 12
46 7 3
46 8 1
46 9 98
46 10 211
46 11 29
46 12 20
46 13 4
46 14 7
46 15 81
46 16 10
46 17 20
46 18 44
46 19 41
46 20 0
46 21 16
46 22 8
46 23 72
46 24 12
46 25 7
46 26 20
46 27 21
46 28 36
46 29 54
46 30 17
46 31 15
46 32 20
46 33 20
46 34 60
46 35 7
46 36 75
46 37 12
46 38 39
46 39 24
46 40 70
46 41 14
46 42 75
46 43 24
46 44 23
46 45 27
46 46 0
46 47 15
46 48 26
46 49 105
46 50 27
46 51 11
46 52 4
46 53 39
46 54 16
46 55 29
47 0 0
47 1 7
47 2 10
47 3 48
47 4 29
47 5 19
47 6 15
47 7 8
47 8 8
47 9 31
47 10 29
47 11 28
47 12 2
47 13 23
47 14 21
47 15 6
47 16 35
47 17 65
47 18 3
47 19 5
47 20 10
47 21 6
47 22 16
47 23 38
47 24 27
47 25 32
47 26 17
47 27 58
47 28 1
47 29 33
47 30 358
47 31 16
47 32 54
47 33 16
47 34 1
47 35 44
47 36 22
47 37 50
47 38 91
47 39 57
47 40 11
47 41 48
47 42 21
47 43 23
47 44 35
47 45 155
47 46 6
47 47 0
47 48 26
47 49 25
47 50 27
47 51 26
47 52 39
47 53 20
47 54 17
47 55 1
48 0 63
48 1 14
48 2 5
48 3 33
48 4 75
48 5 8
48 6 23
48 7 43
48 8 29
48 9 0
48 10 14
48 11 32
48 12 16
48 13 77
48 14 25
48 15 17
48 16 61
48 17 35
48 18 15
48 19 16
48 20 20
48 21 44
48 22 8
48 23 27
48 24 21
48 25 22
48 26 5
48 27 117
48 28 17
48 29 25
48 30 59
48 31 327
48 32 5
48 33 22
48 34 9
48 35 8
48 36 17
48 37 170
48 38 2
48 39 28
48 40 8
48 41 1
48 42 2
48 43 24
48 44 3
48 45 45
48 46 10
48 47 17
48 48 0
48 49 18
48 50 3
48 51 26
48 52 92
48 53 57
48 54 23
48 55 10
49 0 7
49 1 22
49 2 16
49 3 35
49 4 30
49 5 40
49 6 6
49 7 13
49 8 5
49 9 27
49 10 66
49 11 3
49 12 23
49 13 11
49 14 21
49 15 29
49 16 23
49 17 30
49 18 37
49 19 101
49 20 5
49 21 20
49 22 18
49 23 85
49 24 17
49 25 23
49 26 3
49 27 40
49 28 3
49 29 22
49 30 25
49 31 18
49 32 25
49 33 5
49 34 58
49 35 57
49 36 54
49 37 25
49 38 40
49 39 2
49 40 3
49 41 66
49 42 35
49 43 9
49 44 36
49 45 3
49 46 121
49 47 26
49 48 23
49 49 0
49 50 71
49 51 31
49 52 57
49 53 23
49 54 15
49 55 16
50 0 7
50 1 34
50 2 9
50 3 13
50 4 1
50 5 5
50 6 45
50 7 14
50 8 11
50 9 25
50 10 38
50 11 13
50 12 34
50 13 0
50 14 20
50 15 14
50 16 13
50 17 15
50 18 61
50 19 50
50 20 41
50 21 13
50 22 15
50 23 55
50 24 25
50 25 16
50 26 44
50 27 41
50 28 40
50 29 9
50 30 31
50 31 12
50 32 35
50 33 36
50 34 115
50 35 24
50 36 2
50 37 2
50 38 23
50 39 9
50 40 11
50 41 22
50 42 9
50 43 2
50 44 13
50 45 17
50 46 8
50 47 6
50 48 6
50 49 71
50 50 0
50 51 13
50 52 52
50 53 19
50 54 4
50 55 35
51 0 25
51 1 41
51 2 7
51 3 22
51 4 21
51 5 24
51 6 0
51 7 32
51 8 49
51 9 20
51 10 28
51 11 8
51 12 78
51 13 6
51 14 25
51 15 7
51 16 14
51 17 6
51 18 24
51 19 16
51 20 13
51 21 23
51 22 0
51 23 6
51 24 12
51 25 5
51 26 23
51 27 30
51 28 19
51 29 5
51 30 17
51 31 26
51 32 23
51 33 7
51 34 27
51 35 1
51 36 16
51 37 30
51 38 19
51 39 21
51 40 5
51 41 26
51 42 10
51 43 15
51 44 8
51 45 15
51 46 7
51 47 8
51 48 1
51 49 12
51 50 68
51 51 0
51 52 11
51 53 3
51 54 83
51 55 94
52 0 40
52 1 0
52 2 26
52 3 35
52 4 41
52 5 27
52 6 27
52 7 14
52 8 8
52 9 8
52 10 31
52 11 26
52 12 25
52 13 231
52 14 22
52 15 11
52 16 46
52 17 17
52 18 25
52 19 27
52 20 10
52 21 16
52 22 0
52 23 8
52 24 0
52 25 31
52 26 17
52 27 37
52 28 0
52 29 37
52 30 36
52 31 42
52 32 36
52 33 23
52 34 92
52 35 8
52 36 5
52 37 41
52 38 126
52 39 50
52 40 7
52 41 16
52 42 10
52 43 27
52 44 20
52 45 6
52 46 1
52 47 0
52 48 100
52 49 21
52 50 52
52 51 29
52 52 0
52 53 64
52 54 35
52 55 36
53 0 24
53 1 1
53 2 17
53 3 49
53 4 93
53 5 11
53 6 4
53 7 52
53 8 3
53 9 36
53 10 17
53 11 9
53 12 8
53 13 0
53 14 20
53 15 20
53 16 14
53 17 63
53 18 15
53 19 6
53 20 20
53 21 0
53 22 37
53 23 19
53 24 2
53 25 66
53 26 10
53 27 49
53 28 17
53 29 20
53 30 19
53 31 27
53 32 40
53 33 22
53 34 9
53 35 25
53 36 8
53 37 51
53 38 21
53 39 55
53 40 29
53 41 87
53 42 21
53 43 35
53 44 4
53 45 123
53 46 12
53 47 95
53 48 55
53 49 9
53 50 16
53 51 25
53 52 32
53 53 0
53 54 11
53 55 0
54 0 5
54 1 13
54 2 14
54 3 17
54 4 11
54 5 21
54 6 18
54 7 16
54 8 32
54 9 13
54 10 15
54 11 2
54 12 188
54 13 34
54 14 2
54 15 0
54 16 2
54 17 13
54 18 31
54 19 1
54 20 42
54 21 11
54 22 16
54 23 25
54 24 11
54 25 7
54 26 2
54 27 29
54 28 22
54 29 20
54 30 21
54 31 8
54 32 12
54 33 29
54 34 26
54 35 13
54 36 1
54 37 24
54 38 2
54 39 8
54 40 13
54 41 5
54 42 1
54 43 15
54 44 3
54 45 7
54 46 22
54 47 20
54 48 20
54 49 0
54 50 32
54 51 81
54 52 4
54 53 20
54 54 0
54 55 50
55 0 33
55 1 24
55 2 3
55 3 11
55 4 34
55 5 22
55 6 28
55 7 7
55 8 16
55 9 2
55 10 14
55 11 5
55 12 44
55 13 45
55 14 38
55 15 19
55 16 6
55 17 4
55 18 12
55 19 7
55 20 17
55 21 25
55 22 11
55 23 44
55 24 4
55 25 17
55 26 34
55 27 64
55 28 12
55 29 14
55 30 18
55 31 15
55 32 7
55 33 25
55 34 69
55 35 9
55 36 15
55 37 64
55 38 10
55 39 7
55 40 21
55 41 9
55 42 14
55 43 16
55 44 0
55 45 5
55 46 32
55 47 14
55 48 33
55 49 39
55 50 45
55 51 6
55 52 45
55 53 30
55 54 21
55 55 0
