#So luong nut la la
51
#Toa do cac nut
14.693458850501285 17.728037200582058 0.0
15.916782227700768 4.095611674182473 0.0
0.4764458193677453 14.726372924959644 0.0
4.710858323374685 18.48684108675343 0.0
14.104544502387958 4.83102240776348 0.0
17.49816431424075 6.498093250632117 0.0
4.182836040803603 4.027256335982602 0.0
18.63040236760699 11.385951647935826 0.0
12.162650663520123 16.858478396693084 0.0
17.27849124904521 1.8875349175404796 0.0
2.16916687518309 3.339323010973939 0.0
19.287430985270802 5.3721160361514135 0.0
9.829856753573823 8.078171005495962 0.0
3.9850454626917546 3.86631331361865 0.0
9.063965775575884 18.92268163043973 0.0
7.585709560109218 18.369265084313323 0.0
18.38021051380405 7.307112701883228 0.0
10.82734569788601 6.0553551300653625 0.0
14.246934643696978 5.868606706988995 0.0
13.85321956550602 10.413117265070662 0.0
19.353510205518578 9.891931389019112 0.0
13.994622473311798 0.024432115722287095 0.0
3.5502168774076255 7.669588816520954 0.0
10.258774126220828 1.6102823051608661 0.0
2.820602780075431 0.6018653549874797 0.0
14.907000681224105 3.338992471108963 0.0
10.515880871319297 2.854548380068974 0.0
6.039972901174334 17.91244232436667 0.0
18.044918394333042 14.087763888055491 0.0
2.7076727436611496 17.033553962939642 0.0
4.602620608723148 11.757157551272535 0.0
9.268622835695533 5.946348403196241 0.0
6.560551671889126 8.963638115477869 0.0
17.951658752240398 9.583636165534816 0.0
2.138969051263513 11.002916386934874 0.0
4.228848113668788 8.942506877786908 0.0
16.179299351410776 18.516880423157666 0.0
8.169473972217979 17.49983902530948 0.0
2.2105855537796915 1.414010423754324 0.0
11.895678320192879 4.663627996135313 0.0
16.298998469684758 12.439324776023083 0.0
0.4416753125606998 10.808249994761303 0.0
6.184485522878681 3.698676663288684 0.0
19.5975149431927 17.255440921042684 0.0
3.775471566263171 15.53733479440161 0.0
16.334090127590706 6.077285813213534 0.0
4.945891109988654 2.128002726239636 0.0
6.626467986454058 12.074378155800225 0.0
10.434910106769111 4.377770443844386 0.0
13.546394876305914 8.037653196717807 0.0
7.017320844862249 19.06300423849987 0.0
#Ma tran yeu cau D
#source_index dest_index bw don vi Mbps
37 0 21
1 31 45
12 1 44
2 25 52
4 7 1
43 36 23
38 2 22
35 6 37
49 40 24
28 30 34
21 8 46
45 17 49
8 29 25
29 34 8
49 32 13
31 1 54
25 23 3
1 30 43
3 48 10
36 43 15
37 16 48
31 34 33
47 33 28
30 33 12
24 13 30
1 0 36
5 45 25
19 28 53
44 43 38
21 29 20
1 10 18
4 2 57
15 13 22
40 26 41
30 25 49
15 34 14
45 29 41
32 38 61
6 18 27
0 17 61
12 18 38
29 22 7
34 5 47
25 18 25
28 7 12
7 9 18
33 15 47
34 45 49
49 44 29
11 22 17
43 48 42
38 40 1
42 1 33
6 10 17
34 36 32
29 0 60
5 43 2
34 46 3
39 33 43
40 6 3
42 16 50
8 48 51
12 39 14
41 40 31
30 20 42
39 36 34
31 16 3
32 28 23
15 48 12
44 37 58
8 22 37
14 8 42
12 29 11
27 31 25
14 33 63
27 45 23
7 17 29
17 21 18
14 26 49
8 3 12
19 27 49
1 18 31
36 7 1
47 44 46
7 43 12
34 12 15
17 16 28
3 46 56
6 31 13
38 37 54
16 26 38
2 6 56
16 11 7
26 44 47
45 10 59
16 40 48
47 34 48
37 19 2
43 19 20
29 19 41
35 3 24
14 13 63
3 16 28
41 43 44
31 26 25
32 46 2
45 50 15
11 46 7
27 0 33
22 26 39
36 14 12
13 31 23
34 15 52
43 4 63
49 15 28
44 49 62
11 28 46
33 36 31
8 9 44
21 44 25
19 18 5
26 23 48
13 45 30
44 20 43
23 2 59
14 9 63
21 3 4
11 14 45
20 30 33
26 4 4
28 39 5
4 24 28
42 48 9
18 27 16
27 7 14
47 18 61
42 2 1
12 17 50
36 40 24
5 29 26
45 16 35
16 4 59
0 4 25
35 27 56
8 11 52
44 19 31
11 45 18
32 0 18
12 10 1
49 28 23
7 48 59
38 32 46
48 2 17
38 3 41
11 29 61
11 43 29
9 16 10
17 31 32
33 31 53
29 17 16
18 14 54
44 45 45
37 18 43
24 18 53
2 50 44
31 48 28
17 23 48
15 6 13
13 40 37
0 38 43
17 26 61
27 25 26
28 44 58
3 45 33
26 25 4
10 32 28
20 42 50
27 12 22
8 33 11
39 24 57
22 19 10
3 43 58
37 14 54
23 15 5
7 28 51
13 46 6
37 38 4
6 2 9
29 13 26
23 28 43
12 26 38
5 46 61
29 43 40
23 11 34
44 35 51
46 12 10
32 27 45
0 45 28
26 28 52
33 16 16
9 1 31
4 41 4
25 37 20
3 8 46
28 43 10
45 26 35
45 23 51
10 28 55
8 34 54
11 20 24
28 24 26
19 7 55
47 36 50
28 16 34
37 49 27
29 15 7
16 47 26
5 19 26
21 30 60
10 25 8
33 39 22
15 4 39
11 1 47
31 0 38
36 35 21
28 5 2
6 45 35
40 24 12
19 17 58
15 1 46
50 36 2
22 17 19
35 1 22
3 37 51
46 27 25
2 12 62
10 13 27
44 5 2
14 10 6
30 8 33
0 13 13
31 47 54
15 35 62
33 38 26
9 40 32
33 48 46
9 43 51
44 4 55
35 20 18
24 8 46
16 42 14
3 15 45
36 15 55
35 7 24
12 2 53
27 4 51
26 6 30
21 23 22
16 34 53
30 16 3
21 45 24
36 28 43
24 42 33
46 32 63
32 3 20
8 49 21
5 33 17
30 48 29
9 39 13
38 28 14
6 20 51
21 4 53
32 7 4
30 24 33
6 39 23
36 19 41
12 30 19
41 34 46
33 2 10
15 46 11
46 13 36
4 20 24
34 44 35
2 35 16
48 7 45
36 17 56
10 3 35
17 4 52
18 36 56
20 39 45
2 30 29
14 32 8
10 31 12
20 47 12
24 32 55
40 34 55
17 2 29
23 37 56
18 45 26
50 33 12
23 45 63
16 31 52
16 24 51
0 12 31
48 34 63
4 21 46
38 12 15
30 7 60
49 22 48
2 39 51
27 18 8
29 24 16
21 38 17
35 45 30
32 29 44
5 44 42
8 39 15
35 34 12
33 24 17
42 9 42
26 18 23
29 32 39
29 9 25
11 12 4
17 9 31
5 4 63
35 15 49
36 24 1
41 24 59
13 1 25
45 39 24
27 1 16
31 12 45
42 37 22
43 37 50
48 37 52
29 31 28
11 32 56
28 18 5
7 10 43
7 36 39
9 26 30
21 22 42
11 42 31
29 40 27
26 40 34
1 12 28
36 33 51
37 33 22
27 42 58
12 36 53
12 14 25
3 29 31
24 46 40
35 14 21
1 3 58
18 6 24
6 33 17
40 29 51
34 1 58
1 34 57
43 28 41
42 30 13
26 3 12
5 18 46
31 25 61
0 7 37
26 31 12
45 24 3
22 45 38
48 24 49
35 37 27
6 13 57
29 41 19
29 2 55
28 46 49
30 18 19
37 20 11
32 18 12
32 44 39
28 42 53
5 21 13
13 37 58
30 46 61
41 50 59
23 44 3
42 47 3
49 25 47
38 34 27
23 40 49
38 15 56
19 50 34
46 41 3
22 48 56
9 11 36
43 23 7
11 8 42
30 13 20
9 29 41
31 50 39
8 13 6
6 19 60
30 37 4
27 24 3
35 36 60
47 32 57
31 32 12
23 6 45
37 48 59
16 46 52
24 14 49
17 14 17
48 44 54
50 42 41
39 2 46
31 35 19
42 39 4
47 16 19
26 20 36
43 35 1
48 46 55
41 47 39
42 50 27
24 1 38
14 21 25
41 11 51
5 23 14
44 40 24
21 47 48
15 25 23
44 2 41
9 46 15
7 13 60
38 18 50
38 45 6
22 21 4
43 18 12
46 28 28
20 21 20
31 33 56
5 13 3
22 40 53
46 42 6
8 35 19
48 45 42
15 42 58
46 2 41
12 23 33
30 3 56
50 8 44
20 5 43
42 12 57
40 8 61
11 2 2
4 16 2
19 41 45
23 13 57
23 35 31
23 33 52
22 39 54
43 42 58
38 29 32
24 36 39
6 12 24
45 1 7
41 17 7
40 1 39
24 29 7
15 3 30
25 1 39
45 8 47
9 33 61
15 0 8
11 50 35
45 43 39
30 42 27
2 4 46
22 38 45
8 1 51
5 15 4
17 38 17
18 10 20
19 4 20
33 14 2
46 31 63
5 9 2
42 45 34
43 40 44
41 22 24
5 39 2
18 2 23
16 39 50
1 46 17
4 26 28
31 4 21
23 34 4
42 0 18
13 32 37
50 13 44
2 16 18
45 34 18
42 46 35
29 10 44
43 20 33
20 16 2
50 40 62
6 47 16
46 38 32
46 9 63
21 28 48
29 39 46
21 18 28
2 3 26
25 8 31
21 46 12
32 21 58
16 8 37
25 30 44
17 7 57
7 38 26
28 13 53
49 19 26
13 35 44
11 5 37
45 33 5
24 12 21
36 11 49
36 49 32
7 41 46
34 6 52
17 28 60
30 0 16
4 49 58
44 30 26
18 30 52
3 1 13
7 11 47
48 21 9
44 41 42
44 10 7
34 19 63
38 36 41
12 5 6
43 38 30
49 17 4
21 36 33
24 15 30
11 26 33
6 30 6
18 22 62
26 11 41
10 34 59
34 47 47
20 14 28
42 18 28
20 27 16
5 20 36
31 43 37
22 43 55
34 39 34
28 25 48
15 20 42
46 10 6
18 23 35
3 19 24
15 2 43
28 8 43
50 47 6
9 2 61
36 48 61
11 19 60
46 30 16
4 34 56
34 14 60
5 0 23
33 34 1
38 13 2
8 46 42
18 20 8
16 27 27
34 48 61
17 37 21
5 12 37
42 10 53
5 38 52
6 0 57
10 23 2
50 22 3
50 26 59
4 43 11
16 41 32
48 19 24
1 21 54
4 46 52
6 46 59
41 0 35
15 22 44
9 13 49
36 16 5
49 37 55
35 32 34
6 22 25
50 32 34
17 34 2
48 31 44
45 13 33
45 41 11
49 10 53
3 12 56
5 6 32
38 21 55
21 48 30
36 29 3
29 4 16
47 8 41
14 22 3
32 22 61
6 48 30
35 48 50
2 24 40
17 44 44
37 4 52
18 31 52
42 6 45
6 49 62
40 7 7
46 20 48
44 34 7
19 34 59
45 0 39
46 11 45
25 14 33
43 49 51
8 36 48
41 10 63
13 21 10
23 43 52
6 16 3
3 10 48
48 43 10
39 40 61
31 44 61
27 10 2
39 50 52
30 19 55
32 34 49
32 17 21
36 4 10
27 23 6
20 1 31
7 16 11
38 11 53
45 5 39
42 31 24
24 19 31
15 44 29
18 19 32
44 11 45
25 39 62
22 13 22
4 32 28
16 43 26
20 22 20
39 49 40
4 25 58
41 13 14
50 1 34
19 32 12
35 43 53
0 32 14
47 2 62
47 35 33
19 2 9
19 36 35
0 42 28
47 12 16
24 30 55
7 3 32
22 34 53
3 9 35
39 7 57
45 25 15
46 23 24
37 39 61
38 19 26
4 19 14
32 14 31
14 31 31
16 32 8
2 19 42
22 49 21
22 47 17
48 20 43
27 26 53
25 10 20
2 7 19
7 15 22
0 18 15
1 23 40
32 11 39
24 28 23
23 50 52
2 23 47
13 0 52
14 30 42
12 40 35
44 33 20
40 37 26
21 34 61
40 13 14
32 16 35
18 37 48
39 38 54
26 46 2
22 10 29
50 4 63
36 27 19
48 10 45
9 20 27
28 49 53
18 29 62
10 46 40
34 26 49
15 18 2
3 6 30
28 41 12
21 19 9
26 48 51
47 9 45
46 0 31
46 24 1
2 41 15
39 31 15
12 32 1
40 18 58
12 48 7
0 40 9
34 41 55
49 30 22
49 41 25
38 30 27
23 17 20
28 37 56
22 9 6
8 30 29
36 38 4
12 7 45
37 22 44
0 29 16
28 20 13
11 40 32
47 22 9
22 23 52
38 9 41
38 22 39
9 17 50
32 40 41
17 29 7
5 40 62
37 5 1
9 14 15
50 34 63
18 44 41
3 33 1
19 30 41
32 42 61
37 47 52
28 15 55
2 1 42
6 4 54
28 34 17
31 46 27
9 0 48
48 5 63
42 49 33
37 3 1
16 18 5
44 3 16
9 5 12
1 11 23
29 49 46
21 39 50
47 45 16
26 8 60
16 28 12
39 18 51
12 27 33
1 45 35
37 35 38
24 34 27
31 2 61
23 18 4
26 50 8
3 13 39
43 22 4
11 39 61
28 14 6
3 49 5
1 33 51
33 47 49
23 31 13
18 0 12
46 6 43
44 13 51
40 50 7
11 41 2
16 15 12
36 44 10
19 35 12
49 21 60
38 49 20
34 30 24
8 5 14
17 18 17
14 23 54
37 42 5
32 8 52
40 46 53
36 21 23
34 43 48
24 3 59
18 21 43
29 36 14
30 38 31
10 15 10
46 8 39
41 23 35
4 13 27
2 0 58
7 49 44
40 3 31
35 4 37
4 48 36
14 20 25
44 18 11
23 12 12
48 23 51
1 9 4
1 40 15
49 50 59
13 20 2
48 49 7
19 12 50
0 43 20
33 42 22
1 37 63
17 15 9
5 16 37
19 40 41
4 9 58
30 41 27
23 32 54
8 47 3
15 38 51
41 45 26
25 27 31
36 25 15
16 7 13
4 47 22
48 39 35
24 4 31
15 43 62
9 3 38
49 16 63
10 33 5
16 10 15
46 21 60
43 9 44
4 30 11
49 27 50
12 35 17
17 20 57
43 31 50
46 40 42
5 32 49
29 6 2
2 8 34
10 6 49
9 4 6
13 5 32
49 31 48
15 11 34
9 31 19
42 24 51
12 4 60
25 13 43
18 8 10
5 7 5
10 42 20
16 49 32
20 26 28
7 20 46
39 46 62
44 27 41
35 24 28
5 27 52
45 6 14
26 15 48
33 9 21
3 14 46
31 11 39
8 10 31
36 12 25
30 27 20
25 5 61
50 38 63
5 28 26
34 29 13
8 18 26
48 28 22
27 6 23
13 6 52
47 42 32
19 45 14
2 29 16
38 5 31
36 1 17
45 48 59
7 37 8
50 41 45
35 41 35
13 11 30
30 47 22
11 47 27
23 29 33
3 18 22
24 40 51
49 3 37
39 48 61
40 20 28
2 14 38
12 6 42
25 34 9
39 13 35
20 11 56
4 17 19
49 29 46
40 36 59
1 8 28
49 5 21
13 39 9
24 17 12
47 29 50
23 27 36
47 40 11
27 35 28
21 41 63
8 14 5
13 28 38
0 36 11
25 43 58
8 43 28
14 50 45
23 42 31
41 39 58
27 8 55
32 26 39
3 50 32
7 25 19
0 28 25
3 22 39
36 45 12
42 32 2
42 43 53
46 37 34
14 46 50
17 40 61
40 42 21
40 49 14
19 43 22
10 40 59
26 36 31
41 42 11
35 40 7
32 43 20
25 11 43
7 45 30
41 25 1
10 30 31
28 2 19
1 47 50
9 49 3
12 13 58
23 5 54
27 17 1
25 47 26
28 6 11
42 20 15
15 36 42
19 9 63
32 33 10
25 42 10
20 34 23
40 0 58
39 11 61
20 7 2
25 22 27
49 39 29
18 9 48
9 19 15
32 5 54
37 1 26
22 42 1
22 29 62
43 16 8
8 44 41
43 30 9
1 22 4
41 35 50
40 31 29
38 20 22
10 36 12
6 36 25
49 1 37
20 2 40
43 50 38
34 10 52
19 22 33
28 38 59
41 46 46
41 37 23
27 34 8
4 27 44
9 23 51
13 24 51
25 16 50
46 45 9
44 1 53
9 38 53
14 12 24
30 26 39
13 38 37
37 24 49
17 22 30
6 32 60
36 26 33
13 23 43
39 21 24
17 48 24
17 13 16
31 5 24
21 11 2
21 25 3
40 19 46
40 17 11
50 0 6
20 46 30
30 17 26
17 33 34
23 36 27
8 40 1
6 29 54
35 42 47
32 13 52
37 7 53
40 2 45
38 44 7
22 24 12
38 26 9
40 35 33
5 14 33
32 50 42
39 30 8
17 45 42
13 14 15
37 21 57
25 33 34
38 42 47
46 14 18
43 13 31
29 26 56
5 36 10
1 26 30
44 23 10
25 32 46
21 43 30
34 24 37
29 48 17
24 27 33
11 31 27
36 2 11
27 39 26
24 7 27
14 39 59
17 8 11
42 36 62
14 1 61
30 49 27
38 1 10
24 35 50
27 20 23
8 12 27
39 6 42
41 1 44
44 28 12
47 26 22
0 49 5
34 3 41
48 26 50
2 32 63
41 19 47
41 26 16
0 26 36
14 27 2
27 38 41
21 15 54
16 14 10
28 45 50
9 28 29
44 17 53
21 12 35
41 29 10
9 50 4
28 23 50
2 43 3
24 39 59
26 22 15
31 27 3
6 9 24
37 26 38
47 19 6
33 4 7
49 43 47
4 3 18
48 29 16
3 35 46
19 29 18
36 39 25
1 15 44
47 46 31
8 37 16
26 9 39
33 49 5
0 25 14
19 3 22
22 28 26
5 47 39
42 22 48
25 44 7
1 14 2
18 34 35
10 20 52
13 34 2
47 37 25
29 16 46
23 47 46
16 30 15
40 38 14
39 44 56
17 46 22
13 43 22
8 21 10
45 31 36
48 25 43
41 9 16
30 23 28
48 36 63
38 23 32
14 4 44
42 23 42
6 15 53
7 1 29
34 20 32
4 50 17
30 36 59
27 22 61
0 50 10
16 2 10
30 21 31
32 12 60
50 23 46
14 41 31
46 15 12
49 9 44
2 17 58
16 50 16
26 29 51
6 3 33
47 38 3
43 44 42
14 44 61
1 20 17
25 17 19
39 19 8
18 43 9
4 28 2
48 17 22
16 19 55
17 47 35
45 36 25
13 8 25
19 6 33
45 15 53
19 16 35
10 4 62
29 21 45
12 28 30
40 11 36
8 50 56
40 22 19
43 45 21
25 3 28
48 27 46
10 12 42
5 8 48
25 6 56
21 13 13
22 8 36
15 39 42
50 29 40
20 28 25
43 8 17
33 26 41
2 22 11
26 33 52
28 21 50
9 48 24
35 28 25
46 22 28
14 36 4
49 47 16
50 24 44
50 25 25
36 8 39
28 10 34
11 49 37
48 41 47
4 6 47
46 33 53
19 47 15
21 24 12
47 3 30
0 20 29
31 3 59
24 6 54
47 5 53
30 22 2
46 4 12
39 23 59
33 46 12
34 7 60
45 20 60
37 12 39
37 11 31
25 50 24
35 9 48
9 18 13
24 37 45
34 11 4
20 0 18
1 42 21
29 27 6
8 27 11
40 23 5
50 48 22
48 6 6
10 24 42
3 24 7
29 8 6
37 9 12
21 0 48
28 4 11
17 24 55
2 48 53
40 47 60
37 13 3
32 15 3
1 25 28
21 2 55
28 3 22
45 22 46
37 31 25
38 7 3
12 11 32
16 0 9
8 0 63
14 45 14
33 22 55
9 27 51
25 31 7
44 12 14
24 50 19
20 4 3
16 25 16
38 46 5
29 46 1
27 40 5
47 14 18
40 45 32
41 38 6
6 11 24
10 45 14
18 47 31
35 38 54
17 35 33
38 50 48
16 23 2
15 23 49
39 37 23
6 37 23
13 27 60
25 21 48
30 50 36
23 26 4
23 0 62
21 37 4
3 32 24
33 7 20
22 11 39
18 26 1
33 17 11
12 46 3
39 0 25
29 20 62
16 48 13
25 45 22
50 44 60
47 17 28
28 17 42
27 21 6
20 29 58
32 25 20
8 26 2
8 45 63
26 30 25
13 33 3
35 19 14
42 5 38
25 28 27
43 17 7
46 25 7
5 50 51
35 31 44
14 47 9
7 14 23
44 7 32
27 33 53
35 46 1
30 10 16
13 47 18
30 45 57
35 13 4
13 44 7
39 22 2
46 36 1
33 5 12
43 15 2
28 11 26
39 16 34
18 32 13
8 15 9
7 0 21
0 31 61
10 39 42
22 2 49
37 41 8
9 41 19
10 7 29
30 2 28
13 36 1
43 32 19
18 11 32
7 23 27
14 38 30
50 27 22
47 43 8
24 26 1
21 9 32
41 20 16
15 29 28
14 0 50
0 44 43
10 43 7
4 18 61
47 41 54
19 5 48
37 45 10
6 41 50
11 9 10
0 19 39
1 44 58
12 19 8
29 25 43
8 32 17
3 23 6
6 25 32
14 29 17
20 45 3
28 0 1
21 6 18
46 16 14
33 19 11
50 30 3
50 12 37
0 5 9
18 24 12
16 6 8
19 11 7
39 5 8
25 49 13
12 16 51
30 6 7
47 7 30
0 16 52
1 41 27
19 42 47
15 14 10
4 33 45
23 21 2
10 8 3
14 6 8
12 0 53
36 31 14
10 27 17
29 28 24
11 3 42
49 6 26
37 50 31
46 39 1
19 39 1
24 25 3
45 2 38
15 30 34
45 49 36
8 28 15
11 27 27
0 46 3
5 22 48
9 15 44
1 24 9
44 32 9
17 25 8
21 5 5
0 9 34
11 7 38
4 12 59
7 4 1
7 6 50
42 33 14
45 21 24
45 4 2
39 20 5
49 42 19
19 10 57
2 15 1
23 3 2
23 24 2
15 21 33
36 32 19
7 29 17
2 28 23
28 1 4
22 37 22
4 5 44
29 12 15
38 41 63
18 17 33
33 44 28
41 16 19
8 19 24
31 42 50
13 18 59
24 41 1
17 49 33
42 21 15
0 8 1
22 36 1
18 42 16
13 41 15
47 48 10
2 38 25
10 49 21
45 35 50
23 38 3
26 12 30
11 0 1
21 32 5
47 24 31
46 48 2
43 11 1
41 30 7
40 12 16
9 25 8
14 2 12
47 20 20
45 30 12
40 10 26
40 41 12
37 28 44
13 10 10
31 37 1
5 30 15
3 30 47
0 41 27
22 44 9
4 42 37
29 44 37
20 49 48
3 21 12
30 14 14
5 25 6
2 44 4
26 21 12
42 27 9
24 16 1
20 48 7
7 22 51
33 10 28
45 38 1
12 50 40
25 15 27
30 12 27
1 50 56
29 38 29
15 33 51
8 31 5
4 29 9
38 4 1
1 5 3
44 31 29
44 24 52
15 9 32
0 10 61
2 10 4
26 41 59
17 39 1
2 47 6
5 11 1
3 2 4
50 16 45
31 22 8
50 14 48
10 9 40
30 15 7
15 7 36
42 7 50
26 7 36
20 12 40
16 22 6
43 6 53
13 49 37
9 12 8
3 47 63
26 49 7
17 10 2
20 18 41
15 10 4
5 49 2
31 29 7
26 27 21
44 47 4
38 17 29
50 31 50
36 50 7
18 16 3
15 32 9
46 35 14
31 30 48
37 25 49
1 2 6
11 33 20
41 3 38
31 10 27
42 17 13
46 5 60
22 12 16
33 41 37
49 18 20
10 17 23
13 50 4
21 1 2
14 11 3
3 27 4
14 48 2
32 30 1
20 9 17
27 28 14
35 33 57
15 27 4
42 41 3
19 21 15
9 21 7
19 38 3
40 14 1
25 9 14
9 37 30
31 19 41
2 27 8
1 32 12
49 2 3
29 47 51
37 6 2
19 31 1
45 37 1
32 41 1
44 42 2
7 5 39
27 9 5
8 25 6
29 37 3
14 5 4
27 19 60
31 7 25
38 43 1
18 25 14
31 14 11
17 50 2
11 18 7
20 43 1
0 27 62
0 30 54
14 7 18
37 23 1
1 48 1
22 20 6
23 20 2
21 33 9
3 0 5
35 10 29
36 20 4
7 21 45
16 3 40
32 6 2
5 42 3
26 35 55
11 38 35
12 20 1
1 17 1
43 12 4
5 35 10
9 30 12
9 42 1
43 27 26
25 7 12
32 19 1
33 3 46
46 7 11
8 38 1
0 22 1
22 25 29
41 27 19
33 30 10
23 10 2
38 6 6
47 21 8
1 16 1
26 32 44
43 7 14
16 37 32
17 41 2
18 1 1
43 47 19
20 32 2
19 49 11
25 24 1
32 47 1
1 49 1
44 9 3
22 27 22
26 2 2
12 38 59
10 41 55
18 41 13
11 10 63
20 31 38
23 7 3
41 32 3
14 3 1
7 18 55
38 10 15
