#So luong nut la la
68
#Toa do cac nut
1.3422461931453453 10.253920445891305 0.0
0.9365643954936486 14.701771507579236 0.0
0.7920528052211866 1.5934917206307326 0.0
15.08405773977909 14.42316869073426 0.0
12.66453491942242 5.909402689237577 0.0
6.116419944641878 10.33490756706432 0.0
13.911347632978957 1.226423199351883 0.0
5.556575332525621 2.93446864373336 0.0
9.04858775025112 2.570738045283244 0.0
7.75352925042408 2.210163776893655 0.0
16.333293379183438 7.708650978765465 0.0
9.17538187394076 8.646221509256865 0.0
3.4020092396342654 3.862389241902841 0.0
7.9884914221560654 15.447234048777712 0.0
13.079091241399075 4.851611078300595 0.0
15.013657101712045 0.430704913954268 0.0
5.896023630995289 11.324007184085781 0.0
8.288524614717781 3.1578424240138405 0.0
0.03348291854560381 2.4713156016117064 0.0
18.547855876851923 2.1292073879315483 0.0
13.239324964762654 7.93680893280932 0.0
1.191873753278859 4.488367624688602 0.0
15.849303488164596 10.531288651966133 0.0
5.076879702042575 14.487814193121583 0.0
0.1964043727054099 15.509649056717166 0.0
6.012353126690526 4.425810347224589 0.0
11.84485145858365 12.74819625537069 0.0
6.025804784450704 11.332391711513216 0.0
17.756363324955398 10.758365562024066 0.0
4.151845414375333 16.535965884901493 0.0
13.56009071414304 13.378591211197683 0.0
19.505587263145436 19.092571718362954 0.0
11.567921306300455 5.751201384920349 0.0
3.1659409213353373 2.7896021573374172 0.0
18.598453259632993 3.7339892014881513 0.0
2.137063189313753 5.755080760365659 0.0
6.972245336237546 17.47162533247796 0.0
3.9710921081070296 1.793611709409946 0.0
4.702236279332107 1.0572909745761012 0.0
13.094366844533177 19.729057240762792 0.0
17.461805327500926 14.634154350154695 0.0
5.562016129300658 13.675009889296168 0.0
10.651247529429286 7.100465192499971 0.0
14.865923190071468 10.162046839199206 0.0
19.708851148038082 13.637194475721959 0.0
1.6804685785150184 11.842902540728055 0.0
5.3060135368228085 0.41793281029869844 0.0
16.03806033052583 15.896710140392653 0.0
1.18446599388566 1.407236299853659 0.0
13.941127221047632 2.1297922288217146 0.0
5.850233675808252 3.8112703165670627 0.0
18.358422163072937 10.968056522010958 0.0
0.9736043871727204 10.541777771421591 0.0
0.8547597856078842 17.287751553140076 0.0
2.848547017390209 12.274538804719608 0.0
9.875680240925396 3.078820530938302 0.0
5.385576412054041 9.321873427632113 0.0
15.372670866174714 2.778574499452459 0.0
0.49734220358549197 4.317069250766474 0.0
2.7125170419417017 2.4096107077985804 0.0
11.603630494410865 3.0976795244697373 0.0
7.124327001296003 12.826490117159384 0.0
17.562017293700425 2.0687098654661846 0.0
16.243218278677194 3.3736731938679765 0.0
10.093018493966813 4.272840307947004 0.0
2.33222882670069 7.139790193719871 0.0
11.655693163954517 14.571813248575817 0.0
12.4108952544497 0.3906578575705153 0.0
#Ma tran yeu cau D
#source_index dest_index bw don vi Mbps
48 24 17
39 64 16
54 23 56
28 51 46
19 32 26
24 22 53
19 1 59
13 16 42
45 30 42
49 15 25
63 26 33
30 9 57
45 25 42
43 3 12
5 20 59
40 2 41
7 33 34
37 21 12
40 37 52
32 54 11
30 46 45
32 26 29
12 17 53
29 47 49
14 27 48
54 36 17
14 40 31
1 8 36
31 57 19
56 10 28
27 57 22
5 47 58
7 14 29
26 41 16
32 47 26
23 19 18
21 31 37
24 15 50
3 23 29
3 54 41
67 22 4
11 4 16
29 38 20
42 22 45
31 26 53
8 28 32
54 24 55
40 65 62
13 5 30
12 57 46
4 55 15
2 58 57
27 62 3
41 15 60
7 13 8
66 19 24
13 45 18
16 0 30
61 14 4
14 58 13
51 42 54
63 8 34
24 2 50
62 45 33
46 9 46
47 45 18
39 41 58
64 63 61
42 37 26
42 8 10
40 44 46
60 21 57
52 8 49
54 0 5
62 10 43
60 58 61
47 5 9
50 10 8
55 61 13
24 45 30
53 23 63
40 21 17
29 11 26
45 9 37
46 30 49
9 62 61
16 47 34
45 49 3
29 13 61
0 15 63
49 14 42
36 5 28
22 33 5
25 5 57
50 12 43
38 66 13
46 28 2
31 12 47
54 28 34
17 24 57
60 22 6
7 63 11
29 26 17
41 50 41
4 40 40
2 67 9
18 67 44
50 38 26
31 66 46
59 10 7
4 22 55
63 37 33
62 64 3
47 43 24
17 35 59
23 4 17
3 47 52
43 35 23
55 7 4
4 17 38
13 15 62
67 16 49
56 16 2
40 48 14
61 10 56
47 29 8
7 19 19
7 41 42
19 24 20
57 0 59
39 30 61
18 24 15
29 35 51
44 11 22
29 5 19
7 2 11
17 48 5
13 9 30
24 54 1
13 8 22
17 20 56
44 29 14
14 64 12
43 4 8
63 12 6
44 26 25
36 33 24
25 20 46
41 37 22
4 26 11
57 2 52
10 36 36
3 67 41
8 26 38
49 2 29
23 20 42
34 22 13
57 32 35
67 32 30
32 1 7
12 55 32
55 63 2
37 40 49
16 13 26
38 15 40
57 34 15
9 34 25
36 53 37
26 48 60
1 29 16
41 30 28
37 8 35
4 56 15
65 16 54
20 22 30
51 40 5
18 9 37
53 30 1
1 20 15
23 26 40
65 45 10
43 59 59
14 0 57
38 53 47
35 29 60
1 16 37
18 5 15
30 52 58
50 44 53
33 39 38
5 13 60
9 64 44
40 45 24
35 30 26
51 49 39
19 8 18
9 33 25
55 12 46
13 55 5
13 42 10
67 43 61
46 45 49
58 39 16
38 67 39
7 18 13
28 52 22
61 0 53
38 4 50
18 35 2
26 51 31
9 44 22
23 29 32
51 27 60
12 42 40
7 40 45
7 44 11
37 13 24
31 67 21
58 52 23
47 25 11
66 5 7
52 66 2
38 29 50
10 58 4
58 32 24
40 31 17
15 19 11
62 60 11
42 23 35
46 18 42
28 56 48
54 50 53
6 40 63
21 11 44
7 20 51
30 38 22
33 18 26
52 23 47
37 59 57
29 0 22
46 15 27
48 63 12
54 47 57
6 60 2
65 43 29
46 41 3
1 57 2
43 28 42
22 53 56
33 35 34
43 14 3
1 66 15
36 17 41
4 52 17
14 56 2
65 46 62
27 46 8
54 43 17
41 51 20
60 10 7
5 48 61
18 26 14
57 60 59
62 19 59
15 13 58
36 59 9
1 15 53
20 21 29
8 17 20
29 61 48
5 65 18
48 31 62
33 46 1
38 17 12
18 1 51
63 28 43
65 55 13
49 37 39
4 44 59
57 25 23
63 47 52
41 28 29
46 12 39
26 20 36
24 59 6
18 58 33
18 4 40
26 11 60
3 53 62
40 6 24
35 46 63
17 46 9
46 58 30
10 54 54
56 50 2
64 35 33
44 37 29
47 1 13
36 1 37
47 61 23
22 40 1
27 0 10
2 37 7
42 40 14
21 29 50
21 39 32
15 47 49
14 9 41
18 2 13
35 53 1
15 33 10
48 1 40
30 43 38
32 7 24
21 5 30
56 60 11
5 14 6
34 11 4
51 14 39
67 58 52
45 65 30
18 47 3
27 51 51
66 1 10
45 42 35
27 29 14
56 39 55
19 14 8
57 24 19
37 29 41
43 31 46
52 16 4
2 32 6
17 3 46
24 29 51
14 61 57
52 61 49
37 23 59
11 12 59
62 0 12
3 40 25
10 19 52
41 23 11
18 32 30
16 40 51
60 47 41
9 3 51
27 18 55
31 4 21
56 32 16
23 5 4
47 32 62
48 17 13
7 62 29
48 14 30
42 59 63
52 49 37
0 17 35
36 3 34
43 64 34
11 63 33
10 1 26
20 11 31
47 65 54
38 42 57
3 45 50
62 57 44
60 43 55
20 64 29
9 60 8
35 0 39
1 47 11
67 49 4
32 60 24
37 34 17
43 56 16
60 46 62
41 56 38
8 47 57
50 16 5
55 32 18
39 27 53
6 42 22
25 0 58
43 29 55
13 52 30
38 33 31
27 5 12
16 62 45
42 3 25
12 41 24
3 4 55
27 2 29
17 1 59
51 36 3
6 51 11
64 8 6
67 30 51
23 56 61
34 17 22
29 57 58
1 42 16
16 27 8
43 52 43
24 39 52
38 63 5
32 21 29
9 54 45
21 46 16
27 21 41
29 37 13
46 42 17
5 29 19
43 55 63
1 28 15
15 53 62
32 29 15
61 58 26
36 28 8
20 53 34
27 24 37
21 55 24
37 32 35
12 46 22
1 31 4
52 9 5
52 45 7
53 18 50
31 10 53
63 48 48
53 19 18
22 56 3
39 5 12
11 18 17
16 33 43
50 8 1
51 26 24
36 66 47
44 61 58
20 2 11
50 13 16
33 62 60
16 65 23
17 49 3
38 37 24
18 62 63
62 58 6
66 63 45
63 9 27
22 55 12
48 56 17
53 28 40
48 35 22
57 30 39
22 67 53
2 8 34
61 65 23
43 30 32
12 0 62
57 47 40
14 22 62
7 26 21
66 16 60
19 59 29
4 31 13
40 30 25
42 55 41
43 58 18
31 16 10
23 15 8
44 2 51
65 66 37
39 44 30
10 55 42
60 31 44
53 32 22
4 28 11
30 47 44
19 39 46
27 53 37
23 42 8
7 17 5
38 30 3
21 45 19
18 17 23
58 29 35
55 33 12
41 43 51
29 59 14
23 48 47
48 65 35
56 7 48
46 31 28
23 34 48
0 54 53
8 67 36
14 46 40
32 30 23
63 61 3
50 43 40
25 42 40
58 66 7
62 23 54
65 19 23
53 57 62
9 53 27
39 62 27
43 50 26
18 7 43
56 64 36
11 53 25
31 61 24
61 33 51
0 53 21
32 6 20
36 34 43
47 24 2
4 10 10
34 3 52
23 17 52
54 51 8
0 57 40
20 26 17
38 49 7
40 10 31
8 3 38
52 37 7
2 61 39
63 2 40
34 42 8
11 10 10
62 49 8
33 23 46
22 4 21
0 56 15
10 50 60
45 6 23
37 39 25
59 38 31
12 2 51
54 17 49
43 19 39
54 16 47
19 5 3
17 65 17
47 49 23
24 43 10
14 15 2
46 33 8
17 39 44
1 43 30
42 41 49
41 65 5
42 31 8
29 51 24
25 36 61
32 39 42
40 47 2
55 42 47
56 44 3
18 14 12
22 37 1
36 60 61
12 18 51
6 48 55
3 28 1
63 62 34
9 65 12
51 67 62
25 23 10
39 19 42
17 61 25
58 26 30
30 0 54
64 66 18
2 47 50
50 28 16
6 11 36
9 52 32
47 51 12
6 20 2
30 29 20
59 22 5
11 30 45
14 57 43
65 10 39
45 2 50
16 43 41
48 5 52
53 56 4
13 19 8
13 56 43
49 19 62
30 65 49
64 57 29
66 57 58
21 54 47
33 12 48
0 21 60
43 46 6
56 58 55
56 40 33
35 61 32
67 65 45
29 24 57
0 52 38
34 46 38
32 17 30
8 16 1
61 55 34
67 3 54
48 42 37
53 47 15
11 9 40
28 27 3
55 14 26
32 37 21
18 13 11
26 67 28
6 0 58
30 15 52
43 53 20
16 24 38
5 34 22
3 2 3
30 59 46
63 10 34
32 58 53
49 16 44
2 64 53
17 10 13
65 63 20
19 11 57
19 45 28
38 46 23
24 63 7
32 31 22
56 41 20
6 25 30
18 12 57
1 38 61
37 15 39
48 7 38
40 52 59
34 56 38
30 36 18
16 58 31
26 2 48
60 62 32
63 33 13
47 58 11
65 20 57
33 54 26
67 55 2
55 58 32
59 34 28
48 16 55
2 66 49
3 56 38
54 6 61
10 41 1
21 65 8
43 21 40
64 18 49
7 43 18
51 11 9
11 62 41
17 11 10
51 13 58
50 32 33
66 30 18
6 66 49
8 9 19
21 28 24
35 28 24
45 8 27
17 54 45
48 61 36
26 44 30
22 66 25
63 30 28
65 11 6
27 26 61
36 30 13
63 55 61
14 44 53
67 21 12
4 34 12
28 24 23
4 50 9
26 7 3
16 3 7
58 27 3
3 57 4
55 1 45
63 14 26
15 29 25
57 14 23
21 25 10
6 15 6
63 24 56
56 11 50
26 18 10
49 35 21
15 34 15
2 55 20
2 42 54
38 11 38
24 51 46
66 32 17
15 37 55
61 39 22
9 13 36
35 19 55
41 29 27
35 22 13
57 43 57
3 27 39
44 66 8
42 33 13
26 34 26
58 14 2
66 39 46
21 0 42
5 44 59
17 51 54
2 13 3
19 21 5
11 60 8
63 15 61
0 23 46
10 42 9
25 54 10
20 10 55
16 60 1
62 44 52
66 55 50
15 30 12
46 6 55
53 26 10
60 39 41
22 46 9
1 40 19
32 61 19
56 62 24
66 37 36
19 18 41
34 32 26
34 27 38
42 36 21
23 45 53
56 20 27
2 33 37
17 31 62
23 1 11
31 45 43
65 5 1
44 36 53
55 25 56
35 8 28
32 64 20
4 13 36
44 60 12
20 36 63
57 59 53
42 27 25
10 4 55
60 56 27
64 14 29
52 2 39
4 49 47
45 29 10
51 60 27
54 42 54
28 9 40
24 46 9
55 45 10
17 56 52
2 16 31
23 10 54
46 2 6
64 22 41
52 53 22
40 27 51
66 2 3
25 26 32
11 5 33
64 56 52
39 46 35
0 26 60
35 66 36
51 38 6
65 57 44
58 62 39
35 3 13
37 57 51
46 62 34
4 38 61
10 45 44
47 66 10
34 64 58
21 34 33
26 21 3
15 14 29
0 32 19
10 67 4
24 32 6
46 64 22
58 67 14
14 31 27
0 9 46
11 43 21
1 22 62
23 50 25
59 53 54
23 3 63
37 1 38
63 42 25
58 45 24
10 28 36
61 22 8
59 49 61
5 61 53
1 23 17
43 47 38
6 5 46
28 7 9
67 35 6
58 16 14
49 13 7
19 22 35
0 35 41
27 9 61
61 7 39
59 31 39
46 27 20
45 1 4
59 17 15
21 66 42
9 36 36
66 15 30
14 25 8
37 52 42
20 32 16
20 54 43
46 21 25
13 59 14
46 47 21
7 47 60
4 23 46
41 53 62
10 47 41
1 34 33
50 0 59
21 41 42
23 38 36
53 51 51
21 2 5
66 67 50
56 28 37
59 7 17
6 55 20
0 48 58
3 15 50
59 2 14
41 40 38
64 5 2
42 39 52
50 59 50
7 42 53
20 39 17
57 9 63
57 33 16
2 17 12
30 32 30
38 44 22
25 11 11
51 3 2
60 50 1
23 55 39
39 33 1
42 62 29
7 6 26
20 45 12
42 20 58
49 51 63
11 29 50
14 67 19
20 43 5
6 9 14
2 28 15
24 10 55
30 31 54
65 12 8
3 18 23
54 2 1
1 32 47
67 7 17
5 41 44
51 10 55
62 65 28
11 64 18
62 20 3
8 15 7
62 6 46
56 29 32
1 13 35
47 54 55
8 49 16
47 62 52
57 46 1
46 26 31
56 4 60
57 7 58
66 27 25
67 44 20
10 13 47
51 30 45
13 67 30
64 13 6
11 55 52
56 26 49
11 36 47
65 6 21
64 47 5
5 19 27
17 62 21
22 54 7
46 53 37
24 1 38
17 21 6
58 9 37
6 31 57
12 20 4
64 33 16
3 33 58
37 51 31
34 45 7
6 24 44
31 53 58
65 52 55
27 28 29
55 34 63
45 24 31
10 64 37
7 12 1
24 49 40
56 14 14
66 45 33
39 60 62
2 10 34
34 39 57
25 45 49
31 42 40
18 60 45
17 14 23
12 13 24
20 59 42
54 66 22
54 18 28
18 43 38
2 36 39
14 19 13
49 61 5
14 55 1
32 14 33
66 23 8
13 50 51
35 9 53
19 61 11
33 58 59
47 36 57
59 67 20
18 27 30
41 4 28
35 37 7
61 57 24
4 53 62
25 19 11
27 37 13
59 41 44
7 21 37
37 54 27
44 18 39
58 12 42
36 14 6
41 44 54
30 61 42
19 37 31
66 6 40
38 31 23
41 63 8
11 16 60
35 60 12
16 21 2
6 36 23
14 37 21
7 46 52
36 11 43
60 40 28
55 5 22
55 13 28
2 63 45
54 15 31
12 1 7
6 19 29
35 13 49
23 28 24
35 43 35
60 67 41
48 51 16
39 59 58
31 9 36
6 49 1
19 38 20
7 58 47
28 42 6
64 50 23
8 21 45
11 65 36
26 63 40
60 28 26
48 11 8
65 44 59
51 5 47
22 7 37
32 16 58
15 55 49
49 6 36
43 39 22
12 36 17
29 4 1
4 39 5
48 46 12
51 7 55
24 67 3
25 61 42
55 60 63
22 42 23
41 64 12
58 28 59
49 65 8
58 36 4
26 39 16
33 20 31
39 48 21
62 24 18
34 25 26
12 44 62
64 61 38
2 18 34
8 63 23
12 25 24
56 1 17
28 32 14
48 64 53
65 61 6
5 32 39
46 57 22
34 9 50
45 47 45
50 65 39
47 30 8
39 16 28
35 41 21
46 66 47
41 2 10
46 50 6
18 8 9
39 65 57
41 14 28
11 54 16
50 40 23
50 49 32
4 58 28
65 24 63
56 27 17
15 4 8
5 54 32
31 30 33
41 22 26
27 31 48
53 38 49
0 61 21
49 54 31
25 34 1
23 35 30
5 16 14
37 56 10
51 28 55
64 20 28
8 33 39
43 38 11
66 64 35
63 52 34
41 7 8
21 33 3
39 54 45
38 12 46
32 42 33
23 59 26
60 25 9
19 20 26
0 13 49
37 42 53
17 33 24
41 57 57
26 55 5
26 56 61
2 11 37
57 38 19
31 32 11
38 24 42
21 26 6
25 66 50
47 7 46
48 27 20
28 39 58
56 6 51
12 51 55
29 31 23
13 48 53
0 63 63
10 12 28
32 51 60
28 2 1
55 11 41
66 42 35
60 41 62
7 25 26
63 11 28
51 47 25
31 37 40
48 44 47
49 60 36
28 33 3
41 0 48
23 27 21
14 11 62
28 35 27
22 65 1
8 12 59
67 27 38
18 0 57
14 62 11
32 0 51
63 59 30
49 31 27
13 6 50
9 45 1
51 56 61
28 58 49
29 67 31
48 19 5
55 64 57
41 46 50
22 44 56
24 21 36
31 48 21
26 15 58
40 43 53
47 35 12
44 7 44
28 18 11
49 17 11
31 17 5
28 44 51
36 23 6
42 53 24
52 27 34
16 35 25
12 11 49
16 23 34
20 16 52
55 49 13
13 41 15
5 9 42
15 1 22
56 18 43
31 23 39
38 48 14
51 59 39
53 55 15
62 8 26
64 34 43
43 15 44
28 5 14
41 12 38
36 6 15
35 26 41
61 49 34
59 45 12
45 31 1
56 35 35
61 48 20
33 15 57
3 31 2
29 18 20
65 9 21
36 44 30
15 9 46
50 24 34
32 33 56
1 60 12
45 43 22
57 48 54
61 50 19
52 42 29
57 63 12
22 26 63
2 9 45
59 1 40
2 56 55
51 65 6
15 5 40
44 31 33
14 35 63
54 67 40
1 26 23
27 19 16
36 32 28
34 16 12
3 21 20
56 31 39
17 22 50
19 66 55
32 53 6
20 61 59
16 25 44
33 11 15
3 29 40
60 64 41
50 48 25
21 15 32
66 44 9
16 44 43
31 14 10
49 59 37
41 24 14
0 47 47
33 40 20
51 17 11
36 40 16
53 52 61
36 63 10
7 59 19
46 25 52
15 20 1
1 67 60
30 42 41
21 32 20
22 28 57
8 19 47
49 24 36
2 1 62
17 66 23
46 1 32
20 33 42
19 7 60
38 65 48
8 38 25
6 56 29
26 57 12
61 44 34
34 53 14
46 13 9
14 28 45
34 60 14
20 8 25
62 46 35
41 10 39
62 37 37
36 49 35
15 59 54
55 16 29
32 36 39
12 14 31
45 10 34
19 6 20
33 21 46
17 7 3
58 53 9
34 7 35
14 1 30
4 32 44
55 29 58
50 62 40
54 64 59
50 45 14
38 3 61
60 27 48
51 24 26
38 28 54
38 19 33
10 6 62
26 24 50
53 8 21
34 35 58
53 41 60
55 51 55
33 45 13
40 62 31
36 38 14
28 41 26
48 59 48
27 43 42
66 61 6
51 57 46
28 38 16
62 5 7
1 59 44
23 60 17
32 34 37
42 19 21
8 35 58
24 13 41
14 20 18
4 36 52
6 59 55
7 11 16
26 46 27
37 66 52
11 50 50
9 35 15
61 46 24
27 38 34
11 27 36
66 65 24
33 4 4
58 43 14
27 4 17
59 5 58
43 27 32
42 24 48
29 33 54
53 42 26
67 60 14
29 58 26
67 48 58
59 47 32
20 50 23
7 49 25
30 19 43
21 16 4
44 1 50
32 48 25
47 17 40
17 23 54
34 0 63
27 56 63
12 67 35
42 38 9
44 12 12
14 42 17
7 32 39
40 26 61
0 33 30
7 67 1
43 18 10
57 56 20
6 61 54
62 21 31
60 4 12
15 56 24
11 23 26
14 48 35
28 40 9
43 10 24
40 66 43
5 8 50
23 58 30
15 60 15
63 40 21
6 65 63
37 11 62
61 42 39
56 21 1
14 50 57
25 62 51
10 2 42
24 11 36
16 42 25
14 4 55
27 59 43
56 48 14
60 13 27
24 18 9
3 55 19
42 47 1
30 11 13
51 61 23
20 7 52
1 56 45
47 39 43
35 67 19
3 0 34
30 44 9
23 12 59
13 30 58
20 29 59
47 64 55
9 11 18
40 34 25
40 58 26
65 27 15
63 23 30
39 28 30
42 50 27
59 51 4
52 3 41
14 39 25
15 27 46
22 24 25
54 37 29
1 7 44
27 41 57
17 29 38
18 56 15
50 26 34
64 4 6
54 65 43
30 20 26
62 47 7
33 61 61
62 29 62
59 35 36
51 55 55
57 29 14
44 17 47
64 41 50
62 36 36
14 66 36
35 25 47
25 51 16
55 20 58
32 44 11
37 47 41
27 6 61
17 55 8
51 9 14
9 17 13
12 26 44
13 20 8
9 12 15
52 5 54
62 32 43
63 57 25
44 0 24
55 56 43
49 12 49
21 38 24
12 66 56
31 13 3
64 3 35
46 59 3
9 20 32
57 6 59
39 56 35
58 19 14
30 53 17
17 6 8
2 38 46
48 15 59
12 16 20
54 33 10
14 5 10
16 56 17
31 54 4
49 5 2
40 61 56
57 23 50
21 17 14
14 53 8
40 32 56
28 62 9
27 48 55
23 9 27
9 1 11
35 38 18
2 41 34
45 66 35
22 36 39
30 5 2
45 38 57
11 42 37
56 63 55
51 63 15
13 43 50
22 16 6
47 60 25
37 44 39
37 61 54
49 47 20
43 67 8
10 46 9
54 1 23
22 27 24
16 22 53
24 30 48
38 25 32
16 4 8
38 36 59
10 24 54
59 60 10
54 41 42
7 53 32
56 13 14
21 24 3
2 60 31
2 65 27
19 36 28
56 55 37
6 27 26
33 64 52
30 34 4
33 59 4
23 25 54
8 66 37
65 48 13
8 25 35
57 49 6
31 62 45
67 63 55
11 19 2
16 9 55
45 54 30
49 52 16
54 39 14
30 23 46
54 25 13
28 49 45
55 37 5
19 58 39
54 53 54
8 10 7
12 38 32
33 41 51
47 50 34
18 30 54
16 8 61
2 39 14
22 61 46
38 8 28
35 51 18
53 12 44
66 31 54
65 56 58
24 34 56
5 4 24
26 33 39
57 53 41
65 67 7
50 56 2
34 20 55
2 31 13
55 67 7
50 22 23
44 62 4
47 44 20
9 32 37
49 33 39
40 13 33
18 34 48
50 27 21
8 1 18
46 34 48
53 33 55
64 51 51
65 23 54
51 46 46
34 4 39
1 24 62
45 55 24
34 63 48
36 65 29
44 23 20
21 20 19
45 48 1
10 56 14
11 45 41
31 3 45
51 19 8
61 64 43
22 34 43
27 16 31
36 13 52
26 43 20
65 25 47
12 3 26
5 27 27
54 62 60
30 64 34
56 49 43
44 59 38
10 44 20
51 33 2
11 2 8
43 41 1
54 29 13
47 12 29
7 16 35
49 26 48
20 63 12
60 29 45
35 52 24
13 40 58
13 38 33
33 27 11
48 40 22
1 36 26
5 42 7
19 26 25
51 23 1
65 58 45
1 14 49
67 0 14
26 9 9
29 25 60
5 59 1
44 46 58
20 58 26
9 14 26
33 42 9
64 27 39
66 49 9
18 29 57
4 64 49
33 38 4
29 21 12
7 1 41
11 0 43
4 65 2
36 39 27
54 31 4
52 18 39
52 25 62
32 67 28
63 20 24
65 37 37
1 27 1
9 67 33
59 43 48
12 45 42
17 45 5
3 25 60
43 42 16
11 28 50
64 54 43
16 38 38
42 28 11
47 23 33
64 11 27
14 49 1
27 50 2
17 4 60
54 38 9
52 58 32
40 55 4
61 18 12
13 61 12
53 29 7
13 22 45
3 8 43
9 39 57
44 53 41
16 32 40
45 34 9
59 62 50
49 18 8
35 54 42
53 21 29
12 65 25
15 31 50
47 27 48
66 28 48
52 13 37
30 55 30
16 19 44
62 52 18
0 44 19
11 34 41
3 37 9
27 52 28
61 63 48
18 23 29
5 60 36
1 4 56
33 26 20
58 4 36
67 53 47
7 34 59
15 26 40
44 64 11
34 62 48
15 18 62
35 49 10
52 33 4
24 26 12
24 9 5
11 67 61
7 23 26
44 9 16
19 53 6
30 2 1
37 4 59
53 27 49
25 14 63
25 6 50
66 41 31
64 10 40
33 14 57
19 15 55
43 9 4
37 20 59
63 36 7
43 51 61
33 51 56
42 52 24
26 3 51
3 10 16
50 52 58
16 28 10
59 24 56
37 33 9
34 29 4
52 26 11
12 27 39
27 13 12
58 50 52
52 41 28
35 39 61
22 62 56
44 27 22
34 58 49
5 51 14
20 6 7
37 50 1
67 4 37
5 63 48
48 38 41
16 37 5
24 28 31
31 43 36
55 48 41
56 0 14
67 56 1
29 39 17
23 21 3
13 36 26
61 20 10
6 46 40
47 21 49
58 42 1
1 5 41
29 45 54
45 15 51
21 10 60
44 58 37
55 39 40
23 18 42
66 14 9
53 50 6
40 38 33
67 11 27
61 67 10
17 40 10
0 67 35
50 6 15
18 57 6
25 65 42
38 60 59
37 38 1
56 65 30
45 52 23
60 36 17
32 52 30
31 51 42
34 65 32
39 58 12
20 66 39
8 0 30
19 67 34
1 25 17
6 8 57
52 59 45
62 67 30
13 3 54
27 36 27
29 63 4
60 11 4
67 18 42
9 24 16
2 23 30
59 61 8
61 52 16
4 66 50
39 40 43
49 25 59
60 18 47
24 0 14
6 62 15
57 62 7
41 67 26
48 32 56
65 41 14
36 25 42
61 36 22
42 25 24
54 13 14
5 67 44
22 39 10
36 37 49
22 11 30
64 28 13
49 46 58
40 4 29
48 29 1
42 43 12
9 27 5
4 41 24
66 34 61
66 59 21
60 14 25
22 63 11
55 65 27
58 33 50
67 41 40
53 35 56
65 4 54
62 12 10
27 45 1
59 6 33
39 21 14
28 48 44
46 0 4
61 59 2
26 17 37
33 49 22
50 46 29
59 33 46
55 3 57
19 35 15
57 52 45
43 32 15
28 45 8
42 65 55
48 52 58
61 30 19
34 28 28
9 15 1
24 58 34
40 7 22
42 4 56
66 7 30
54 60 1
5 36 60
31 39 28
64 48 29
36 12 19
36 8 41
25 24 1
11 59 1
60 51 12
4 59 9
18 6 52
48 50 12
23 31 5
27 20 1
6 45 59
12 32 4
58 38 31
19 54 24
15 35 59
62 22 31
24 38 15
57 22 47
29 22 59
31 35 41
23 43 18
19 62 2
56 30 8
22 52 16
41 35 50
22 20 33
18 25 5
21 23 16
20 34 33
27 55 1
24 57 12
36 22 12
9 57 3
35 48 44
6 39 1
52 19 26
48 33 6
41 18 52
23 46 5
61 2 16
35 11 63
3 60 44
19 34 9
10 34 43
47 3 37
53 59 1
63 46 29
1 10 15
3 50 20
67 17 15
30 66 41
10 66 32
45 32 21
22 58 1
25 10 17
29 27 1
45 3 26
26 19 37
67 31 31
16 5 28
28 30 14
0 18 49
43 36 41
18 63 38
44 10 8
32 43 14
58 23 2
63 31 62
35 1 34
57 11 30
21 8 16
61 45 17
10 63 47
39 35 55
35 50 18
15 64 42
4 5 28
36 2 9
30 18 19
35 4 8
10 14 63
61 41 19
31 1 31
0 4 10
10 43 31
20 41 26
46 3 48
40 33 52
42 10 26
66 54 52
15 0 2
25 4 1
39 13 36
50 31 41
24 8 33
50 3 40
57 37 1
55 17 4
13 60 24
28 6 12
20 24 2
63 21 40
44 49 16
36 21 55
37 7 1
12 6 30
62 54 35
65 14 18
42 17 27
40 57 30
31 41 47
32 49 63
57 35 2
26 25 19
42 6 54
24 20 9
19 30 20
1 65 1
65 59 1
53 54 49
44 52 62
29 10 4
18 28 7
3 51 37
44 13 60
22 51 17
2 5 1
31 6 54
44 40 33
19 52 41
58 2 24
47 57 58
41 60 36
44 14 1
12 63 8
3 48 17
62 51 36
10 51 5
52 7 1
43 1 2
13 28 8
35 63 8
57 12 1
36 48 53
13 2 14
20 37 60
58 6 36
59 14 28
7 3 11
53 7 45
8 22 28
58 21 50
24 66 1
64 29 1
40 41 4
29 43 23
59 12 13
56 54 2
50 20 44
47 55 15
10 22 13
21 30 9
31 7 7
15 12 15
44 28 25
19 65 17
55 0 1
3 65 2
66 13 17
22 25 52
0 19 62
58 1 5
6 50 6
58 8 8
53 11 3
63 58 1
65 36 21
49 21 46
49 40 29
61 35 13
19 49 11
56 36 1
13 25 28
15 22 49
19 12 34
50 36 13
24 36 7
46 24 2
33 5 11
58 3 29
31 46 7
8 31 20
67 46 11
49 4 62
5 31 15
18 11 3
64 46 35
9 38 47
0 6 2
16 46 26
21 13 6
28 36 6
47 16 26
16 49 36
28 3 17
3 17 9
18 40 5
18 46 5
25 31 11
42 49 15
57 55 3
42 11 4
18 3 7
12 33 1
45 7 55
44 43 17
61 17 22
61 28 2
44 56 1
8 34 30
1 55 2
34 5 37
20 17 55
50 21 30
38 45 24
60 3 11
60 7 48
8 64 28
22 2 40
5 64 46
38 13 8
21 12 19
47 10 1
0 43 35
20 1 8
25 43 9
64 32 7
26 28 2
30 1 2
61 51 11
67 51 5
39 51 1
42 0 3
23 7 4
6 22 25
13 32 50
24 5 39
15 48 21
20 25 1
8 40 31
41 16 4
3 49 12
25 8 29
67 40 32
16 63 42
53 20 20
38 14 21
19 3 9
4 46 7
33 50 51
25 1 3
39 55 33
46 20 5
53 48 5
3 22 29
61 43 4
46 48 3
34 59 1
15 43 3
63 4 9
52 43 1
46 60 9
45 60 58
13 18 5
44 48 6
29 7 36
46 51 2
38 50 1
32 41 8
41 33 1
44 20 18
26 8 44
30 3 3
41 32 1
61 25 4
50 7 21
61 19 47
53 17 52
21 35 1
58 64 6
45 13 4
64 38 34
0 37 4
4 43 1
25 3 5
60 33 42
17 25 1
38 2 3
39 7 44
5 30 11
5 38 14
10 48 1
6 64 16
63 22 2
34 19 5
7 22 26
22 59 1
19 46 3
20 5 3
7 60 17
42 18 20
26 0 1
25 46 1
65 49 7
61 4 1
24 41 5
13 17 27
31 20 1
33 52 2
17 2 3
52 10 48
27 40 1
24 37 29
16 48 2
24 17 23
46 37 25
30 7 20
29 34 31
39 8 45
49 20 13
26 52 15
9 19 2
36 10 11
38 57 1
38 5 5
29 40 12
7 45 27
58 30 47
50 33 2
26 38 13
48 3 5
34 54 28
45 41 5
20 3 1
4 3 4
13 21 4
44 8 8
65 60 3
67 50 49
21 19 28
17 19 25
60 8 43
43 57 5
6 38 9
12 7 1
65 35 1
29 49 5
48 57 19
3 5 30
67 1 16
24 52 10
22 10 30
59 50 3
62 55 41
49 22 13
63 19 23
46 8 26
34 1 5
21 18 39
42 7 1
52 50 14
22 30 48
42 60 34
10 17 8
16 41 5
4 12 18
45 33 17
41 38 1
24 12 9
9 30 48
22 41 5
48 20 17
45 17 20
26 5 38
48 60 33
18 49 7
13 46 1
28 63 18
16 55 1
60 34 1
31 64 1
26 50 19
3 38 8
22 13 1
9 50 59
58 63 22
35 5 1
4 35 57
58 54 21
9 8 6
67 13 3
39 17 44
32 5 17
62 35 22
17 12 24
25 13 2
15 7 1
8 5 11
30 40 15
48 8 5
33 10 25
0 20 1
43 12 55
50 63 4
30 37 16
31 5 1
33 8 40
42 63 1
45 63 5
62 50 60
1 30 1
32 3 3
64 36 1
10 49 1
26 1 48
58 46 4
34 18 5
4 51 1
63 45 1
30 54 1
13 49 5
45 64 1
19 60 33
66 38 15
59 63 29
12 30 1
39 52 6
22 18 5
50 60 18
29 16 2
48 18 5
53 49 15
32 22 33
17 5 18
9 40 4
15 21 44
33 60 2
61 12 13
9 10 14
62 31 1
53 22 6
8 30 51
49 57 2
34 38 4
39 10 7
48 12 2
61 16 8
61 38 10
39 38 3
53 13 1
25 63 62
10 7 1
66 17 5
33 55 20
17 52 2
12 10 1
28 57 50
