#So luong nut la la
56
#Toa do cac nut
17.166334535766214 8.050183756234905 0.0
11.06655399874596 19.45665599633768 0.0
17.19921268316311 6.012964155305502 0.0
16.4009540517265 19.191898737183575 0.0
4.84611799527438 4.270781881983509 0.0
12.228720948942144 16.90181908360358 0.0
0.833050820482843 18.663101802455785 0.0
17.123169548793047 1.8862230630371757 0.0
12.554524429991503 10.938084218900164 0.0
2.0293721071371382 3.88028746361422 0.0
19.577223181000235 5.621679460929464 0.0
4.2860385527566915 3.8747922389965703 0.0
12.641940859773609 15.35096448267234 0.0
0.9639323187646484 2.5150344662830384 0.0
10.132188095631362 16.871107969028607 0.0
6.125167655447366 14.409647299960241 0.0
1.9045667712811303 9.058106172455217 0.0
10.749501457732244 6.744289452513165 0.0
6.57370484796065 4.918688161371946 0.0
17.962829216116923 10.59125094355281 0.0
18.402174800694034 8.51559433495398 0.0
1.667808306413526 2.331869155979893 0.0
8.737918088155903 7.0418222610293 0.0
12.487424977397025 11.153026643440224 0.0
19.20235142631169 4.289042634209404 0.0
9.904936869128726 15.744231700354229 0.0
7.080388987100452 14.783964528677181 0.0
14.918211104070918 3.0711162988912046 0.0
17.717384916505978 3.009863218361283 0.0
12.713405846220972 8.776839341276734 0.0
0.22816477335815222 3.5116779436703878 0.0
3.440259441636266 1.7634141555342584 0.0
12.496206073991603 2.537678180100869 0.0
19.103497644090766 13.8981581883596 0.0
3.617142149533371 11.360022827690681 0.0
0.9945082930049717 0.260883844267768 0.0
4.5476887644475905 11.020114359814285 0.0
13.903184941155656 9.749248521450198 0.0
14.391373974277718 10.217050185801352 0.0
15.46824654504054 8.754806278759952 0.0
17.964214660840412 19.722135096861667 0.0
17.852477284713288 9.168590230475786 0.0
16.71520744202084 15.116022627978442 0.0
2.8690569640828603 11.095077630136153 0.0
11.216226641843148 10.840652963044977 0.0
14.072836813474936 13.872483383880331 0.0
11.467321939598396 4.186793606151843 0.0
15.331118306987342 17.32144397830725 0.0
15.965152596282769 2.8067873821295817 0.0
11.050108637720887 3.0126679305492643 0.0
16.543372967491603 9.648822218982518 0.0
10.548729550569991 9.06709354435912 0.0
19.115069884381025 12.13882160892604 0.0
5.438011157886759 12.221692932818959 0.0
0.9564176757797253 1.0324563017213062 0.0
8.0293832276209 12.878571645206726 0.0
#Ma tran yeu cau D
#source_index dest_index bw don vi Mbps
0 0 0
0 1 16
0 2 169
0 3 28
0 4 23
0 5 4
0 6 13
0 7 54
0 8 32
0 9 16
0 10 35
0 11 2
0 12 44
0 13 13
0 14 23
0 15 9
0 16 12
0 17 4
0 18 33
0 19 13
0 20 29
0 21 18
0 22 45
0 23 48
0 24 73
0 25 35
0 26 27
0 27 21
0 28 53
0 29 39
0 30 20
0 31 6
0 32 8
0 33 52
0 34 15
0 35 17
0 36 17
0 37 77
0 38 34
0 39 141
0 40 26
0 41 166
0 42 49
0 43 15
0 44 43
0 45 1
0 46 49
0 47 15
0 48 38
0 49 47
0 50 14
0 51 7
0 52 30
0 53 26
0 54 8
0 55 3
1 0 0
1 1 0
1 2 5
1 3 24
1 4 18
1 5 55
1 6 18
1 7 11
1 8 20
1 9 20
1 10 3
1 11 21
1 12 11
1 13 18
1 14 68
1 15 46
1 16 6
1 17 9
1 18 18
1 19 35
1 20 14
1 21 20
1 22 16
1 23 31
1 24 7
1 25 89
1 26 39
1 27 22
1 28 11
1 29 23
1 30 11
1 31 3
1 32 21
1 33 40
1 34 5
1 35 5
1 36 23
1 37 29
1 38 21
1 39 29
1 40 55
1 41 17
1 42 28
1 43 24
1 44 25
1 45 37
1 46 18
1 47 40
1 48 17
1 49 8
1 50 26
1 51 36
1 52 25
1 53 38
1 54 5
1 55 54
2 0 5
2 1 24
2 2 0
2 3 1
2 4 16
2 5 32
2 6 5
2 7 94
2 8 18
2 9 8
2 10 108
2 11 11
2 12 8
2 13 1
2 14 4
2 15 8
2 16 7
2 17 52
2 18 17
2 19 6
2 20 91
2 21 4
2 22 11
2 23 44
2 24 12
2 25 29
2 26 27
2 27 72
2 28 13
2 29 54
2 30 19
2 31 15
2 32 64
2 33 33
2 34 23
2 35 20
2 36 22
2 37 25
2 38 24
2 39 85
2 40 13
2 41 93
2 42 20
2 43 4
2 44 6
2 45 25
2 46 16
2 47 11
2 48 32
2 49 35
2 50 67
2 51 6
2 52 54
2 53 1
2 54 4
2 55 34
3 0 7
3 1 48
3 2 7
3 3 0
3 4 11
3 5 71
3 6 1
3 7 6
3 8 15
3 9 14
3 10 13
3 11 15
3 12 72
3 13 2
3 14 24
3 15 32
3 16 12
3 17 11
3 18 0
3 19 5
3 20 26
3 21 10
3 22 7
3 23 13
3 24 23
3 25 52
3 26 26
3 27 19
3 28 3
3 29 34
3 30 11
3 31 10
3 32 1
3 33 29
3 34 23
3 35 9
3 36 6
3 37 3
3 38 25
3 39 17
3 40 2
3 41 0
3 42 78
3 43 23
3 44 6
3 45 59
3 46 20
3 47 144
3 48 3
3 49 2
3 50 34
3 51 30
3 52 30
3 53 2
3 54 3
3 55 18
4 0 4
4 1 5
4 2 26
4 3 5
4 4 0
4 5 18
4 6 1
4 7 20
4 8 28
4 9 6
4 10 11
4 11 277
4 12 11
4 13 23
4 14 18
4 15 30
4 16 45
4 17 56
4 18 186
4 19 16
4 20 11
4 21 87
4 22 50
4 23 7
4 24 2
4 25 15
4 26 6
4 27 8
4 28 13
4 29 33
4 30 9
4 31 82
4 32 37
4 33 7
4 34 51
4 35 29
4 36 25
4 37 1
4 38 26
4 39 15
4 40 10
4 41 2
4 42 24
4 43 16
4 44 22
4 45 15
4 46 5
4 47 9
4 48 5
4 49 54
4 50 25
4 51 26
4 52 21
4 53 26
4 54 40
4 55 32
5 0 38
5 1 45
5 2 5
5 3 60
5 4 11
5 5 0
5 6 27
5 7 17
5 8 17
5 9 14
5 10 9
5 11 18
5 12 118
5 13 15
5 14 18
5 15 49
5 16 7
5 17 18
5 18 8
5 19 11
5 20 4
5 21 16
5 22 11
5 23 35
5 24 3
5 25 1
5 26 31
5 27 26
5 28 16
5 29 35
5 30 10
5 31 3
5 32 18
5 33 36
5 34 33
5 35 6
5 36 12
5 37 45
5 38 3
5 39 31
5 40 18
5 41 17
5 42 46
5 43 8
5 44 16
5 45 12
5 46 7
5 47 17
5 48 10
5 49 22
5 50 8
5 51 22
5 52 40
5 53 25
5 54 14
5 55 24
6 0 0
6 1 31
6 2 3
6 3 14
6 4 19
6 5 12
6 6 0
6 7 15
6 8 21
6 9 15
6 10 14
6 11 14
6 12 32
6 13 24
6 14 17
6 15 14
6 16 12
6 17 17
6 18 1
6 19 1
6 20 10
6 21 7
6 22 13
6 23 13
6 24 6
6 25 15
6 26 44
6 27 14
6 28 1
6 29 10
6 30 8
6 31 12
6 32 7
6 33 9
6 34 24
6 35 10
6 36 9
6 37 8
6 38 0
6 39 1
6 40 10
6 41 4
6 42 22
6 43 37
6 44 29
6 45 28
6 46 7
6 47 18
6 48 6
6 49 18
6 50 18
6 51 0
6 52 13
6 53 49
6 54 11
6 55 21
7 0 57
7 1 2
7 2 7
7 3 20
7 4 24
7 5 23
7 6 1
7 7 0
7 8 37
7 9 22
7 10 75
7 11 28
7 12 20
7 13 2
7 14 3
7 15 8
7 16 17
7 17 0
7 18 36
7 19 34
7 20 53
7 21 5
7 22 4
7 23 32
7 24 101
7 25 12
7 26 24
7 27 158
7 28 137
7 29 24
7 30 20
7 31 28
7 32 36
7 33 21
7 34 5
7 35 17
7 36 23
7 37 12
7 38 8
7 39 12
7 40 17
7 41 53
7 42 10
7 43 3
7 44 12
7 45 21
7 46 0
7 47 1
7 48 55
7 49 48
7 50 23
7 51 29
7 52 2
7 53 23
7 54 24
7 55 18
8 0 32
8 1 21
8 2 12
8 3 41
8 4 18
8 5 20
8 6 17
8 7 19
8 8 0
8 9 4
8 10 32
8 11 36
8 12 83
8 13 24
8 14 43
8 15 41
8 16 32
8 17 36
8 18 20
8 19 48
8 20 10
8 21 20
8 22 51
8 23 1493
8 24 4
8 25 32
8 26 22
8 27 17
8 28 24
8 29 151
8 30 7
8 31 30
8 32 40
8 33 11
8 34 43
8 35 19
8 36 34
8 37 11
8 38 108
8 39 28
8 40 33
8 41 59
8 42 42
8 43 20
8 44 84
8 45 90
8 46 43
8 47 14
8 48 3
8 49 11
8 50 90
8 51 127
8 52 33
8 53 48
8 54 17
8 55 73
9 0 16
9 1 22
9 2 14
9 3 17
9 4 52
9 5 11
9 6 1
9 7 5
9 8 0
9 9 0
9 10 5
9 11 41
9 12 6
9 13 146
9 14 13
9 15 12
9 16 52
9 17 19
9 18 56
9 19 14
9 20 18
9 21 37
9 22 46
9 23 22
9 24 7
9 25 5
9 26 24
9 27 6
9 28 14
9 29 12
9 30 168
9 31 53
9 32 14
9 33 9
9 34 45
9 35 20
9 36 13
9 37 6
9 38 27
9 39 7
9 40 17
9 41 19
9 42 15
9 43 42
9 44 1
9 45 9
9 46 31
9 47 2
9 48 22
9 49 8
9 50 18
9 51 21
9 52 11
9 53 12
9 54 100
9 55 11
10 0 21
10 1 5
10 2 60
10 3 8
10 4 3
10 5 27
10 6 10
10 7 23
10 8 26
10 9 20
10 10 0
10 11 1
10 12 18
10 13 7
10 14 17
10 15 1
10 16 9
10 17 26
10 18 26
10 19 62
10 20 29
10 21 4
10 22 3
10 23 6
10 24 17
10 25 14
10 26 20
10 27 6
10 28 53
10 29 14
10 30 12
10 31 17
10 32 43
10 33 25
10 34 15
10 35 14
10 36 2
10 37 11
10 38 12
10 39 35
10 40 27
10 41 65
10 42 11
10 43 5
10 44 10
10 45 4
10 46 26
10 47 4
10 48 28
10 49 6
10 50 32
10 51 23
10 52 58
10 53 20
10 54 19
10 55 23
11 0 0
11 1 2
11 2 28
11 3 5
11 4 69
11 5 23
11 6 2
11 7 30
11 8 13
11 9 7
11 10 11
11 11 0
11 12 3
11 13 110
11 14 8
11 15 15
11 16 25
11 17 27
11 18 81
11 19 2
11 20 7
11 21 74
11 22 17
11 23 21
11 24 8
11 25 9
11 26 15
11 27 37
11 28 14
11 29 21
11 30 9
11 31 136
11 32 42
11 33 19
11 34 4
11 35 17
11 36 55
11 37 16
11 38 26
11 39 12
11 40 17
11 41 15
11 42 21
11 43 20
11 44 25
11 45 23
11 46 13
11 47 10
11 48 9
11 49 15
11 50 15
11 51 15
11 52 13
11 53 34
11 54 86
11 55 1
12 0 36
12 1 12
12 2 14
12 3 73
12 4 21
12 5 180
12 6 16
12 7 1
12 8 33
12 9 18
12 10 21
12 11 17
12 12 0
12 13 13
12 14 63
12 15 2
12 16 14
12 17 22
12 18 26
12 19 22
12 20 13
12 21 4
12 22 34
12 23 39
12 24 14
12 25 19
12 26 12
12 27 8
12 28 28
12 29 37
12 30 9
12 31 17
12 32 27
12 33 60
12 34 35
12 35 10
12 36 37
12 37 61
12 38 37
12 39 33
12 40 25
12 41 37
12 42 14
12 43 24
12 44 50
12 45 109
12 46 0
12 47 36
12 48 11
12 49 23
12 50 50
12 51 46
12 52 54
12 53 14
12 54 16
12 55 33
13 0 4
13 1 10
13 2 21
13 3 14
13 4 29
13 5 17
13 6 16
13 7 11
13 8 7
13 9 57
13 10 8
13 11 94
13 12 11
13 13 0
13 14 12
13 15 12
13 16 44
13 17 29
13 18 14
13 19 19
13 20 13
13 21 293
13 22 7
13 23 17
13 24 4
13 25 7
13 26 8
13 27 20
13 28 3
13 29 12
13 30 4
13 31 61
13 32 20
13 33 10
13 34 1
13 35 160
13 36 30
13 37 12
13 38 11
13 39 13
13 40 2
13 41 22
13 42 5
13 43 5
13 44 23
13 45 20
13 46 18
13 47 8
13 48 3
13 49 21
13 50 15
13 51 28
13 52 9
13 53 30
13 54 145
13 55 23
14 0 2
14 1 35
14 2 12
14 3 56
14 4 4
14 5 13
14 6 40
14 7 12
14 8 8
14 9 14
14 10 7
14 11 19
14 12 30
14 13 7
14 14 0
14 15 82
14 16 26
14 17 15
14 18 26
14 19 36
14 20 10
14 21 6
14 22 32
14 23 25
14 24 14
14 25 93
14 26 92
14 27 16
14 28 0
14 29 16
14 30 16
14 31 23
14 32 25
14 33 21
14 34 23
14 35 12
14 36 37
14 37 20
14 38 19
14 39 32
14 40 29
14 41 22
14 42 38
14 43 3
14 44 21
14 45 53
14 46 5
14 47 71
14 48 0
14 49 23
14 50 12
14 51 27
14 52 34
14 53 51
14 54 19
14 55 37
15 0 6
15 1 3
15 2 22
15 3 20
15 4 10
15 5 34
15 6 27
15 7 7
15 8 40
15 9 22
15 10 0
15 11 35
15 12 38
15 13 11
15 14 15
15 15 0
15 16 17
15 17 1
15 18 18
15 19 25
15 20 24
15 21 3
15 22 4
15 23 30
15 24 19
15 25 87
15 26 378
15 27 9
15 28 13
15 29 7
15 30 18
15 31 13
15 32 5
15 33 29
15 34 13
15 35 16
15 36 2
15 37 34
15 38 4
15 39 3
15 40 24
15 41 4
15 42 16
15 43 60
15 44 38
15 45 7
15 46 8
15 47 15
15 48 17
15 49 20
15 50 23
15 51 41
15 52 6
15 53 121
15 54 25
15 55 80
16 0 6
16 1 26
16 2 8
16 3 8
16 4 0
16 5 17
16 6 37
16 7 6
16 8 8
16 9 51
16 10 8
16 11 5
16 12 30
16 13 39
16 14 17
16 15 13
16 16 0
16 17 30
16 18 23
16 19 21
16 20 19
16 21 18
16 22 14
16 23 23
16 24 15
16 25 31
16 26 27
16 27 24
16 28 17
16 29 27
16 30 43
16 31 35
16 32 28
16 33 6
16 34 51
16 35 35
16 36 110
16 37 4
16 38 10
16 39 17
16 40 11
16 41 8
16 42 14
16 43 80
16 44 40
16 45 28
16 46 11
16 47 7
16 48 1
16 49 21
16 50 3
16 51 11
16 52 6
16 53 76
16 54 34
16 55 49
17 0 40
17 1 30
17 2 15
17 3 20
17 4 32
17 5 18
17 6 16
17 7 24
17 8 41
17 9 22
17 10 39
17 11 28
17 12 11
17 13 35
17 14 19
17 15 41
17 16 12
17 17 0
17 18 86
17 19 10
17 20 30
17 21 20
17 22 108
17 23 30
17 24 18
17 25 24
17 26 3
17 27 25
17 28 39
17 29 141
17 30 2
17 31 40
17 32 43
17 33 11
17 34 35
17 35 24
17 36 41
17 37 36
17 38 43
17 39 49
17 40 22
17 41 14
17 42 10
17 43 34
17 44 55
17 45 28
17 46 78
17 47 27
17 48 3
17 49 79
17 50 14
17 51 133
17 52 25
17 53 32
17 54 10
17 55 50
18 0 26
18 1 16
18 2 35
18 3 3
18 4 43
18 5 1
18 6 19
18 7 0
18 8 5
18 9 46
18 10 14
18 11 34
18 12 23
18 13 37
18 14 23
18 15 37
18 16 10
18 17 85
18 18 0
18 19 26
18 20 28
18 21 24
18 22 82
18 23 10
18 24 19
18 25 20
18 26 31
18 27 34
18 28 1
18 29 28
18 30 21
18 31 85
18 32 30
18 33 0
18 34 46
18 35 31
18 36 54
18 37 4
18 38 31
18 39 18
18 40 13
18 41 16
18 42 0
18 43 49
18 44 9
18 45 21
18 46 12
18 47 15
18 48 18
18 49 1
18 50 2
18 51 11
18 52 16
18 53 12
18 54 30
18 55 7
19 0 69
19 1 9
19 2 29
19 3 40
19 4 21
19 5 44
19 6 13
19 7 20
19 8 60
19 9 1
19 10 60
19 11 21
19 12 2
19 13 9
19 14 13
19 15 16
19 16 15
19 17 18
19 18 18
19 19 0
19 20 32
19 21 10
19 22 38
19 23 20
19 24 31
19 25 32
19 26 0
19 27 45
19 28 8
19 29 31
19 30 4
19 31 4
19 32 18
19 33 33
19 34 17
19 35 8
19 36 18
19 37 40
19 38 65
19 39 67
19 40 31
19 41 69
19 42 69
19 43 5
19 44 3
19 45 32
19 46 42
19 47 31
19 48 24
19 49 0
19 50 3
19 51 2
19 52 8
19 53 9
19 54 4
19 55 5
20 0 17
20 1 17
20 2 113
20 3 31
20 4 18
20 5 15
20 6 7
20 7 39
20 8 19
20 9 23
20 10 77
20 11 2
20 12 41
20 13 19
20 14 0
20 15 6
20 16 0
20 17 39
20 18 3
20 19 33
20 20 0
20 21 1
20 22 24
20 23 26
20 24 25
20 25 2
20 26 27
20 27 29
20 28 0
20 29 66
20 30 8
20 31 20
20 32 1
20 33 53
20 34 18
20 35 11
20 36 5
20 37 18
20 38 28
20 39 7
20 40 25
20 41 344
20 42 22
20 43 14
20 44 50
20 45 53
20 46 34
20 47 0
20 48 61
20 49 36
20 50 172
20 51 14
20 52 66
20 53 21
20 54 14
20 55 5
21 0 3
21 1 10
21 2 21
21 3 11
21 4 73
21 5 18
21 6 21
21 7 12
21 8 0
21 9 144
21 10 21
21 11 118
21 12 19
21 13 91
21 14 15
21 15 27
21 16 28
21 17 4
21 18 71
21 19 17
21 20 7
21 21 0
21 22 21
21 23 11
21 24 19
21 25 15
21 26 4
21 27 20
21 28 9
21 29 28
21 30 51
21 31 203
21 32 4
21 33 10
21 34 29
21 35 79
21 36 39
21 37 16
21 38 7
21 39 19
21 40 2
21 41 0
21 42 4
21 43 22
21 44 30
21 45 15
21 46 30
21 47 18
21 48 5
21 49 32
21 50 8
21 51 2
21 52 1
21 53 10
21 54 269
21 55 14
22 0 6
22 1 12
22 2 34
22 3 21
22 4 30
22 5 29
22 6 13
22 7 4
22 8 69
22 9 17
22 10 4
22 11 42
22 12 35
22 13 9
22 14 32
22 15 7
22 16 5
22 17 150
22 18 95
22 19 25
22 20 17
22 21 7
22 22 0
22 23 45
22 24 14
22 25 29
22 26 43
22 27 28
22 28 23
22 29 30
22 30 10
22 31 38
22 32 18
22 33 15
22 34 4
22 35 0
22 36 20
22 37 44
22 38 31
22 39 23
22 40 1
22 41 22
22 42 13
22 43 16
22 44 13
22 45 19
22 46 8
22 47 5
22 48 39
22 49 51
22 50 5
22 51 119
22 52 14
22 53 45
22 54 32
22 55 38
23 0 20
23 1 32
23 2 36
23 3 28
23 4 1
23 5 31
23 6 6
23 7 25
23 8 34
23 9 17
23 10 21
23 11 5
23 12 85
23 13 12
23 14 46
23 15 23
23 16 17
23 17 31
23 18 43
23 19 0
23 20 33
23 21 10
23 22 13
23 23 0
23 24 23
23 25 8
23 26 17
23 27 47
23 28 34
23 29 16
23 30 0
23 31 27
23 32 43
23 33 24
23 34 32
23 35 0
23 36 28
23 37 51
23 38 123
23 39 53
23 40 27
23 41 7
23 42 11
23 43 8
23 44 37
23 45 86
23 46 35
23 47 21
23 48 23
23 49 0
23 50 6
23 51 138
23 52 32
23 53 20
23 54 14
23 55 29
24 0 54
24 1 0
24 2 98
24 3 6
24 4 17
24 5 15
24 6 5
24 7 104
24 8 34
24 9 22
24 10 7
24 11 4
24 12 19
24 13 19
24 14 8
24 15 14
24 16 7
24 17 1
24 18 9
24 19 42
24 20 69
24 21 21
24 22 18
24 23 1
24 24 0
24 25 1
24 26 4
24 27 41
24 28 26
24 29 12
24 30 14
24 31 21
24 32 18
24 33 21
24 34 11
24 35 15
24 36 24
24 37 21
24 38 46
24 39 10
24 40 13
24 41 18
24 42 18
24 43 9
24 44 7
24 45 27
24 46 46
24 47 10
24 48 91
24 49 2
24 50 12
24 51 35
24 52 31
24 53 13
24 54 18
24 55 22
25 0 2
25 1 17
25 2 11
25 3 36
25 4 17
25 5 145
25 6 24
25 7 13
25 8 59
25 9 16
25 10 2
25 11 15
25 12 65
25 13 19
25 14 143
25 15 83
25 16 9
25 17 35
25 18 24
25 19 1
25 20 24
25 21 22
25 22 3
25 23 55
25 24 2
25 25 0
25 26 73
25 27 8
25 28 2
25 29 15
25 30 0
25 31 8
25 32 2
25 33 24
25 34 41
25 35 8
25 36 2
25 37 39
25 38 41
25 39 44
25 40 35
25 41 34
25 42 47
25 43 16
25 44 36
25 45 32
25 46 22
25 47 35
25 48 24
25 49 9
25 50 42
25 51 5
25 52 6
25 53 16
25 54 21
25 55 87
26 0 28
26 1 3
26 2 12
26 3 0
26 4 30
26 5 47
26 6 19
26 7 24
26 8 8
26 9 24
26 10 5
26 11 35
26 12 46
26 13 25
26 14 95
26 15 325
26 16 16
26 17 14
26 18 38
26 19 20
26 20 8
26 21 21
26 22 7
26 23 11
26 24 1
26 25 82
26 26 0
26 27 24
26 28 19
26 29 21
26 30 12
26 31 27
26 32 26
26 33 30
26 34 81
26 35 16
26 36 9
26 37 41
26 38 28
26 39 13
26 40 11
26 41 27
26 42 23
26 43 51
26 44 37
26 45 2
26 46 3
26 47 34
26 48 16
26 49 31
26 50 18
26 51 16
26 52 29
26 53 119
26 54 14
26 55 62
27 0 69
27 1 11
27 2 21
27 3 14
27 4 9
27 5 2
27 6 3
27 7 140
27 8 30
27 9 10
27 10 44
27 11 25
27 12 15
27 13 21
27 14 9
27 15 8
27 16 13
27 17 4
27 18 13
27 19 3
27 20 25
27 21 21
27 22 39
27 23 13
27 24 45
27 25 4
27 26 19
27 27 0
27 28 43
27 29 48
27 30 10
27 31 7
27 32 25
27 33 0
27 34 9
27 35 5
27 36 22
27 37 14
27 38 34
27 39 62
27 40 5
27 41 15
27 42 19
27 43 24
27 44 7
27 45 13
27 46 97
27 47 26
27 48 367
27 49 48
27 50 57
27 51 49
27 52 4
27 53 26
27 54 19
27 55 25
28 0 22
28 1 0
28 2 27
28 3 24
28 4 22
28 5 0
28 6 7
28 7 300
28 8 39
28 9 12
28 10 31
28 11 20
28 12 8
28 13 10
28 14 20
28 15 1
28 16 13
28 17 31
28 18 24
28 19 8
28 20 7
28 21 6
28 22 27
28 23 14
28 24 137
28 25 13
28 26 20
28 27 12
28 28 0
28 29 25
28 30 15
28 31 24
28 32 15
28 33 6
28 34 7
28 35 17
28 36 23
28 37 51
28 38 15
28 39 56
28 40 9
28 41 54
28 42 25
28 43 1
28 44 11
28 45 33
28 46 58
28 47 10
28 48 92
28 49 9
28 50 30
28 51 37
28 52 32
28 53 22
28 54 10
28 55 7
29 0 10
29 1 31
29 2 1
29 3 19
29 4 9
29 5 4
29 6 9
29 7 32
29 8 132
29 9 1
29 10 43
29 11 2
29 12 49
29 13 22
29 14 30
29 15 22
29 16 10
29 17 139
29 18 15
29 19 38
29 20 1
29 21 28
29 22 43
29 23 127
29 24 35
29 25 9
29 26 28
29 27 15
29 28 1
29 29 0
29 30 13
29 31 13
29 32 22
29 33 19
29 34 32
29 35 3
29 36 17
29 37 223
29 38 13
29 39 13
29 40 32
29 41 29
29 42 2
29 43 4
29 44 57
29 45 41
29 46 41
29 47 41
29 48 25
29 49 59
29 50 70
29 51 133
29 52 41
29 53 48
29 54 27
29 55 20
30 0 2
30 1 19
30 2 20
30 3 15
30 4 57
30 5 22
30 6 25
30 7 13
30 8 26
30 9 179
30 10 17
30 11 0
30 12 8
30 13 83
30 14 6
30 15 18
30 16 63
30 17 26
30 18 41
30 19 5
30 20 15
30 21 54
30 22 20
30 23 11
30 24 8
30 25 23
30 26 9
30 27 10
30 28 11
30 29 26
30 30 0
30 31 31
30 32 26
30 33 4
30 34 33
30 35 56
30 36 3
30 37 19
30 38 23
30 39 17
30 40 7
30 41 12
30 42 9
30 43 23
30 44 19
30 45 19
30 46 17
30 47 14
30 48 11
30 49 29
30 50 2
30 51 2
30 52 10
30 53 14
30 54 90
30 55 31
31 0 4
31 1 19
31 2 4
31 3 13
31 4 6
31 5 21
31 6 16
31 7 20
31 8 16
31 9 134
31 10 19
31 11 116
31 12 6
31 13 87
31 14 9
31 15 0
31 16 47
31 17 29
31 18 41
31 19 7
31 20 22
31 21 112
31 22 37
31 23 10
31 24 7
31 25 17
31 26 17
31 27 10
31 28 14
31 29 6
31 30 13
31 31 0
31 32 15
31 33 9
31 34 11
31 35 54
31 36 29
31 37 17
31 38 5
31 39 26
31 40 0
31 41 9
31 42 16
31 43 28
31 44 0
31 45 12
31 46 12
31 47 19
31 48 27
31 49 44
31 50 0
31 51 12
31 52 0
31 53 18
31 54 47
31 55 11
32 0 5
32 1 16
32 2 17
32 3 17
32 4 19
32 5 4
32 6 19
32 7 58
32 8 26
32 9 8
32 10 29
32 11 37
32 12 15
32 13 6
32 14 0
32 15 15
32 16 3
32 17 54
32 18 39
32 19 35
32 20 16
32 21 18
32 22 2
32 23 14
32 24 6
32 25 26
32 26 7
32 27 121
32 28 63
32 29 44
32 30 22
32 31 2
32 32 0
32 33 20
32 34 23
32 35 21
32 36 6
32 37 28
32 38 1
32 39 2
32 40 5
32 41 10
32 42 28
32 43 14
32 44 46
32 45 17
32 46 138
32 47 21
32 48 71
32 49 65
32 50 47
32 51 55
32 52 24
32 53 16
32 54 0
32 55 35
33 0 63
33 1 11
33 2 12
33 3 16
33 4 5
33 5 12
33 6 19
33 7 27
33 8 10
33 9 1
33 10 22
33 11 3
33 12 34
33 13 9
33 14 11
33 15 8
33 16 7
33 17 21
33 18 23
33 19 11
33 20 33
33 21 18
33 22 21
33 23 45
33 24 15
33 25 33
33 26 4
33 27 26
33 28 9
33 29 40
33 30 7
33 31 20
33 32 18
33 33 0
33 34 12
33 35 8
33 36 2
33 37 1
33 38 0
33 39 27
33 40 0
33 41 35
33 42 127
33 43 0
33 44 3
33 45 57
33 46 4
33 47 34
33 48 13
33 49 18
33 50 71
33 51 17
33 52 87
33 53 9
33 54 3
33 55 19
34 0 28
34 1 30
34 2 3
34 3 15
34 4 2
34 5 13
34 6 45
34 7 15
34 8 37
34 9 38
34 10 21
34 11 41
34 12 35
34 13 42
34 14 37
34 15 38
34 16 74
34 17 20
34 18 5
34 19 16
34 20 20
34 21 10
34 22 21
34 23 28
34 24 19
34 25 29
34 26 76
34 27 21
34 28 2
34 29 13
34 30 37
34 31 35
34 32 11
34 33 6
34 34 0
34 35 12
34 36 340
34 37 0
34 38 0
34 39 4
34 40 3
34 41 7
34 42 23
34 43 241
34 44 42
34 45 2
34 46 12
34 47 28
34 48 23
34 49 18
34 50 4
34 51 31
34 52 0
34 53 90
34 54 3
34 55 81
35 0 21
35 1 6
35 2 5
35 3 11
35 4 35
35 5 1
35 6 21
35 7 8
35 8 7
35 9 65
35 10 9
35 11 32
35 12 8
35 13 51
35 14 17
35 15 2
35 16 7
35 17 3
35 18 19
35 19 9
35 20 1
35 21 80
35 22 35
35 23 18
35 24 20
35 25 18
35 26 17
35 27 2
35 28 11
35 29 27
35 30 25
35 31 106
35 32 1
35 33 8
35 34 24
35 35 0
35 36 2
35 37 19
35 38 6
35 39 6
35 40 12
35 41 4
35 42 18
35 43 25
35 44 21
35 45 2
35 46 1
35 47 15
35 48 16
35 49 4
35 50 2
35 51 0
35 52 3
35 53 24
35 54 348
35 55 12
36 0 27
36 1 5
36 2 23
36 3 8
36 4 51
36 5 27
36 6 6
36 7 20
36 8 2
36 9 26
36 10 19
36 11 2
36 12 17
36 13 38
36 14 24
36 15 49
36 16 26
36 17 52
36 18 50
36 19 21
36 20 5
36 21 31
36 22 67
36 23 29
36 24 0
36 25 46
36 26 67
36 27 11
36 28 22
36 29 27
36 30 0
36 31 5
36 32 22
36 33 22
36 34 344
36 35 8
36 36 0
36 37 39
36 38 38
36 39 18
36 40 22
36 41 15
36 42 18
36 43 18
36 44 38
36 45 3
36 46 27
36 47 4
36 48 16
36 49 19
36 50 19
36 51 21
36 52 14
36 53 122
36 54 2
36 55 97
37 0 49
37 1 4
37 2 67
37 3 38
37 4 27
37 5 31
37 6 24
37 7 13
37 8 86
37 9 22
37 10 46
37 11 10
37 12 57
37 13 19
37 14 39
37 15 2
37 16 24
37 17 55
37 18 32
37 19 8
37 20 3
37 21 22
37 22 44
37 23 170
37 24 19
37 25 50
37 26 7
37 27 51
37 28 27
37 29 196
37 30 6
37 31 11
37 32 12
37 33 30
37 34 21
37 35 24
37 36 4
37 37 0
37 38 192
37 39 173
37 40 14
37 41 11
37 42 35
37 43 7
37 44 30
37 45 74
37 46 27
37 47 13
37 48 45
37 49 28
37 50 35
37 51 9
37 52 12
37 53 28
37 54 10
37 55 14
38 0 76
38 1 0
38 2 25
38 3 2
38 4 21
38 5 23
38 6 19
38 7 3
38 8 176
38 9 7
38 10 38
38 11 26
38 12 52
38 13 8
38 14 34
38 15 13
38 16 30
38 17 76
38 18 8
38 19 80
38 20 81
38 21 14
38 22 40
38 23 52
38 24 35
38 25 28
38 26 16
38 27 48
38 28 16
38 29 72
38 30 16
38 31 25
38 32 40
38 33 13
38 34 34
38 35 21
38 36 31
38 37 588
38 38 0
38 39 124
38 40 3
38 41 11
38 42 45
38 43 10
38 44 96
38 45 4
38 46 9
38 47 13
38 48 18
38 49 32
38 50 102
38 51 43
38 52 39
38 53 34
38 54 22
38 55 38
39 0 113
39 1 27
39 2 117
39 3 37
39 4 23
39 5 37
39 6 16
39 7 4
39 8 76
39 9 17
39 10 16
39 11 21
39 12 7
39 13 14
39 14 22
39 15 18
39 16 1
39 17 18
39 18 38
39 19 128
39 20 66
39 21 25
39 22 50
39 23 40
39 24 29
39 25 30
39 26 12
39 27 16
39 28 10
39 29 47
39 30 24
39 31 23
39 32 10
39 33 37
39 34 28
39 35 17
39 36 5
39 37 126
39 38 124
39 39 0
39 40 6
39 41 53
39 42 26
39 43 21
39 44 61
39 45 55
39 46 7
39 47 0
39 48 22
39 49 38
39 50 200
39 51 56
39 52 67
39 53 14
39 54 3
39 55 23
40 0 1
40 1 18
40 2 6
40 3 59
40 4 5
40 5 15
40 6 6
40 7 22
40 8 23
40 9 6
40 10 21
40 11 5
40 12 39
40 13 12
40 14 31
40 15 11
40 16 19
40 17 16
40 18 12
40 19 35
40 20 3
40 21 1
40 22 10
40 23 23
40 24 21
40 25 35
40 26 9
40 27 14
40 28 11
40 29 25
40 30 9
40 31 15
40 32 7
40 33 58
40 34 0
40 35 10
40 36 23
40 37 1
40 38 10
40 39 1
40 40 0
40 41 37
40 42 41
40 43 14
40 44 13
40 45 50
40 46 18
40 47 50
40 48 6
40 49 16
40 50 32
40 51 4
40 52 5
40 53 21
40 54 12
40 55 21
41 0 200
41 1 13
41 2 113
41 3 29
41 4 2
41 5 19
41 6 4
41 7 18
41 8 48
41 9 9
41 10 39
41 11 1
41 12 3
41 13 13
41 14 3
41 15 7
41 16 23
41 17 13
41 18 25
41 19 271
41 20 129
41 21 13
41 22 41
41 23 36
41 24 66
41 25 8
41 26 29
41 27 37
41 28 25
41 29 25
41 30 14
41 31 2
41 32 41
41 33 58
41 34 21
41 35 1
41 36 28
41 37 42
41 38 101
41 39 15
41 40 2
41 41 0
41 42 59
41 43 4
41 44 4
41 45 41
41 46 0
41 47 8
41 48 39
41 49 6
41 50 124
41 51 14
41 52 86
41 53 21
41 54 0
41 55 28
42 0 5
42 1 20
42 2 17
42 3 51
42 4 4
42 5 17
42 6 17
42 7 25
42 8 16
42 9 8
42 10 36
42 11 14
42 12 67
42 13 19
42 14 41
42 15 5
42 16 9
42 17 37
42 18 13
42 19 21
42 20 4
42 21 16
42 22 4
42 23 14
42 24 28
42 25 12
42 26 0
42 27 1
42 28 2
42 29 20
42 30 15
42 31 6
42 32 19
42 33 93
42 34 3
42 35 9
42 36 8
42 37 56
42 38 25
42 39 54
42 40 81
42 41 9
42 42 0
42 43 5
42 44 12
42 45 112
42 46 7
42 47 146
42 48 13
42 49 22
42 50 22
42 51 36
42 52 44
42 53 33
42 54 12
42 55 28
43 0 7
43 1 24
43 2 3
43 3 17
43 4 50
43 5 32
43 6 2
43 7 12
43 8 7
43 9 6
43 10 21
43 11 37
43 12 4
43 13 38
43 14 2
43 15 77
43 16 25
43 17 11
43 18 41
43 19 11
43 20 6
43 21 3
43 22 55
43 23 8
43 24 17
43 25 25
43 26 20
43 27 3
43 28 13
43 29 35
43 30 16
43 31 5
43 32 17
43 33 8
43 34 431
43 35 33
43 36 110
43 37 25
43 38 1
43 39 4
43 40 10
43 41 23
43 42 6
43 43 0
43 44 26
43 45 20
43 46 8
43 47 11
43 48 23
43 49 18
43 50 2
43 51 16
43 52 14
43 53 70
43 54 37
43 55 46
44 0 20
44 1 34
44 2 2
44 3 23
44 4 37
44 5 30
44 6 4
44 7 28
44 8 170
44 9 1
44 10 5
44 11 37
44 12 11
44 13 19
44 14 46
44 15 22
44 16 30
44 17 34
44 18 20
44 19 14
44 20 6
44 21 3
44 22 53
44 23 9
44 24 0
44 25 15
44 26 6
44 27 24
44 28 19
44 29 115
44 30 17
44 31 20
44 32 44
44 33 38
44 34 16
44 35 11
44 36 36
44 37 88
44 38 22
44 39 78
44 40 2
44 41 51
44 42 14
44 43 1
44 44 0
44 45 36
44 46 15
44 47 33
44 48 38
44 49 20
44 50 41
44 51 125
44 52 33
44 53 49
44 54 12
44 55 91
45 0 50
45 1 38
45 2 44
45 3 55
45 4 8
45 5 16
45 6 9
45 7 32
45 8 42
45 9 14
45 10 18
45 11 6
45 12 14
45 13 6
45 14 58
45 15 23
45 16 14
45 17 25
45 18 12
45 19 60
45 20 36
45 21 21
45 22 40
45 23 124
45 24 32
45 25 31
45 26 27
45 27 24
45 28 28
45 29 44
45 30 2
45 31 7
45 32 6
45 33 67
45 34 28
45 35 12
45 36 32
45 37 85
45 38 15
45 39 38
45 40 8
45 41 1
45 42 15
45 43 15
45 44 50
45 45 0
45 46 7
45 47 67
45 48 22
45 49 13
45 50 39
45 51 28
45 52 43
45 53 1
45 54 4
45 55 12
46 0 11
46 1 13
46 2 54
46 3 9
46 4 35
46 5 28
46 6 14
46 7 15
46 8 40
46 9 3
46 10 25
46 11 40
46 12 29
46 13 8
46 14 2
46 15 16
46 16 27
46 17 46
46 18 18
46 19 14
46 20 48
46 21 15
46 22 88
46 23 32
46 24 22
46 25 19
46 26 3
46 27 77
46 28 45
46 29 63
46 30 17
46 31 9
46 32 41
46 33 24
46 34 31
46 35 33
46 36 5
46 37 32
46 38 32
46 39 0
46 40 21
46 41 33
46 42 21
46 43 11
46 44 9
46 45 14
46 46 0
46 47 27
46 48 55
46 49 228
46 50 5
46 51 55
46 52 10
46 53 35
46 54 11
46 55 5
47 0 14
47 1 32
47 2 31
47 3 142
47 4 13
47 5 10
47 6 25
47 7 20
47 8 22
47 9 6
47 10 15
47 11 18
47 12 75
47 13 15
47 14 58
47 15 33
47 16 3
47 17 2
47 18 2
47 19 8
47 20 28
47 21 16
47 22 28
47 23 24
47 24 21
47 25 53
47 26 13
47 27 26
47 28 18
47 29 42
47 30 16
47 31 12
47 32 19
47 33 54
47 34 12
47 35 1
47 36 16
47 37 8
47 38 28
47 39 27
47 40 52
47 41 25
47 42 75
47 43 7
47 44 31
47 45 80
47 46 18
47 47 0
47 48 16
47 49 11
47 50 1
47 51 13
47 52 37
47 53 16
47 54 9
47 55 42
48 0 27
48 1 2
48 2 97
48 3 2
48 4 26
48 5 11
48 6 8
48 7 126
48 8 28
48 9 2
48 10 55
48 11 3
48 12 12
48 13 10
48 14 9
48 15 0
48 16 8
48 17 27
48 18 14
48 19 27
48 20 55
48 21 13
48 22 21
48 23 2
48 24 81
48 25 10
48 26 5
48 27 252
48 28 216
48 29 20
48 30 13
48 31 19
48 32 31
48 33 32
48 34 5
48 35 3
48 36 4
48 37 39
48 38 9
48 39 0
48 40 0
48 41 50
48 42 25
48 43 8
48 44 18
48 45 34
48 46 75
48 47 8
48 48 0
48 49 77
48 50 31
48 51 42
48 52 4
48 53 27
48 54 15
48 55 24
49 0 32
49 1 15
49 2 43
49 3 1
49 4 7
49 5 24
49 6 18
49 7 7
49 8 32
49 9 42
49 10 5
49 11 58
49 12 13
49 13 16
49 14 24
49 15 16
49 16 0
49 17 70
49 18 20
49 19 7
49 20 23
49 21 15
49 22 51
49 23 7
49 24 22
49 25 6
49 26 2
49 27 34
49 28 10
49 29 15
49 30 10
49 31 36
49 32 57
49 33 21
49 34 5
49 35 17
49 36 1
49 37 38
49 38 7
49 39 13
49 40 4
49 41 24
49 42 25
49 43 18
49 44 0
49 45 23
49 46 288
49 47 13
49 48 49
49 49 0
49 50 25
49 51 27
49 52 6
49 53 27
49 54 26
49 55 11
50 0 57
50 1 13
50 2 99
50 3 31
50 4 30
50 5 6
50 6 18
50 7 25
50 8 42
50 9 25
50 10 22
50 11 25
50 12 19
50 13 19
50 14 23
50 15 14
50 16 2
50 17 37
50 18 2
50 19 128
50 20 5
50 21 16
50 22 37
50 23 74
50 24 1
50 25 23
50 26 0
50 27 24
50 28 32
50 29 37
50 30 9
50 31 23
50 32 43
50 33 3
50 34 27
50 35 21
50 36 10
50 37 49
50 38 16
50 39 152
50 40 5
50 41 22
50 42 5
50 43 12
50 44 72
50 45 67
50 46 26
50 47 31
50 48 11
50 49 6
50 50 0
50 51 2
50 52 9
50 53 20
50 54 2
50 55 37
51 0 39
51 1 38
51 2 9
51 3 27
51 4 6
51 5 26
51 6 6
51 7 18
51 8 40
51 9 9
51 10 19
51 11 26
51 12 0
51 13 19
51 14 44
51 15 14
51 16 34
51 17 151
51 18 1
51 19 12
51 20 1
51 21 32
51 22 142
51 23 31
51 24 13
51 25 17
51 26 47
51 27 47
51 28 0
51 29 69
51 30 5
51 31 35
51 32 55
51 33 28
51 34 40
51 35 23
51 36 6
51 37 15
51 38 86
51 39 18
51 40 6
51 41 26
51 42 6
51 43 15
51 44 145
51 45 36
51 46 3
51 47 16
51 48 5
51 49 62
51 50 4
51 51 0
51 52 6
51 53 8
51 54 22
51 55 56
52 0 6
52 1 30
52 2 30
52 3 17
52 4 14
52 5 28
52 6 2
52 7 5
52 8 54
52 9 19
52 10 35
52 11 8
52 12 1
52 13 15
52 14 26
52 15 27
52 16 17
52 17 2
52 18 20
52 19 49
52 20 83
52 21 9
52 22 12
52 23 51
52 24 18
52 25 19
52 26 24
52 27 5
52 28 8
52 29 48
52 30 7
52 31 18
52 32 10
52 33 193
52 34 11
52 35 9
52 36 23
52 37 60
52 38 75
52 39 16
52 40 37
52 41 25
52 42 14
52 43 14
52 44 13
52 45 29
52 46 7
52 47 53
52 48 32
52 49 2
52 50 100
52 51 9
52 52 0
52 53 21
52 54 8
52 55 0
53 0 16
53 1 19
53 2 21
53 3 7
53 4 44
53 5 3
53 6 29
53 7 0
53 8 46
53 9 15
53 10 16
53 11 14
53 12 5
53 13 8
53 14 41
53 15 156
53 16 35
53 17 4
53 18 34
53 19 9
53 20 4
53 21 19
53 22 26
53 23 25
53 24 15
53 25 51
53 26 104
53 27 13
53 28 2
53 29 1
53 30 22
53 31 2
53 32 31
53 33 17
53 34 147
53 35 29
53 36 172
53 37 27
53 38 9
53 39 32
53 40 8
53 41 3
53 42 12
53 43 22
53 44 40
53 45 14
53 46 12
53 47 24
53 48 23
53 49 18
53 50 7
53 51 40
53 52 21
53 53 0
53 54 23
53 55 45
54 0 4
54 1 12
54 2 8
54 3 0
54 4 77
54 5 0
54 6 9
54 7 8
54 8 0
54 9 130
54 10 15
54 11 74
54 12 11
54 13 243
54 14 8
54 15 1
54 16 20
54 17 6
54 18 20
54 19 3
54 20 9
54 21 79
54 22 29
54 23 18
54 24 2
54 25 22
54 26 4
54 27 4
54 28 8
54 29 16
54 30 100
54 31 44
54 32 12
54 33 2
54 34 32
54 35 500
54 36 1
54 37 0
54 38 14
54 39 19
54 40 14
54 41 18
54 42 7
54 43 27
54 44 26
54 45 0
54 46 8
54 47 17
54 48 8
54 49 4
54 50 15
54 51 16
54 52 12
54 53 17
54 54 0
54 55 26
55 0 38
55 1 38
55 2 34
55 3 4
55 4 36
55 5 39
55 6 28
55 7 13
55 8 6
55 9 1
55 10 19
55 11 38
55 12 51
55 13 20
55 14 63
55 15 133
55 16 40
55 17 10
55 18 25
55 19 7
55 20 5
55 21 6
55 22 52
55 23 10
55 24 9
55 25 72
55 26 163
55 27 29
55 28 21
55 29 5
55 30 15
55 31 19
55 32 28
55 33 1
55 34 62
55 35 25
55 36 69
55 37 23
55 38 27
55 39 36
55 40 10
55 41 15
55 42 32
55 43 38
55 44 37
55 45 18
55 46 20
55 47 44
55 48 5
55 49 6
55 50 43
55 51 87
55 52 29
55 53 79
55 54 7
55 55 0
