#So luong nut la la
69
#Toa do cac nut
4.680225969246243 7.567472269427345 0.0
1.6790969094760637 10.567482294966377 0.0
3.3466533918329295 9.408413579483767 0.0
16.97822243602243 0.1906898723055075 0.0
13.088776573866163 1.9644211474394306 0.0
7.6484139680423775 8.528370150765934 0.0
16.91405424626289 13.856618890864919 0.0
14.422136924738316 1.6251568394335618 0.0
18.174680916382666 11.87686245694381 0.0
13.275283163352164 14.869271391282297 0.0
11.341700849711515 2.2683084525160657 0.0
14.171390493671543 2.5066749557358006 0.0
19.755970168279745 15.161494381306278 0.0
0.7370386418263064 2.27223292099903 0.0
2.085027989444886 4.550880028995794 0.0
11.08282411442078 1.3614956451506026 0.0
1.0388030917434563 4.0011078737524315 0.0
13.534970304669493 7.161444052718376 0.0
12.074278730288608 1.851512235107366 0.0
11.514324302551282 18.718230551454734 0.0
15.12796775028029 7.775160103368394 0.0
16.772384191679116 1.833914587475007 0.0
8.33656904144778 0.22743835265894286 0.0
10.579713537387283 6.127204731425751 0.0
18.118558629423045 7.490914079100383 0.0
11.182159849989777 12.96553587093609 0.0
3.97564197590968 7.85139380988847 0.0
5.902187240083745 1.1023941153683556 0.0
18.557798521486127 8.642176601234564 0.0
17.755052081502885 0.3360285027141062 0.0
11.205870127783557 11.397998195769755 0.0
16.060283890566637 17.41615029035481 0.0
10.439338444310224 1.8478677649353812 0.0
19.896231842148932 4.24898609782617 0.0
11.016648134796846 5.247463483455942 0.0
7.208851456030002 14.922408700036428 0.0
3.031458511193398 12.535130691555386 0.0
18.26296118059662 3.2760599194142173 0.0
0.6959416797599713 3.1780455555704465 0.0
19.707575844369984 3.349239311759804 0.0
11.728623850083956 0.4030796192297017 0.0
16.7194986398652 8.99118252414852 0.0
10.25399507200738 17.367320322176486 0.0
13.52503884033674 19.063507733760737 0.0
16.267801638571722 2.593072884049816 0.0
18.594035212182785 4.920315449454128 0.0
14.678434371296255 10.322738626750189 0.0
12.207822066885758 7.1328490976312455 0.0
4.502008653032863 6.025100197562068 0.0
15.19189539746556 18.193406853500402 0.0
18.757106695369718 9.278349555368205 0.0
6.881732411948999 6.762642247246076 0.0
11.295730984920018 10.422690327695442 0.0
9.429627931909902 14.3684457208566 0.0
7.776606470615322 9.386889418505508 0.0
15.75480655866065 17.75994464084352 0.0
16.375103934985344 12.584784296632314 0.0
14.843007606231982 11.07161857950185 0.0
18.574929772903506 10.217398286005622 0.0
5.026863875867534 16.686610860067056 0.0
3.49492573698787 15.417773303176324 0.0
8.287000655904823 5.398626325795049 0.0
2.209797382517595 2.651625844435659 0.0
11.247745382942352 3.826695437227761 0.0
16.937977878827752 9.972654612627187 0.0
8.430919823321434 15.413039332416012 0.0
12.301383205290398 3.806882423683355 0.0
2.531762714893464 7.705672960397128 0.0
9.171395009744163 4.007863186259192 0.0
#Ma tran yeu cau D
#source_index dest_index bw don vi Mbps
0 0 0
0 1 0
0 2 144
0 3 8
0 4 20
0 5 117
0 6 3
0 7 31
0 8 12
0 9 27
0 10 40
0 11 12
0 12 3
0 13 23
0 14 50
0 15 12
0 16 52
0 17 42
0 18 35
0 19 25
0 20 37
0 21 2
0 22 48
0 23 23
0 24 12
0 25 9
0 26 67
0 27 32
0 28 14
0 29 19
0 30 50
0 31 6
0 32 2
0 33 11
0 34 31
0 35 33
0 36 63
0 37 26
0 38 46
0 39 24
0 40 17
0 41 24
0 42 4
0 43 2
0 44 12
0 45 27
0 46 34
0 47 20
0 48 109
0 49 0
0 50 4
0 51 78
0 52 26
0 53 2
0 54 24
0 55 26
0 56 7
0 57 3
0 58 27
0 59 12
0 60 44
0 61 44
0 62 55
0 63 39
0 64 18
0 65 15
0 66 1
0 67 182
0 68 26
1 0 4
1 1 0
1 2 177
1 3 12
1 4 27
1 5 27
1 6 24
1 7 22
1 8 17
1 9 28
1 10 26
1 11 4
1 12 1
1 13 33
1 14 63
1 15 11
1 16 16
1 17 8
1 18 18
1 19 25
1 20 14
1 21 0
1 22 27
1 23 2
1 24 6
1 25 9
1 26 24
1 27 33
1 28 19
1 29 7
1 30 28
1 31 9
1 32 15
1 33 14
1 34 1
1 35 28
1 36 23
1 37 16
1 38 41
1 39 0
1 40 3
1 41 7
1 42 30
1 43 18
1 44 0
1 45 10
1 46 4
1 47 13
1 48 53
1 49 5
1 50 20
1 51 13
1 52 16
1 53 37
1 54 10
1 55 7
1 56 8
1 57 2
1 58 8
1 59 0
1 60 10
1 61 4
1 62 49
1 63 13
1 64 22
1 65 32
1 66 22
1 67 57
1 68 33
2 0 6
2 1 160
2 2 0
2 3 3
2 4 12
2 5 44
2 6 26
2 7 8
2 8 13
2 9 1
2 10 4
2 11 27
2 12 18
2 13 19
2 14 22
2 15 22
2 16 23
2 17 24
2 18 31
2 19 18
2 20 13
2 21 13
2 22 27
2 23 20
2 24 7
2 25 24
2 26 81
2 27 45
2 28 15
2 29 1
2 30 38
2 31 5
2 32 2
2 33 14
2 34 27
2 35 1
2 36 119
2 37 4
2 38 0
2 39 11
2 40 17
2 41 13
2 42 3
2 43 12
2 44 10
2 45 21
2 46 29
2 47 36
2 48 32
2 49 1
2 50 7
2 51 64
2 52 19
2 53 16
2 54 68
2 55 0
2 56 15
2 57 25
2 58 21
2 59 26
2 60 18
2 61 47
2 62 32
2 63 8
2 64 9
2 65 12
2 66 28
2 67 49
2 68 15
3 0 14
3 1 10
3 2 4
3 3 0
3 4 41
3 5 20
3 6 22
3 7 65
3 8 22
3 9 16
3 10 18
3 11 1
3 12 10
3 13 15
3 14 13
3 15 58
3 16 16
3 17 11
3 18 53
3 19 13
3 20 14
3 21 146
3 22 16
3 23 19
3 24 23
3 25 14
3 26 7
3 27 35
3 28 42
3 29 377
3 30 3
3 31 12
3 32 51
3 33 48
3 34 26
3 35 6
3 36 1
3 37 31
3 38 21
3 39 44
3 40 68
3 41 25
3 42 17
3 43 7
3 44 17
3 45 61
3 46 8
3 47 16
3 48 10
3 49 14
3 50 3
3 51 31
3 52 32
3 53 23
3 54 24
3 55 16
3 56 5
3 57 34
3 58 4
3 59 2
3 60 0
3 61 34
3 62 3
3 63 52
3 64 1
3 65 8
3 66 20
3 67 0
3 68 43
4 0 25
4 1 21
4 2 11
4 3 54
4 4 0
4 5 27
4 6 26
4 7 240
4 8 18
4 9 14
4 10 155
4 11 168
4 12 15
4 13 14
4 14 18
4 15 18
4 16 11
4 17 34
4 18 243
4 19 9
4 20 54
4 21 16
4 22 40
4 23 59
4 24 25
4 25 19
4 26 30
4 27 40
4 28 10
4 29 62
4 30 29
4 31 11
4 32 140
4 33 47
4 34 53
4 35 5
4 36 5
4 37 57
4 38 20
4 39 28
4 40 37
4 41 1
4 42 9
4 43 0
4 44 110
4 45 10
4 46 33
4 47 62
4 48 12
4 49 4
4 50 16
4 51 46
4 52 29
4 53 17
4 54 40
4 55 24
4 56 9
4 57 17
4 58 37
4 59 23
4 60 5
4 61 16
4 62 21
4 63 138
4 64 9
4 65 13
4 66 129
4 67 16
4 68 2
5 0 36
5 1 26
5 2 77
5 3 24
5 4 33
5 5 0
5 6 36
5 7 28
5 8 1
5 9 24
5 10 53
5 11 14
5 12 27
5 13 25
5 14 6
5 15 30
5 16 48
5 17 14
5 18 25
5 19 8
5 20 8
5 21 12
5 22 31
5 23 95
5 24 8
5 25 25
5 26 28
5 27 14
5 28 12
5 29 22
5 30 42
5 31 26
5 32 31
5 33 22
5 34 27
5 35 60
5 36 58
5 37 2
5 38 38
5 39 11
5 40 11
5 41 24
5 42 25
5 43 12
5 44 30
5 45 30
5 46 9
5 47 1
5 48 70
5 49 12
5 50 3
5 51 12
5 52 5
5 53 45
5 54 204
5 55 24
5 56 13
5 57 24
5 58 6
5 59 1
5 60 32
5 61 99
5 62 41
5 63 42
5 64 38
5 65 38
5 66 22
5 67 36
5 68 23
6 0 23
6 1 12
6 2 18
6 3 6
6 4 18
6 5 2
6 6 0
6 7 7
6 8 70
6 9 44
6 10 2
6 11 9
6 12 96
6 13 8
6 14 17
6 15 22
6 16 19
6 17 9
6 18 14
6 19 51
6 20 5
6 21 26
6 22 19
6 23 30
6 24 31
6 25 44
6 26 10
6 27 22
6 28 65
6 29 13
6 30 28
6 31 91
6 32 15
6 33 23
6 34 37
6 35 21
6 36 24
6 37 26
6 38 1
6 39 36
6 40 6
6 41 29
6 42 22
6 43 18
6 44 13
6 45 14
6 46 26
6 47 4
6 48 5
6 49 43
6 50 11
6 51 5
6 52 44
6 53 29
6 54 38
6 55 69
6 56 10
6 57 72
6 58 58
6 59 6
6 60 18
6 61 16
6 62 20
6 63 33
6 64 57
6 65 44
6 66 34
6 67 5
6 68 8
7 0 2
7 1 1
7 2 0
7 3 6
7 4 197
7 5 37
7 6 18
7 7 0
7 8 14
7 9 15
7 10 102
7 11 339
7 12 8
7 13 24
7 14 9
7 15 98
7 16 1
7 17 5
7 18 8
7 19 12
7 20 21
7 21 111
7 22 34
7 23 59
7 24 8
7 25 30
7 26 30
7 27 2
7 28 4
7 29 103
7 30 3
7 31 3
7 32 78
7 33 17
7 34 48
7 35 5
7 36 11
7 37 95
7 38 15
7 39 62
7 40 5
7 41 13
7 42 0
7 43 6
7 44 95
7 45 40
7 46 16
7 47 59
7 48 10
7 49 13
7 50 11
7 51 11
7 52 4
7 53 15
7 54 36
7 55 2
7 56 22
7 57 3
7 58 24
7 59 5
7 60 6
7 61 6
7 62 31
7 63 42
7 64 0
7 65 14
7 66 60
7 67 22
7 68 43
8 0 24
8 1 1
8 2 17
8 3 18
8 4 3
8 5 33
8 6 117
8 7 23
8 8 0
8 9 4
8 10 20
8 11 31
8 12 65
8 13 12
8 14 4
8 15 8
8 16 1
8 17 43
8 18 11
8 19 1
8 20 40
8 21 6
8 22 16
8 23 30
8 24 30
8 25 10
8 26 7
8 27 24
8 28 98
8 29 18
8 30 46
8 31 24
8 32 27
8 33 39
8 34 17
8 35 9
8 36 7
8 37 32
8 38 4
8 39 24
8 40 17
8 41 42
8 42 5
8 43 15
8 44 39
8 45 5
8 46 14
8 47 9
8 48 2
8 49 42
8 50 141
8 51 20
8 52 48
8 53 26
8 54 15
8 55 44
8 56 138
8 57 41
8 58 232
8 59 6
8 60 21
8 61 15
8 62 6
8 63 15
8 64 98
8 65 1
8 66 39
8 67 0
8 68 9
9 0 34
9 1 16
9 2 28
9 3 1
9 4 28
9 5 34
9 6 93
9 7 16
9 8 11
9 9 0
9 10 30
9 11 30
9 12 21
9 13 12
9 14 14
9 15 22
9 16 14
9 17 20
9 18 24
9 19 66
9 20 49
9 21 27
9 22 23
9 23 16
9 24 21
9 25 85
9 26 0
9 27 6
9 28 3
9 29 13
9 30 19
9 31 36
9 32 18
9 33 29
9 34 4
9 35 1
9 36 15
9 37 28
9 38 8
9 39 8
9 40 22
9 41 1
9 42 70
9 43 27
9 44 23
9 45 1
9 46 24
9 47 42
9 48 28
9 49 96
9 50 28
9 51 18
9 52 11
9 53 17
9 54 17
9 55 14
9 56 88
9 57 41
9 58 9
9 59 28
9 60 32
9 61 31
9 62 2
9 63 1
9 64 60
9 65 35
9 66 21
9 67 8
9 68 29
10 0 4
10 1 2
10 2 30
10 3 18
10 4 99
10 5 0
10 6 15
10 7 57
10 8 23
10 9 13
10 10 0
10 11 115
10 12 18
10 13 12
10 14 2
10 15 101
10 16 17
10 17 26
10 18 148
10 19 11
10 20 24
10 21 3
10 22 96
10 23 5
10 24 38
10 25 33
10 26 8
10 27 54
10 28 11
10 29 22
10 30 24
10 31 24
10 32 221
10 33 28
10 34 70
10 35 28
10 36 0
10 37 56
10 38 13
10 39 14
10 40 140
10 41 36
10 42 20
10 43 0
10 44 11
10 45 44
10 46 3
10 47 3
10 48 2
10 49 15
10 50 22
10 51 4
10 52 20
10 53 7
10 54 48
10 55 4
10 56 19
10 57 18
10 58 27
10 59 2
10 60 25
10 61 90
10 62 35
10 63 210
10 64 17
10 65 27
10 66 0
10 67 6
10 68 42
11 0 26
11 1 14
11 2 11
11 3 61
11 4 202
11 5 40
11 6 7
11 7 103
11 8 21
11 9 10
11 10 110
11 11 0
11 12 15
11 13 15
11 14 13
11 15 20
11 16 9
11 17 74
11 18 178
11 19 11
11 20 57
11 21 10
11 22 29
11 23 27
11 24 54
11 25 28
11 26 14
11 27 16
11 28 33
11 29 83
11 30 31
11 31 7
11 32 77
11 33 32
11 34 29
11 35 4
11 36 26
11 37 90
11 38 24
11 39 20
11 40 58
11 41 17
11 42 20
11 43 12
11 44 95
11 45 77
11 46 46
11 47 19
11 48 14
11 49 10
11 50 28
11 51 40
11 52 13
11 53 15
11 54 30
11 55 13
11 56 18
11 57 6
11 58 21
11 59 15
11 60 15
11 61 47
11 62 16
11 63 25
11 64 9
11 65 22
11 66 53
11 67 3
11 68 36
12 0 22
12 1 5
12 2 20
12 3 9
12 4 2
12 5 26
12 6 57
12 7 12
12 8 55
12 9 25
12 10 10
12 11 5
12 12 0
12 13 1
12 14 0
12 15 14
12 16 13
12 17 38
12 18 25
12 19 19
12 20 36
12 21 10
12 22 6
12 23 29
12 24 0
12 25 37
12 26 19
12 27 11
12 28 10
12 29 21
12 30 19
12 31 6
12 32 19
12 33 5
12 34 3
12 35 15
12 36 6
12 37 25
12 38 2
12 39 9
12 40 2
12 41 36
12 42 17
12 43 29
12 44 24
12 45 31
12 46 50
12 47 25
12 48 19
12 49 4
12 50 42
12 51 17
12 52 36
12 53 7
12 54 28
12 55 44
12 56 38
12 57 54
12 58 58
12 59 24
12 60 22
12 61 17
12 62 2
12 63 15
12 64 33
12 65 0
12 66 6
12 67 0
12 68 0
13 0 2
13 1 8
13 2 49
13 3 6
13 4 18
13 5 24
13 6 16
13 7 28
13 8 15
13 9 3
13 10 9
13 11 14
13 12 14
13 13 0
13 14 5
13 15 23
13 16 18
13 17 0
13 18 16
13 19 1
13 20 16
13 21 1
13 22 16
13 23 22
13 24 13
13 25 5
13 26 56
13 27 72
13 28 5
13 29 21
13 30 16
13 31 9
13 32 23
13 33 5
13 34 17
13 35 17
13 36 13
13 37 8
13 38 45
13 39 11
13 40 0
13 41 8
13 42 18
13 43 17
13 44 2
13 45 6
13 46 18
13 47 13
13 48 53
13 49 2
13 50 15
13 51 33
13 52 19
13 53 16
13 54 26
13 55 8
13 56 3
13 57 9
13 58 4
13 59 18
13 60 18
13 61 43
13 62 213
13 63 12
13 64 11
13 65 9
13 66 21
13 67 48
13 68 46
14 0 57
14 1 22
14 2 30
14 3 7
14 4 15
14 5 42
14 6 16
14 7 8
14 8 1
14 9 25
14 10 20
14 11 5
14 12 13
14 13 80
14 14 0
14 15 11
14 16 289
14 17 21
14 18 9
14 19 13
14 20 16
14 21 8
14 22 19
14 23 16
14 24 1
14 25 4
14 26 30
14 27 25
14 28 15
14 29 17
14 30 16
14 31 2
14 32 32
14 33 11
14 34 34
14 35 27
14 36 5
14 37 16
14 38 16
14 39 3
14 40 29
14 41 6
14 42 13
14 43 12
14 44 16
14 45 19
14 46 23
14 47 35
14 48 35
14 49 8
14 50 20
14 51 10
14 52 24
14 53 12
14 54 15
14 55 1
14 56 12
14 57 17
14 58 12
14 59 18
14 60 13
14 61 49
14 62 86
14 63 24
14 64 20
14 65 26
14 66 5
14 67 111
14 68 25
15 0 19
15 1 15
15 2 6
15 3 39
15 4 111
15 5 6
15 6 10
15 7 55
15 8 11
15 9 1
15 10 257
15 11 16
15 12 10
15 13 33
15 14 25
15 15 0
15 16 24
15 17 51
15 18 150
15 19 6
15 20 4
15 21 56
15 22 61
15 23 25
15 24 23
15 25 23
15 26 11
15 27 53
15 28 9
15 29 23
15 30 0
15 31 18
15 32 353
15 33 35
15 34 24
15 35 24
15 36 9
15 37 0
15 38 33
15 39 38
15 40 302
15 41 37
15 42 21
15 43 0
15 44 9
15 45 9
15 46 1
15 47 27
15 48 34
15 49 22
15 50 32
15 51 1
15 52 6
15 53 10
15 54 27
15 55 17
15 56 1
15 57 24
15 58 26
15 59 1
15 60 8
15 61 65
15 62 44
15 63 81
15 64 30
15 65 10
15 66 80
15 67 10
15 68 71
16 0 62
16 1 43
16 2 58
16 3 4
16 4 29
16 5 34
16 6 1
16 7 4
16 8 10
16 9 20
16 10 6
16 11 7
16 12 12
16 13 97
16 14 220
16 15 8
16 16 0
16 17 4
16 18 33
16 19 21
16 20 23
16 21 19
16 22 39
16 23 22
16 24 10
16 25 22
16 26 11
16 27 5
16 28 2
16 29 9
16 30 27
16 31 16
16 32 36
16 33 6
16 34 7
16 35 1
16 36 39
16 37 16
16 38 156
16 39 3
16 40 33
16 41 20
16 42 9
16 43 18
16 44 0
16 45 8
16 46 4
16 47 31
16 48 63
16 49 13
16 50 10
16 51 26
16 52 12
16 53 27
16 54 18
16 55 2
16 56 4
16 57 18
16 58 18
16 59 24
16 60 13
16 61 18
16 62 86
16 63 31
16 64 0
16 65 7
16 66 21
16 67 47
16 68 30
17 0 4
17 1 14
17 2 32
17 3 14
17 4 14
17 5 32
17 6 39
17 7 9
17 8 40
17 9 34
17 10 41
17 11 80
17 12 18
17 13 23
17 14 1
17 15 30
17 16 4
17 17 0
17 18 3
17 19 29
17 20 45
17 21 59
17 22 18
17 23 18
17 24 52
17 25 7
17 26 40
17 27 11
17 28 35
17 29 32
17 30 73
17 31 3
17 32 45
17 33 31
17 34 82
17 35 34
17 36 23
17 37 65
17 38 21
17 39 9
17 40 24
17 41 70
17 42 23
17 43 21
17 44 14
17 45 50
17 46 40
17 47 155
17 48 40
17 49 11
17 50 18
17 51 37
17 52 86
17 53 6
17 54 17
17 55 10
17 56 58
17 57 40
17 58 66
17 59 16
17 60 7
17 61 66
17 62 9
17 63 71
17 64 52
17 65 10
17 66 6
17 67 23
17 68 60
18 0 6
18 1 22
18 2 20
18 3 65
18 4 114
18 5 40
18 6 10
18 7 149
18 8 8
18 9 21
18 10 289
18 11 3
18 12 11
18 13 31
18 14 27
18 15 322
18 16 23
18 17 18
18 18 0
18 19 20
18 20 8
18 21 6
18 22 20
18 23 37
18 24 24
18 25 0
18 26 29
18 27 7
18 28 34
18 29 63
18 30 31
18 31 1
18 32 159
18 33 20
18 34 39
18 35 23
18 36 8
18 37 16
18 38 31
18 39 17
18 40 131
18 41 43
18 42 24
18 43 22
18 44 65
18 45 40
18 46 27
18 47 64
18 48 38
18 49 15
18 50 25
18 51 47
18 52 6
18 53 1
18 54 16
18 55 14
18 56 31
18 57 30
18 58 21
18 59 10
18 60 18
18 61 27
18 62 17
18 63 104
18 64 16
18 65 22
18 66 177
18 67 21
18 68 91
19 0 29
19 1 13
19 2 13
19 3 11
19 4 16
19 5 10
19 6 48
19 7 10
19 8 10
19 9 57
19 10 21
19 11 6
19 12 26
19 13 3
19 14 15
19 15 8
19 16 15
19 17 13
19 18 14
19 19 0
19 20 23
19 21 9
19 22 4
19 23 19
19 24 20
19 25 12
19 26 6
19 27 6
19 28 15
19 29 10
19 30 30
19 31 30
19 32 13
19 33 18
19 34 19
19 35 65
19 36 3
19 37 16
19 38 11
19 39 2
19 40 15
19 41 27
19 42 157
19 43 50
19 44 16
19 45 7
19 46 24
19 47 27
19 48 0
19 49 97
19 50 27
19 51 10
19 52 35
19 53 10
19 54 25
19 55 4
19 56 19
19 57 39
19 58 26
19 59 44
19 60 19
19 61 16
19 62 5
19 63 7
19 64 10
19 65 77
19 66 0
19 67 7
19 68 8
20 0 28
20 1 26
20 2 9
20 3 39
20 4 60
20 5 35
20 6 59
20 7 39
20 8 54
20 9 12
20 10 37
20 11 32
20 12 36
20 13 19
20 14 21
20 15 33
20 16 26
20 17 2
20 18 39
20 19 3
20 20 0
20 21 45
20 22 0
20 23 5
20 24 96
20 25 31
20 26 34
20 27 13
20 28 22
20 29 21
20 30 30
20 31 23
20 32 12
20 33 18
20 34 22
20 35 14
20 36 16
20 37 1
20 38 6
20 39 7
20 40 36
20 41 147
20 42 18
20 43 21
20 44 37
20 45 56
20 46 27
20 47 16
20 48 16
20 49 37
20 50 63
20 51 14
20 52 64
20 53 20
20 54 6
20 55 31
20 56 37
20 57 68
20 58 60
20 59 20
20 60 15
20 61 36
20 62 13
20 63 60
20 64 15
20 65 6
20 66 18
20 67 31
20 68 37
21 0 19
21 1 10
21 2 13
21 3 102
21 4 87
21 5 31
21 6 9
21 7 119
21 8 29
21 9 28
21 10 49
21 11 140
21 12 21
21 13 8
21 14 7
21 15 46
21 16 5
21 17 29
21 18 4
21 19 1
21 20 30
21 21 0
21 22 41
21 23 3
21 24 2
21 25 30
21 26 12
21 27 33
21 28 9
21 29 137
21 30 11
21 31 6
21 32 10
21 33 67
21 34 2
21 35 9
21 36 1
21 37 156
21 38 21
21 39 86
21 40 41
21 41 19
21 42 17
21 43 10
21 44 293
21 45 38
21 46 25
21 47 4
21 48 7
21 49 2
21 50 3
21 51 30
21 52 37
21 53 19
21 54 21
21 55 19
21 56 7
21 57 10
21 58 36
21 59 2
21 60 12
21 61 18
21 62 20
21 63 3
21 64 35
21 65 15
21 66 75
21 67 8
21 68 12
22 0 17
22 1 3
22 2 34
22 3 39
22 4 71
22 5 26
22 6 12
22 7 40
22 8 8
22 9 7
22 10 72
22 11 48
22 12 18
22 13 0
22 14 15
22 15 55
22 16 42
22 17 10
22 18 7
22 19 14
22 20 26
22 21 12
22 22 0
22 23 35
22 24 14
22 25 13
22 26 4
22 27 8
22 28 24
22 29 33
22 30 8
22 31 18
22 32 149
22 33 22
22 34 24
22 35 7
22 36 22
22 37 34
22 38 4
22 39 19
22 40 72
22 41 31
22 42 15
22 43 10
22 44 28
22 45 32
22 46 26
22 47 0
22 48 25
22 49 12
22 50 16
22 51 10
22 52 5
22 53 14
22 54 26
22 55 12
22 56 25
22 57 16
22 58 6
22 59 15
22 60 5
22 61 65
22 62 28
22 63 16
22 64 8
22 65 22
22 66 58
22 67 14
22 68 2
23 0 37
23 1 36
23 2 32
23 3 30
23 4 65
23 5 36
23 6 13
23 7 50
23 8 4
23 9 19
23 10 42
23 11 36
23 12 8
23 13 37
23 14 0
23 15 55
23 16 12
23 17 82
23 18 61
23 19 0
23 20 73
23 21 45
23 22 35
23 23 0
23 24 27
23 25 55
23 26 3
23 27 44
23 28 31
23 29 9
23 30 25
23 31 15
23 32 38
23 33 4
23 34 161
23 35 34
23 36 16
23 37 33
23 38 35
23 39 1
23 40 21
23 41 0
23 42 23
23 43 1
23 44 11
23 45 42
23 46 23
23 47 203
23 48 8
23 49 20
23 50 2
23 51 32
23 52 62
23 53 11
23 54 72
23 55 28
23 56 14
23 57 59
23 58 26
23 59 29
23 60 26
23 61 85
23 62 34
23 63 80
23 64 13
23 65 29
23 66 133
23 67 13
23 68 61
24 0 14
24 1 19
24 2 19
24 3 38
24 4 33
24 5 18
24 6 11
24 7 37
24 8 29
24 9 18
24 10 3
24 11 18
24 12 40
24 13 9
24 14 0
24 15 4
24 16 13
24 17 65
24 18 27
24 19 10
24 20 8
24 21 8
24 22 30
24 23 21
24 24 0
24 25 8
24 26 16
24 27 1
24 28 77
24 29 27
24 30 37
24 31 33
24 32 5
24 33 34
24 34 3
24 35 15
24 36 2
24 37 43
24 38 16
24 39 60
24 40 15
24 41 132
24 42 24
24 43 23
24 44 57
24 45 12
24 46 71
24 47 20
24 48 6
24 49 15
24 50 9
24 51 5
24 52 4
24 53 26
24 54 10
24 55 4
24 56 11
24 57 71
24 58 55
24 59 2
24 60 14
24 61 29
24 62 7
24 63 15
24 64 75
24 65 28
24 66 3
24 67 1
24 68 28
25 0 26
25 1 38
25 2 26
25 3 17
25 4 19
25 5 13
25 6 25
25 7 10
25 8 25
25 9 117
25 10 22
25 11 13
25 12 2
25 13 22
25 14 28
25 15 2
25 16 3
25 17 48
25 18 33
25 19 67
25 20 6
25 21 18
25 22 27
25 23 41
25 24 23
25 25 0
25 26 16
25 27 16
25 28 38
25 29 16
25 30 97
25 31 8
25 32 2
25 33 9
25 34 15
25 35 61
25 36 28
25 37 9
25 38 11
25 39 14
25 40 23
25 41 30
25 42 16
25 43 25
25 44 15
25 45 11
25 46 87
25 47 58
25 48 12
25 49 26
25 50 31
25 51 41
25 52 134
25 53 149
25 54 2
25 55 49
25 56 51
25 57 33
25 58 19
25 59 28
25 60 37
25 61 26
25 62 26
25 63 4
25 64 20
25 65 57
25 66 10
25 67 25
25 68 21
26 0 143
26 1 98
26 2 182
26 3 8
26 4 8
26 5 89
26 6 18
26 7 25
26 8 19
26 9 9
26 10 21
26 11 30
26 12 12
26 13 15
26 14 15
26 15 32
26 16 51
26 17 23
26 18 17
26 19 4
26 20 16
26 21 7
26 22 21
26 23 38
26 24 9
26 25 20
26 26 0
26 27 31
26 28 7
26 29 21
26 30 18
26 31 22
26 32 20
26 33 7
26 34 40
26 35 34
26 36 0
26 37 11
26 38 60
26 39 16
26 40 23
26 41 18
26 42 10
26 43 0
26 44 9
26 45 13
26 46 0
26 47 0
26 48 12
26 49 16
26 50 19
26 51 67
26 52 34
26 53 4
26 54 34
26 55 20
26 56 4
26 57 2
26 58 8
26 59 22
26 60 3
26 61 0
26 62 36
26 63 10
26 64 20
26 65 40
26 66 15
26 67 69
26 68 40
27 0 21
27 1 21
27 2 18
27 3 23
27 4 14
27 5 22
27 6 10
27 7 32
27 8 4
27 9 2
27 10 67
27 11 47
27 12 15
27 13 53
27 14 62
27 15 72
27 16 52
27 17 5
27 18 49
27 19 19
27 20 5
27 21 13
27 22 129
27 23 36
27 24 20
27 25 3
27 26 12
27 27 0
27 28 5
27 29 28
27 30 3
27 31 2
27 32 67
27 33 4
27 34 6
27 35 2
27 36 2
27 37 10
27 38 43
27 39 4
27 40 1
27 41 7
27 42 7
27 43 12
27 44 2
27 45 12
27 46 25
27 47 30
27 48 58
27 49 2
27 50 15
27 51 59
27 52 21
27 53 18
27 54 36
27 55 16
27 56 8
27 57 18
27 58 4
27 59 20
27 60 15
27 61 29
27 62 5
27 63 9
27 64 27
27 65 13
27 66 56
27 67 19
27 68 11
28 0 9
28 1 10
28 2 5
28 3 16
28 4 42
28 5 25
28 6 65
28 7 36
28 8 84
28 9 44
28 10 15
28 11 47
28 12 16
28 13 14
28 14 5
28 15 24
28 16 7
28 17 38
28 18 24
28 19 5
28 20 77
28 21 3
28 22 12
28 23 20
28 24 204
28 25 38
28 26 24
28 27 19
28 28 0
28 29 24
28 30 44
28 31 4
28 32 20
28 33 86
28 34 0
28 35 22
28 36 8
28 37 61
28 38 0
28 39 53
28 40 27
28 41 119
28 42 5
28 43 33
28 44 54
28 45 57
28 46 34
28 47 6
28 48 22
28 49 32
28 50 390
28 51 19
28 52 13
28 53 25
28 54 0
28 55 13
28 56 34
28 57 23
28 58 47
28 59 12
28 60 6
28 61 37
28 62 5
28 63 1
28 64 159
28 65 31
28 66 3
28 67 16
28 68 22
29 0 6
29 1 9
29 2 2
29 3 207
29 4 27
29 5 30
29 6 9
29 7 58
29 8 27
29 9 25
29 10 44
29 11 75
29 12 18
29 13 15
29 14 9
29 15 47
29 16 21
29 17 17
29 18 61
29 19 15
29 20 6
29 21 9
29 22 40
29 23 10
29 24 52
29 25 9
29 26 6
29 27 9
29 28 31
29 29 0
29 30 25
29 31 15
29 32 20
29 33 0
29 34 3
29 35 5
29 36 18
29 37 100
29 38 12
29 39 69
29 40 23
29 41 5
29 42 17
29 43 13
29 44 23
29 45 73
29 46 33
29 47 18
29 48 14
29 49 2
29 50 16
29 51 6
29 52 12
29 53 15
29 54 10
29 55 19
29 56 16
29 57 32
29 58 37
29 59 7
29 60 15
29 61 36
29 62 3
29 63 32
29 64 7
29 65 6
29 66 30
29 67 5
29 68 42
30 0 32
30 1 27
30 2 0
30 3 9
30 4 30
30 5 37
30 6 12
30 7 31
30 8 10
30 9 56
30 10 33
30 11 31
30 12 4
30 13 12
30 14 21
30 15 29
30 16 23
30 17 64
30 18 19
30 19 27
30 20 11
30 21 15
30 22 28
30 23 27
30 24 35
30 25 33
30 26 7
30 27 6
30 28 2
30 29 9
30 30 0
30 31 27
30 32 1
30 33 10
30 34 6
30 35 22
30 36 11
30 37 12
30 38 0
30 39 15
30 40 27
30 41 41
30 42 50
30 43 34
30 44 38
30 45 33
30 46 27
30 47 53
30 48 10
30 49 23
30 50 42
30 51 45
30 52 328
30 53 48
30 54 46
30 55 20
30 56 57
30 57 66
30 58 47
30 59 22
30 60 32
30 61 9
30 62 31
30 63 15
30 64 22
30 65 19
30 66 50
30 67 12
30 68 17
31 0 4
31 1 15
31 2 9
31 3 9
31 4 12
31 5 30
31 6 13
31 7 6
31 8 58
31 9 27
31 10 0
31 11 13
31 12 67
31 13 16
31 14 1
31 15 10
31 16 14
31 17 31
31 18 4
31 19 5
31 20 24
31 21 8
31 22 15
31 23 29
31 24 27
31 25 55
31 26 23
31 27 5
31 28 16
31 29 13
31 30 21
31 31 0
31 32 8
31 33 17
31 34 4
31 35 4
31 36 9
31 37 13
31 38 0
31 39 3
31 40 0
31 41 10
31 42 56
31 43 91
31 44 11
31 45 16
31 46 51
31 47 30
31 48 5
31 49 244
31 50 7
31 51 8
31 52 1
31 53 54
31 54 31
31 55 131
31 56 15
31 57 51
31 58 16
31 59 4
31 60 22
31 61 14
31 62 13
31 63 27
31 64 52
31 65 15
31 66 23
31 67 17
31 68 25
32 0 42
32 1 25
32 2 2
32 3 55
32 4 139
32 5 0
32 6 25
32 7 48
32 8 16
32 9 9
32 10 380
32 11 55
32 12 14
32 13 16
32 14 43
32 15 297
32 16 11
32 17 24
32 18 90
32 19 17
32 20 21
32 21 21
32 22 127
32 23 24
32 24 3
32 25 22
32 26 9
32 27 8
32 28 29
32 29 26
32 30 38
32 31 11
32 32 0
32 33 3
32 34 17
32 35 13
32 36 19
32 37 17
32 38 35
32 39 34
32 40 93
32 41 0
32 42 11
32 43 7
32 44 54
32 45 36
32 46 29
32 47 40
32 48 38
32 49 12
32 50 10
32 51 26
32 52 15
32 53 2
32 54 45
32 55 3
32 56 29
32 57 4
32 58 30
32 59 23
32 60 2
32 61 33
32 62 19
32 63 124
32 64 34
32 65 5
32 66 62
32 67 3
32 68 19
33 0 8
33 1 8
33 2 15
33 3 62
33 4 17
33 5 9
33 6 24
33 7 5
33 8 0
33 9 27
33 10 7
33 11 48
33 12 27
33 13 0
33 14 7
33 15 13
33 16 20
33 17 35
33 18 20
33 19 8
33 20 30
33 21 49
33 22 17
33 23 34
33 24 42
33 25 24
33 26 16
33 27 11
33 28 87
33 29 20
33 30 8
33 31 10
33 32 40
33 33 0
33 34 17
33 35 15
33 36 0
33 37 200
33 38 12
33 39 320
33 40 41
33 41 59
33 42 8
33 43 5
33 44 22
33 45 226
33 46 4
33 47 36
33 48 0
33 49 15
33 50 56
33 51 27
33 52 26
33 53 17
33 54 28
33 55 21
33 56 26
33 57 38
33 58 32
33 59 2
33 60 10
33 61 1
33 62 6
33 63 41
33 64 19
33 65 18
33 66 9
33 67 19
33 68 9
34 0 25
34 1 2
34 2 4
34 3 17
34 4 45
34 5 74
34 6 10
34 7 30
34 8 9
34 9 17
34 10 24
34 11 76
34 12 16
34 13 7
34 14 41
34 15 68
34 16 31
34 17 117
34 18 3
34 19 28
34 20 48
34 21 10
34 22 56
34 23 216
34 24 33
34 25 12
34 26 10
34 27 23
34 28 47
34 29 45
34 30 19
34 31 23
34 32 76
34 33 41
34 34 0
34 35 37
34 36 3
34 37 43
34 38 17
34 39 10
34 40 8
34 41 34
34 42 7
34 43 1
34 44 56
34 45 31
34 46 51
34 47 6
34 48 47
34 49 0
34 50 31
34 51 82
34 52 26
34 53 26
34 54 45
34 55 17
34 56 11
34 57 26
34 58 18
34 59 6
34 60 28
34 61 8
34 62 36
34 63 176
34 64 41
34 65 14
34 66 7
34 67 8
34 68 68
35 0 36
35 1 1
35 2 21
35 3 20
35 4 24
35 5 47
35 6 16
35 7 13
35 8 26
35 9 9
35 10 10
35 11 17
35 12 30
35 13 14
35 14 0
35 15 9
35 16 27
35 17 26
35 18 8
35 19 67
35 20 8
35 21 7
35 22 0
35 23 33
35 24 24
35 25 38
35 26 48
35 27 22
35 28 24
35 29 12
35 30 49
35 31 8
35 32 7
35 33 12
35 34 23
35 35 0
35 36 47
35 37 11
35 38 20
35 39 19
35 40 2
35 41 10
35 42 25
35 43 20
35 44 18
35 45 11
35 46 21
35 47 36
35 48 3
35 49 1
35 50 7
35 51 43
35 52 50
35 53 67
35 54 61
35 55 41
35 56 34
35 57 2
35 58 9
35 59 26
35 60 14
35 61 14
35 62 23
35 63 25
35 64 2
35 65 237
35 66 24
35 67 8
35 68 35
36 0 61
36 1 38
36 2 40
36 3 18
36 4 11
36 5 60
36 6 13
36 7 18
36 8 11
36 9 6
36 10 0
36 11 3
36 12 1
36 13 7
36 14 16
36 15 11
36 16 36
36 17 23
36 18 5
36 19 37
36 20 17
36 21 5
36 22 1
36 23 5
36 24 15
36 25 38
36 26 7
36 27 30
36 28 24
36 29 12
36 30 22
36 31 26
36 32 6
36 33 12
36 34 32
36 35 25
36 36 0
36 37 6
36 38 5
36 39 0
36 40 16
36 41 5
36 42 33
36 43 20
36 44 6
36 45 0
36 46 6
36 47 34
36 48 32
36 49 3
36 50 21
36 51 45
36 52 12
36 53 14
36 54 21
36 55 10
36 56 13
36 57 26
36 58 18
36 59 4
36 60 64
36 61 28
36 62 34
36 63 9
36 64 5
36 65 33
36 66 30
36 67 3
36 68 19
37 0 20
37 1 14
37 2 17
37 3 20
37 4 18
37 5 31
37 6 7
37 7 77
37 8 25
37 9 20
37 10 31
37 11 70
37 12 25
37 13 15
37 14 2
37 15 34
37 16 18
37 17 56
37 18 24
37 19 0
37 20 19
37 21 70
37 22 34
37 23 24
37 24 66
37 25 26
37 26 6
37 27 2
37 28 7
37 29 11
37 30 27
37 31 19
37 32 21
37 33 101
37 34 5
37 35 14
37 36 6
37 37 0
37 38 18
37 39 201
37 40 54
37 41 60
37 42 20
37 43 4
37 44 106
37 45 56
37 46 14
37 47 42
37 48 13
37 49 20
37 50 5
37 51 20
37 52 3
37 53 10
37 54 9
37 55 4
37 56 41
37 57 7
37 58 26
37 59 14
37 60 14
37 61 27
37 62 6
37 63 36
37 64 3
37 65 14
37 66 35
37 67 10
37 68 13
38 0 55
38 1 5
38 2 8
38 3 10
38 4 18
38 5 45
38 6 3
38 7 27
38 8 13
38 9 18
38 10 16
38 11 3
38 12 6
38 13 42
38 14 164
38 15 2
38 16 81
38 17 0
38 18 2
38 19 14
38 20 8
38 21 1
38 22 36
38 23 38
38 24 9
38 25 24
38 26 64
38 27 31
38 28 4
38 29 5
38 30 20
38 31 7
38 32 28
38 33 17
38 34 25
38 35 2
38 36 21
38 37 1
38 38 0
38 39 12
38 40 3
38 41 19
38 42 13
38 43 1
38 44 15
38 45 17
38 46 1
38 47 23
38 48 17
38 49 1
38 50 18
38 51 23
38 52 22
38 53 12
38 54 29
38 55 16
38 56 5
38 57 14
38 58 6
38 59 4
38 60 13
38 61 3
38 62 131
38 63 35
38 64 14
38 65 27
38 66 31
38 67 40
38 68 21
39 0 5
39 1 2
39 2 16
39 3 32
39 4 52
39 5 13
39 6 26
39 7 33
39 8 1
39 9 3
39 10 9
39 11 20
39 12 2
39 13 17
39 14 19
39 15 28
39 16 15
39 17 20
39 18 4
39 19 12
39 20 58
39 21 13
39 22 8
39 23 3
39 24 76
39 25 10
39 26 12
39 27 0
39 28 25
39 29 66
39 30 11
39 31 23
39 32 36
39 33 34
39 34 6
39 35 0
39 36 6
39 37 48
39 38 18
39 39 0
39 40 38
39 41 58
39 42 14
39 43 4
39 44 30
39 45 28
39 46 6
39 47 22
39 48 0
39 49 2
39 50 56
39 51 24
39 52 33
39 53 20
39 54 8
39 55 5
39 56 2
39 57 40
39 58 44
39 59 16
39 60 16
39 61 11
39 62 15
39 63 34
39 64 42
39 65 15
39 66 37
39 67 17
39 68 11
40 0 32
40 1 6
40 2 14
40 3 26
40 4 49
40 5 27
40 6 24
40 7 84
40 8 21
40 9 14
40 10 179
40 11 23
40 12 17
40 13 2
40 14 20
40 15 66
40 16 4
40 17 44
40 18 12
40 19 14
40 20 29
40 21 66
40 22 5
40 23 8
40 24 6
40 25 2
40 26 21
40 27 57
40 28 32
40 29 40
40 30 29
40 31 12
40 32 182
40 33 1
40 34 48
40 35 3
40 36 20
40 37 44
40 38 11
40 39 24
40 40 0
40 41 11
40 42 21
40 43 1
40 44 9
40 45 38
40 46 24
40 47 11
40 48 31
40 49 19
40 50 30
40 51 22
40 52 14
40 53 4
40 54 9
40 55 16
40 56 9
40 57 12
40 58 24
40 59 10
40 60 11
40 61 4
40 62 20
40 63 23
40 64 6
40 65 13
40 66 101
40 67 31
40 68 51
41 0 19
41 1 2
41 2 1
41 3 12
41 4 48
41 5 5
41 6 30
41 7 29
41 8 37
41 9 54
41 10 24
41 11 12
41 12 28
41 13 19
41 14 12
41 15 11
41 16 9
41 17 87
41 18 4
41 19 34
41 20 94
41 21 15
41 22 8
41 23 39
41 24 20
41 25 30
41 26 23
41 27 6
41 28 96
41 29 26
41 30 47
41 31 42
41 32 12
41 33 35
41 34 41
41 35 17
41 36 5
41 37 27
41 38 6
41 39 28
41 40 18
41 41 0
41 42 29
41 43 37
41 44 41
41 45 9
41 46 123
41 47 22
41 48 1
41 49 16
41 50 151
41 51 34
41 52 47
41 53 24
41 54 24
41 55 24
41 56 7
41 57 56
41 58 67
41 59 24
41 60 9
41 61 29
41 62 16
41 63 39
41 64 101
41 65 11
41 66 39
41 67 18
41 68 15
42 0 28
42 1 2
42 2 21
42 3 6
42 4 3
42 5 9
42 6 28
42 7 18
42 8 33
42 9 78
42 10 2
42 11 14
42 12 14
42 13 0
42 14 25
42 15 2
42 16 15
42 17 23
42 18 18
42 19 41
42 20 25
42 21 14
42 22 22
42 23 12
42 24 29
42 25 6
42 26 4
42 27 12
42 28 0
42 29 8
42 30 47
42 31 53
42 32 8
42 33 15
42 34 23
42 35 82
42 36 15
42 37 13
42 38 14
42 39 13
42 40 3
42 41 28
42 42 0
42 43 62
42 44 23
42 45 15
42 46 12
42 47 36
42 48 9
42 49 6
42 50 25
42 51 1
42 52 18
42 53 22
42 54 14
42 55 12
42 56 37
42 57 41
42 58 4
42 59 48
42 60 2
42 61 26
42 62 6
42 63 25
42 64 29
42 65 20
42 66 2
42 67 5
42 68 18
43 0 23
43 1 18
43 2 4
43 3 13
43 4 22
43 5 0
43 6 30
43 7 18
43 8 31
43 9 0
43 10 6
43 11 19
43 12 22
43 13 10
43 14 17
43 15 1
43 16 7
43 17 14
43 18 16
43 19 34
43 20 31
43 21 6
43 22 15
43 23 28
43 24 16
43 25 49
43 26 27
43 27 14
43 28 6
43 29 0
43 30 33
43 31 28
43 32 13
43 33 12
43 34 9
43 35 19
43 36 30
43 37 4
43 38 8
43 39 2
43 40 0
43 41 4
43 42 39
43 43 0
43 44 2
43 45 2
43 46 40
43 47 18
43 48 4
43 49 96
43 50 23
43 51 22
43 52 1
43 53 33
43 54 5
43 55 46
43 56 25
43 57 7
43 58 27
43 59 42
43 60 32
43 61 18
43 62 13
43 63 22
43 64 34
43 65 12
43 66 1
43 67 12
43 68 12
44 0 1
44 1 16
44 2 16
44 3 154
44 4 58
44 5 14
44 6 2
44 7 112
44 8 28
44 9 31
44 10 34
44 11 157
44 12 14
44 13 19
44 14 9
44 15 45
44 16 20
44 17 22
44 18 60
44 19 15
44 20 9
44 21 195
44 22 6
44 23 1
44 24 38
44 25 1
44 26 27
44 27 10
44 28 10
44 29 121
44 30 18
44 31 16
44 32 62
44 33 27
44 34 51
44 35 2
44 36 16
44 37 175
44 38 15
44 39 17
44 40 25
44 41 32
44 42 2
44 43 22
44 44 0
44 45 79
44 46 29
44 47 61
44 48 27
44 49 15
44 50 22
44 51 16
44 52 0
44 53 19
44 54 1
44 55 21
44 56 4
44 57 38
44 58 35
44 59 17
44 60 2
44 61 11
44 62 2
44 63 76
44 64 48
44 65 15
44 66 58
44 67 1
44 68 7
45 0 8
45 1 1
45 2 11
45 3 71
45 4 43
45 5 15
45 6 43
45 7 13
45 8 13
45 9 33
45 10 24
45 11 11
45 12 8
45 13 19
45 14 15
45 15 16
45 16 20
45 17 61
45 18 1
45 19 8
45 20 63
45 21 44
45 22 24
45 23 43
45 24 25
45 25 15
45 26 7
45 27 14
45 28 87
45 29 46
45 30 3
45 31 24
45 32 8
45 33 19
45 34 40
45 35 8
45 36 19
45 37 125
45 38 5
45 39 112
45 40 38
45 41 23
45 42 14
45 43 12
45 44 5
45 45 0
45 46 49
45 47 1
45 48 9
45 49 9
45 50 83
45 51 32
45 52 24
45 53 28
45 54 6
45 55 16
45 56 22
45 57 13
45 58 38
45 59 10
45 60 20
45 61 32
45 62 6
45 63 43
45 64 47
45 65 2
45 66 44
45 67 13
45 68 19
46 0 28
46 1 1
46 2 11
46 3 30
46 4 15
46 5 26
46 6 78
46 7 27
46 8 43
46 9 32
46 10 31
46 11 32
46 12 23
46 13 17
46 14 9
46 15 3
46 16 9
46 17 59
46 18 25
46 19 5
46 20 66
46 21 18
46 22 32
46 23 58
46 24 34
46 25 78
46 26 16
46 27 27
46 28 18
46 29 30
46 30 55
46 31 7
46 32 9
46 33 21
46 34 48
46 35 14
46 36 8
46 37 36
46 38 17
46 39 14
46 40 16
46 41 89
46 42 47
46 43 45
46 44 13
46 45 28
46 46 0
46 47 9
46 48 13
46 49 5
46 50 22
46 51 11
46 52 18
46 53 37
46 54 30
46 55 32
46 56 59
46 57 304
46 58 3
46 59 24
46 60 20
46 61 47
46 62 15
46 63 1
46 64 81
46 65 13
46 66 24
46 67 22
46 68 16
47 0 5
47 1 12
47 2 42
47 3 43
47 4 58
47 5 80
47 6 31
47 7 61
47 8 1
47 9 49
47 10 15
47 11 31
47 12 13
47 13 13
47 14 2
47 15 51
47 16 5
47 17 165
47 18 72
47 19 3
47 20 57
47 21 51
47 22 31
47 23 142
47 24 7
47 25 4
47 26 22
47 27 21
47 28 17
47 29 21
47 30 47
47 31 11
47 32 43
47 33 23
47 34 167
47 35 6
47 36 4
47 37 26
47 38 27
47 39 3
47 40 37
47 41 50
47 42 28
47 43 13
47 44 64
47 45 13
47 46 52
47 47 0
47 48 12
47 49 10
47 50 18
47 51 60
47 52 5
47 53 7
47 54 20
47 55 19
47 56 36
47 57 57
47 58 49
47 59 26
47 60 20
47 61 48
47 62 26
47 63 67
47 64 70
47 65 12
47 66 84
47 67 9
47 68 58
48 0 42
48 1 18
48 2 70
48 3 19
48 4 10
48 5 17
48 6 18
48 7 34
48 8 13
48 9 31
48 10 36
48 11 6
48 12 18
48 13 4
48 14 61
48 15 46
48 16 70
48 17 31
48 18 42
48 19 13
48 20 17
48 21 22
48 22 33
48 23 19
48 24 15
48 25 34
48 26 47
48 27 19
48 28 27
48 29 17
48 30 5
48 31 4
48 32 12
48 33 21
48 34 36
48 35 24
48 36 32
48 37 2
48 38 56
48 39 20
48 40 26
48 41 16
48 42 13
48 43 10
48 44 18
48 45 5
48 46 13
48 47 49
48 48 0
48 49 4
48 50 16
48 51 94
48 52 43
48 53 34
48 54 50
48 55 11
48 56 29
48 57 25
48 58 24
48 59 13
48 60 7
48 61 96
48 62 82
48 63 37
48 64 12
48 65 38
48 66 30
48 67 122
48 68 10
49 0 8
49 1 3
49 2 3
49 3 11
49 4 8
49 5 11
49 6 64
49 7 6
49 8 55
49 9 7
49 10 5
49 11 8
49 12 34
49 13 14
49 14 17
49 15 8
49 16 14
49 17 2
49 18 7
49 19 74
49 20 24
49 21 3
49 22 6
49 23 27
49 24 11
49 25 56
49 26 4
49 27 1
49 28 16
49 29 3
49 30 2
49 31 116
49 32 12
49 33 2
49 34 17
49 35 24
49 36 14
49 37 12
49 38 18
49 39 19
49 40 17
49 41 27
49 42 46
49 43 1
49 44 6
49 45 8
49 46 1
49 47 22
49 48 3
49 49 0
49 50 6
49 51 25
49 52 22
49 53 9
49 54 19
49 55 233
49 56 39
49 57 34
49 58 23
49 59 3
49 60 31
49 61 20
49 62 13
49 63 16
49 64 41
49 65 34
49 66 21
49 67 0
49 68 24
50 0 3
50 1 3
50 2 15
50 3 21
50 4 24
50 5 34
50 6 76
50 7 44
50 8 74
50 9 14
50 10 5
50 11 44
50 12 39
50 13 17
50 14 6
50 15 1
50 16 5
50 17 41
50 18 3
50 19 16
50 20 96
50 21 20
50 22 9
50 23 37
50 24 68
50 25 35
50 26 3
50 27 9
50 28 79
50 29 27
50 30 12
50 31 22
50 32 32
50 33 45
50 34 43
50 35 27
50 36 4
50 37 58
50 38 9
50 39 22
50 40 34
50 41 44
50 42 6
50 43 12
50 44 48
50 45 33
50 46 51
50 47 9
50 48 25
50 49 29
50 50 0
50 51 1
50 52 14
50 53 9
50 54 19
50 55 1
50 56 87
50 57 67
50 58 58
50 59 9
50 60 0
50 61 27
50 62 1
50 63 2
50 64 152
50 65 25
50 66 43
50 67 8
50 68 18
51 0 73
51 1 55
51 2 21
51 3 26
51 4 37
51 5 200
51 6 31
51 7 38
51 8 17
51 9 19
51 10 36
51 11 32
51 12 8
51 13 29
51 14 62
51 15 43
51 16 36
51 17 38
51 18 29
51 19 15
51 20 22
51 21 16
51 22 17
51 23 9
51 24 12
51 25 6
51 26 83
51 27 22
51 28 29
51 29 26
51 30 40
51 31 24
51 32 57
51 33 18
51 34 68
51 35 23
51 36 27
51 37 9
51 38 45
51 39 16
51 40 43
51 41 36
51 42 2
51 43 1
51 44 21
51 45 5
51 46 41
51 47 4
51 48 89
51 49 6
51 50 2
51 51 0
51 52 58
51 53 17
51 54 80
51 55 2
51 56 18
51 57 0
51 58 2
51 59 13
51 60 10
51 61 10
51 62 31
51 63 9
51 64 10
51 65 37
51 66 2
51 67 29
51 68 9
52 0 8
52 1 32
52 2 31
52 3 11
52 4 7
52 5 96
52 6 55
52 7 25
52 8 4
52 9 28
52 10 9
52 11 17
52 12 39
52 13 14
52 14 29
52 15 14
52 16 1
52 17 81
52 18 3
52 19 47
52 20 36
52 21 34
52 22 5
52 23 19
52 24 43
52 25 20
52 26 10
52 27 18
52 28 39
52 29 11
52 30 301
52 31 32
52 32 7
52 33 23
52 34 65
52 35 9
52 36 28
52 37 26
52 38 0
52 39 14
52 40 3
52 41 52
52 42 11
52 43 27
52 44 19
52 45 2
52 46 39
52 47 13
52 48 36
52 49 0
52 50 47
52 51 63
52 52 0
52 53 28
52 54 24
52 55 45
52 56 39
52 57 9
52 58 46
52 59 16
52 60 34
52 61 54
52 62 1
52 63 12
52 64 55
52 65 69
52 66 55
52 67 38
52 68 52
53 0 4
53 1 19
53 2 40
53 3 15
53 4 10
53 5 39
53 6 52
53 7 25
53 8 35
53 9 33
53 10 16
53 11 3
53 12 30
53 13 7
53 14 8
53 15 12
53 16 15
53 17 32
53 18 0
53 19 36
53 20 30
53 21 3
53 22 19
53 23 26
53 24 17
53 25 80
53 26 12
53 27 3
53 28 22
53 29 4
53 30 105
53 31 4
53 32 27
53 33 24
53 34 9
53 35 112
53 36 11
53 37 9
53 38 5
53 39 4
53 40 26
53 41 4
53 42 97
53 43 13
53 44 13
53 45 11
53 46 40
53 47 12
53 48 9
53 49 25
53 50 12
53 51 1
53 52 73
53 53 0
53 54 29
53 55 31
53 56 29
53 57 24
53 58 25
53 59 21
53 60 33
53 61 1
53 62 0
53 63 17
53 64 45
53 65 126
53 66 26
53 67 28
53 68 38
54 0 93
54 1 38
54 2 31
54 3 12
54 4 29
54 5 49
54 6 20
54 7 33
54 8 16
54 9 47
54 10 22
54 11 3
54 12 5
54 13 10
54 14 47
54 15 11
54 16 10
54 17 35
54 18 38
54 19 35
54 20 5
54 21 19
54 22 12
54 23 41
54 24 32
54 25 2
54 26 7
54 27 14
54 28 3
54 29 9
54 30 30
54 31 12
54 32 39
54 33 7
54 34 51
54 35 10
54 36 0
54 37 27
54 38 22
54 39 11
54 40 18
54 41 34
54 42 12
54 43 12
54 44 2
54 45 9
54 46 56
54 47 65
54 48 68
54 49 32
54 50 12
54 51 86
54 52 104
54 53 65
54 54 0
54 55 23
54 56 33
54 57 37
54 58 23
54 59 16
54 60 10
54 61 38
54 62 1
54 63 33
54 64 3
54 65 11
54 66 35
54 67 60
54 68 4
55 0 2
55 1 21
55 2 16
55 3 9
55 4 2
55 5 4
55 6 41
55 7 22
55 8 8
55 9 98
55 10 13
55 11 22
55 12 18
55 13 18
55 14 2
55 15 21
55 16 10
55 17 7
55 18 23
55 19 84
55 20 7
55 21 22
55 22 13
55 23 22
55 24 25
55 25 27
55 26 22
55 27 2
55 28 21
55 29 16
55 30 46
55 31 398
55 32 15
55 33 22
55 34 27
55 35 1
55 36 20
55 37 21
55 38 11
55 39 19
55 40 1
55 41 26
55 42 11
55 43 131
55 44 21
55 45 19
55 46 40
55 47 26
55 48 22
55 49 545
55 50 18
55 51 27
55 52 18
55 53 18
55 54 11
55 55 0
55 56 26
55 57 10
55 58 19
55 59 21
55 60 29
55 61 17
55 62 13
55 63 26
55 64 28
55 65 30
55 66 4
55 67 9
55 68 20
56 0 17
56 1 20
56 2 20
56 3 6
56 4 1
56 5 31
56 6 62
56 7 19
56 8 182
56 9 58
56 10 2
56 11 21
56 12 37
56 13 14
56 14 16
56 15 13
56 16 11
56 17 26
56 18 28
56 19 12
56 20 7
56 21 16
56 22 12
56 23 29
56 24 0
56 25 53
56 26 24
56 27 3
56 28 68
56 29 4
56 30 72
56 31 61
56 32 30
56 33 26
56 34 2
56 35 39
56 36 11
56 37 29
56 38 21
56 39 30
56 40 10
56 41 65
56 42 21
56 43 17
56 44 8
56 45 18
56 46 61
56 47 31
56 48 0
56 49 11
56 50 20
56 51 6
56 52 49
56 53 3
56 54 31
56 55 22
56 56 0
56 57 152
56 58 10
56 59 0
56 60 7
56 61 18
56 62 10
56 63 16
56 64 88
56 65 2
56 66 16
56 67 1
56 68 4
57 0 33
57 1 6
57 2 30
57 3 30
57 4 26
57 5 34
57 6 108
57 7 34
57 8 4
57 9 6
57 10 19
57 11 3
57 12 57
57 13 10
57 14 27
57 15 29
57 16 23
57 17 28
57 18 32
57 19 24
57 20 2
57 21 9
57 22 6
57 23 22
57 24 79
57 25 70
57 26 29
57 27 26
57 28 13
57 29 3
57 30 17
57 31 22
57 32 29
57 33 34
57 34 33
57 35 20
57 36 23
57 37 1
57 38 9
57 39 33
57 40 5
57 41 72
57 42 37
57 43 31
57 44 1
57 45 3
57 46 441
57 47 4
57 48 5
57 49 3
57 50 40
57 51 36
57 52 91
57 53 21
57 54 8
57 55 57
57 56 116
57 57 0
57 58 16
57 59 16
57 60 9
57 61 31
57 62 13
57 63 6
57 64 156
57 65 39
57 66 36
57 67 21
57 68 24
58 0 27
58 1 4
58 2 0
58 3 18
58 4 7
58 5 31
58 6 86
58 7 23
58 8 184
58 9 48
58 10 27
58 11 32
58 12 21
58 13 13
58 14 12
58 15 22
58 16 12
58 17 45
58 18 34
58 19 10
58 20 15
58 21 6
58 22 12
58 23 8
58 24 124
58 25 46
58 26 15
58 27 7
58 28 188
58 29 8
58 30 35
58 31 42
58 32 27
58 33 33
58 34 3
58 35 23
58 36 23
58 37 44
58 38 6
58 39 33
58 40 27
58 41 6
58 42 2
58 43 9
58 44 50
58 45 70
58 46 9
58 47 5
58 48 14
58 49 18
58 50 39
58 51 3
58 52 40
58 53 1
58 54 10
58 55 4
58 56 97
58 57 21
58 58 0
58 59 15
58 60 0
58 61 6
58 62 19
58 63 8
58 64 11
58 65 18
58 66 6
58 67 8
58 68 31
59 0 13
59 1 47
59 2 31
59 3 12
59 4 13
59 5 36
59 6 15
59 7 11
59 8 23
59 9 36
59 10 24
59 11 8
59 12 18
59 13 23
59 14 28
59 15 22
59 16 11
59 17 12
59 18 23
59 19 27
59 20 21
59 21 3
59 22 17
59 23 32
59 24 8
59 25 6
59 26 6
59 27 11
59 28 24
59 29 10
59 30 11
59 31 17
59 32 8
59 33 16
59 34 28
59 35 3
59 36 66
59 37 7
59 38 6
59 39 2
59 40 22
59 41 11
59 42 5
59 43 18
59 44 21
59 45 4
59 46 24
59 47 10
59 48 21
59 49 24
59 50 25
59 51 19
59 52 44
59 53 63
59 54 48
59 55 9
59 56 25
59 57 13
59 58 13
59 59 0
59 60 189
59 61 14
59 62 18
59 63 7
59 64 2
59 65 4
59 66 23
59 67 9
59 68 11
60 0 43
60 1 24
60 2 9
60 3 3
60 4 13
60 5 22
60 6 1
60 7 12
60 8 18
60 9 16
60 10 15
60 11 6
60 12 11
60 13 6
60 14 34
60 15 12
60 16 15
60 17 27
60 18 12
60 19 33
60 20 27
60 21 7
60 22 20
60 23 7
60 24 6
60 25 47
60 26 20
60 27 26
60 28 3
60 29 3
60 30 33
60 31 27
60 32 2
60 33 9
60 34 16
60 35 37
60 36 42
60 37 0
60 38 31
60 39 14
60 40 12
60 41 25
60 42 27
60 43 29
60 44 7
60 45 6
60 46 4
60 47 20
60 48 24
60 49 7
60 50 21
60 51 20
60 52 21
60 53 40
60 54 15
60 55 11
60 56 29
60 57 0
60 58 18
60 59 85
60 60 0
60 61 9
60 62 14
60 63 28
60 64 9
60 65 19
60 66 25
60 67 41
60 68 14
61 0 81
61 1 44
61 2 41
61 3 20
61 4 64
61 5 67
61 6 18
61 7 41
61 8 32
61 9 3
61 10 62
61 11 54
61 12 12
61 13 19
61 14 51
61 15 62
61 16 53
61 17 64
61 18 62
61 19 22
61 20 50
61 21 15
61 22 30
61 23 8
61 24 13
61 25 11
61 26 10
61 27 65
61 28 2
61 29 20
61 30 12
61 31 10
61 32 30
61 33 29
61 34 40
61 35 32
61 36 21
61 37 32
61 38 13
61 39 12
61 40 38
61 41 9
61 42 4
61 43 0
61 44 12
61 45 8
61 46 4
61 47 91
61 48 80
61 49 5
61 50 0
61 51 24
61 52 17
61 53 0
61 54 63
61 55 10
61 56 28
61 57 41
61 58 12
61 59 21
61 60 1
61 61 0
61 62 2
61 63 13
61 64 7
61 65 15
61 66 35
61 67 23
61 68 178
62 0 46
62 1 3
62 2 26
62 3 22
62 4 30
62 5 47
62 6 20
62 7 3
62 8 6
62 9 1
62 10 40
62 11 5
62 12 13
62 13 188
62 14 127
62 15 22
62 16 105
62 17 0
62 18 14
62 19 10
62 20 8
62 21 7
62 22 30
62 23 1
62 24 21
62 25 10
62 26 58
62 27 21
62 28 21
62 29 6
62 30 19
62 31 9
62 32 29
62 33 3
62 34 40
62 35 24
62 36 22
62 37 4
62 38 239
62 39 1
62 40 13
62 41 4
62 42 23
62 43 15
62 44 7
62 45 19
62 46 19
62 47 23
62 48 61
62 49 13
62 50 2
62 51 59
62 52 21
62 53 0
62 54 5
62 55 6
62 56 11
62 57 11
62 58 11
62 59 5
62 60 17
62 61 47
62 62 0
62 63 37
62 64 17
62 65 21
62 66 26
62 67 64
62 68 23
63 0 5
63 1 22
63 2 12
63 3 15
63 4 71
63 5 55
63 6 3
63 7 24
63 8 22
63 9 26
63 10 0
63 11 73
63 12 0
63 13 0
63 14 4
63 15 18
63 16 32
63 17 58
63 18 142
63 19 17
63 20 32
63 21 36
63 22 10
63 23 20
63 24 49
63 25 15
63 26 25
63 27 59
63 28 29
63 29 25
63 30 28
63 31 11
63 32 87
63 33 0
63 34 37
63 35 21
63 36 23
63 37 18
63 38 4
63 39 15
63 40 40
63 41 26
63 42 12
63 43 14
63 44 45
63 45 34
63 46 36
63 47 31
63 48 32
63 49 1
63 50 10
63 51 2
63 52 55
63 53 25
63 54 50
63 55 15
63 56 16
63 57 7
63 58 29
63 59 27
63 60 21
63 61 5
63 62 17
63 63 0
63 64 46
63 65 27
63 66 141
63 67 10
63 68 113
64 0 15
64 1 20
64 2 23
64 3 21
64 4 25
64 5 26
64 6 100
64 7 14
64 8 123
64 9 59
64 10 8
64 11 40
64 12 24
64 13 4
64 14 15
64 15 32
64 16 3
64 17 51
64 18 33
64 19 15
64 20 15
64 21 27
64 22 28
64 23 33
64 24 67
64 25 13
64 26 29
64 27 8
64 28 22
64 29 15
64 30 47
64 31 39
64 32 8
64 33 29
64 34 17
64 35 29
64 36 24
64 37 0
64 38 6
64 39 36
64 40 14
64 41 309
64 42 10
64 43 24
64 44 23
64 45 20
64 46 70
64 47 32
64 48 29
64 49 20
64 50 167
64 51 16
64 52 39
64 53 34
64 54 19
64 55 49
64 56 51
64 57 6
64 58 148
64 59 26
64 60 5
64 61 5
64 62 18
64 63 39
64 64 0
64 65 4
64 66 31
64 67 24
64 68 35
65 0 23
65 1 28
65 2 3
65 3 5
65 4 17
65 5 40
65 6 40
65 7 22
65 8 31
65 9 28
65 10 16
65 11 27
65 12 12
65 13 7
65 14 5
65 15 12
65 16 11
65 17 23
65 18 19
65 19 41
65 20 37
65 21 14
65 22 6
65 23 4
65 24 31
65 25 79
65 26 42
65 27 15
65 28 13
65 29 1
65 30 27
65 31 36
65 32 10
65 33 4
65 34 19
65 35 204
65 36 37
65 37 19
65 38 21
65 39 19
65 40 25
65 41 28
65 42 39
65 43 59
65 44 2
65 45 25
65 46 11
65 47 17
65 48 0
65 49 38
65 50 25
65 51 12
65 52 63
65 53 209
65 54 34
65 55 15
65 56 11
65 57 43
65 58 12
65 59 14
65 60 48
65 61 8
65 62 22
65 63 29
65 64 6
65 65 0
65 66 28
65 67 31
65 68 7
66 0 12
66 1 23
66 2 21
66 3 30
66 4 102
66 5 40
66 6 15
66 7 110
66 8 28
66 9 2
66 10 113
66 11 96
66 12 23
66 13 15
66 14 24
66 15 12
66 16 20
66 17 11
66 18 81
66 19 14
66 20 45
66 21 0
66 22 59
66 23 117
66 24 50
66 25 24
66 26 29
66 27 46
66 28 24
66 29 45
66 30 51
66 31 23
66 32 110
66 33 50
66 34 109
66 35 14
66 36 21
66 37 64
66 38 28
66 39 38
66 40 96
66 41 15
66 42 23
66 43 25
66 44 69
66 45 35
66 46 3
66 47 29
66 48 16
66 49 0
66 50 5
66 51 50
66 52 17
66 53 33
66 54 50
66 55 3
66 56 13
66 57 28
66 58 12
66 59 18
66 60 25
66 61 59
66 62 3
66 63 219
66 64 16
66 65 16
66 66 0
66 67 9
66 68 62
67 0 76
67 1 56
67 2 61
67 3 4
67 4 17
67 5 5
67 6 8
67 7 28
67 8 22
67 9 26
67 10 13
67 11 2
67 12 0
67 13 58
67 14 30
67 15 22
67 16 43
67 17 33
67 18 18
67 19 4
67 20 20
67 21 10
67 22 13
67 23 13
67 24 7
67 25 22
67 26 48
67 27 2
67 28 15
67 29 5
67 30 14
67 31 3
67 32 19
67 33 18
67 34 42
67 35 39
67 36 59
67 37 23
67 38 13
67 39 6
67 40 5
67 41 11
67 42 13
67 43 3
67 44 19
67 45 6
67 46 31
67 47 31
67 48 86
67 49 1
67 50 0
67 51 75
67 52 17
67 53 20
67 54 30
67 55 5
67 56 11
67 57 24
67 58 5
67 59 33
67 60 17
67 61 59
67 62 2
67 63 15
67 64 8
67 65 33
67 66 29
67 67 0
67 68 36
68 0 46
68 1 14
68 2 44
68 3 33
68 4 20
68 5 1
68 6 2
68 7 42
68 8 22
68 9 25
68 10 84
68 11 9
68 12 7
68 13 9
68 14 24
68 15 27
68 16 43
68 17 9
68 18 22
68 19 26
68 20 47
68 21 49
68 22 86
68 23 49
68 24 8
68 25 7
68 26 55
68 27 11
68 28 35
68 29 2
68 30 4
68 31 12
68 32 55
68 33 19
68 34 142
68 35 8
68 36 22
68 37 21
68 38 1
68 39 34
68 40 64
68 41 16
68 42 8
68 43 20
68 44 35
68 45 23
68 46 14
68 47 91
68 48 30
68 49 21
68 50 6
68 51 59
68 52 13
68 53 24
68 54 57
68 55 24
68 56 1
68 57 7
68 58 0
68 59 4
68 60 27
68 61 182
68 62 23
68 63 158
68 64 1
68 65 15
68 66 109
68 67 11
68 68 0
