#So luong nut la la
72
#Toa do cac nut
4.526877237051643 7.367048699564054 0.0
6.642425122808158 9.792371704642846 0.0
19.667347389385768 11.333958375129704 0.0
2.777349927008405 8.814464936162578 0.0
14.326020891798704 4.325997898532234 0.0
17.896162792399405 6.462716082229292 0.0
3.885565564199915 4.227606039730727 0.0
5.9111863196452 2.162649002917801 0.0
7.6542472762662666 8.730864352229212 0.0
16.12221746930414 16.93174239823404 0.0
0.9246759551391501 5.195579461494253 0.0
2.2133888066628966 3.6245002060070908 0.0
11.728034732361756 2.388991999612358 0.0
5.1171869909019625 5.286451508322459 0.0
17.057041378652357 12.817711316094995 0.0
18.514047041455992 16.127034991045864 0.0
6.675434677341514 16.79307838404191 0.0
19.959612888691247 0.19871650163822863 0.0
9.46215948910271 11.72506462352496 0.0
7.41291996419749 18.429117226348204 0.0
10.477547135258028 16.66770057370904 0.0
4.442096206994323 0.552024120859625 0.0
11.569144214118984 18.162478608899598 0.0
1.2084643593172044 18.242805387410556 0.0
8.884200539059837 0.8346087710335965 0.0
13.747469176722666 10.227086860953623 0.0
10.614860211691285 12.1677440838532 0.0
9.693983864335108 12.253318494263532 0.0
5.367033468399692 1.9629709038878733 0.0
11.050609563133044 6.323466769437507 0.0
17.259635440009447 0.018052725568385997 0.0
8.230643295055467 16.634389249895783 0.0
2.199960410539038 0.09267761027076438 0.0
0.34534444471515324 6.72279157627988 0.0
11.176293119579043 5.969374574385692 0.0
5.609367311923747 4.5811885252403535 0.0
7.132570118533107 14.08417807471344 0.0
13.724561794467979 3.676324492943154 0.0
6.43473388336148 2.317169620965909 0.0
19.939330016670073 4.862999752175998 0.0
7.764878063134715 0.890453129112808 0.0
17.782013577542482 16.974800474046514 0.0
5.747569578114956 7.094992351559183 0.0
7.194075964253075 13.202309866594216 0.0
13.017631213520902 19.450119067382367 0.0
15.497605603887507 6.637273033714524 0.0
0.017877006225624603 0.6633354282315935 0.0
1.0893327214228834 6.710472201169951 0.0
10.888935872615397 18.920375544287474 0.0
8.624518598493774 11.524384929786555 0.0
12.967886312789474 7.146363486714199 0.0
11.227930084269714 16.86975548174973 0.0
15.967906904957841 18.823499048636066 0.0
18.098982263056108 9.66892356868287 0.0
2.4140564527240547 11.977918421177312 0.0
4.178573362441262 8.431339891160345 0.0
19.38067532489021 18.947363483469427 0.0
12.455080298838665 4.479503335978131 0.0
2.673549675910029 1.9195583874400732 0.0
19.93905232700813 7.679705765386225 0.0
3.080172986679206 5.633123018641872 0.0
14.79923491942805 0.20981388420999725 0.0
0.2835273547149427 17.82633055962639 0.0
9.390911407996292 3.2763108227429094 0.0
5.519495490193229 16.875539393590373 0.0
11.46013038524026 9.153434646151453 0.0
13.587690131297997 5.258428825259811 0.0
4.56980201270582 2.53368472590705 0.0
17.552303595339655 13.478342195497184 0.0
14.553608910472041 11.102625948974696 0.0
7.3792378998910335 19.379719097033846 0.0
12.170881094641427 0.8689210635438603 0.0
#Ma tran yeu cau D
#source_index dest_index bw don vi Mbps
54 29 12
19 60 5
40 68 5
1 13 55
27 13 58
32 48 3
23 39 46
54 53 55
40 44 13
70 21 19
53 10 1
38 6 29
52 55 30
15 34 58
67 56 9
55 21 62
19 63 21
65 4 40
21 36 32
21 17 14
15 39 3
42 11 22
41 20 15
40 67 53
57 22 38
6 25 26
35 58 11
22 31 24
23 65 46
31 22 38
32 39 24
29 24 50
9 2 42
4 44 60
70 57 63
63 27 23
9 56 52
66 34 60
40 4 27
45 17 24
55 59 41
15 14 36
63 17 2
38 52 36
57 69 10
57 1 54
24 16 55
7 4 49
18 43 27
17 39 46
38 50 44
53 51 55
54 40 52
54 35 34
31 32 1
21 52 55
71 52 62
18 5 43
30 23 8
51 54 50
3 58 56
57 8 1
66 62 56
11 9 16
38 19 32
71 58 2
42 71 42
61 22 63
20 13 53
57 40 39
70 11 20
54 12 34
69 35 23
32 10 53
67 53 47
49 38 43
3 10 63
65 31 27
20 12 54
56 1 7
52 65 51
40 12 55
11 39 32
28 59 24
19 16 31
60 65 31
9 34 2
59 0 57
62 36 19
46 36 52
26 24 54
69 67 19
8 55 46
52 5 52
11 15 31
11 19 21
4 39 45
26 47 23
57 32 25
12 16 16
11 1 54
15 66 63
3 68 10
50 31 43
12 13 61
30 65 21
25 17 22
3 33 55
57 62 23
43 29 48
22 65 33
45 30 8
41 35 47
55 18 44
69 50 43
7 8 39
38 58 13
42 30 31
26 4 31
31 52 6
23 1 1
39 34 50
40 47 17
32 56 55
3 31 63
63 67 27
25 24 34
39 8 5
19 65 59
14 17 37
53 29 7
30 48 14
33 27 9
7 24 49
59 39 63
64 65 62
28 1 56
55 68 60
32 18 1
35 0 3
32 71 32
59 19 35
24 20 29
70 66 45
14 36 59
54 62 5
9 69 50
25 26 38
22 23 55
12 31 14
45 71 61
12 7 45
5 6 5
21 71 55
35 67 44
64 27 17
11 35 28
9 32 30
70 2 8
68 24 46
3 48 49
47 41 55
30 13 62
32 27 22
4 10 16
23 15 20
46 19 20
16 3 31
65 63 18
41 62 45
69 60 20
14 19 57
47 12 23
58 46 33
28 2 11
66 2 47
16 70 46
17 7 60
24 34 62
47 26 52
36 31 11
71 5 43
31 54 8
19 64 58
61 17 34
35 68 57
8 40 63
14 54 1
67 54 2
0 38 41
32 5 22
36 61 49
44 34 38
51 13 20
56 43 40
6 54 44
48 43 35
68 64 58
50 38 55
34 54 38
7 47 9
53 5 5
62 31 32
20 70 50
8 12 26
11 48 32
66 17 48
54 24 46
41 70 30
36 6 33
24 46 18
36 8 36
55 9 34
66 23 2
13 22 29
42 7 27
21 11 46
15 63 25
58 13 50
25 67 26
64 45 7
54 52 8
35 52 30
5 36 40
8 30 61
71 0 24
3 56 49
57 45 23
40 24 15
27 51 37
8 66 38
47 52 33
23 46 2
20 65 61
5 22 23
55 71 18
12 6 59
13 44 51
36 22 48
40 26 32
34 64 48
39 33 11
24 60 31
57 46 16
21 30 17
19 35 38
0 16 62
61 21 2
53 11 16
19 6 62
11 50 38
67 36 2
66 9 7
54 56 6
43 34 10
48 45 8
45 27 13
47 58 46
4 57 28
9 42 14
14 0 53
9 52 46
32 69 19
69 62 60
19 28 31
49 16 63
18 34 49
3 42 16
34 10 62
19 34 59
44 32 5
24 7 47
38 56 26
29 61 7
34 58 22
37 0 56
19 29 22
8 35 10
42 21 44
22 53 40
17 56 27
31 30 29
71 18 9
62 47 48
38 35 23
5 64 36
63 19 43
11 41 17
63 0 22
46 47 38
56 0 49
34 38 55
16 48 14
59 48 59
60 11 14
1 48 43
50 66 26
38 7 47
54 30 16
20 3 58
41 1 13
20 30 15
55 57 18
57 66 39
16 38 31
29 51 30
0 34 20
70 9 47
28 35 20
66 50 56
9 25 20
31 33 49
43 26 9
57 56 50
26 44 28
0 51 40
13 43 11
21 8 13
5 43 62
60 61 22
16 11 59
51 27 62
25 31 27
69 70 19
56 64 6
32 44 47
6 9 17
28 32 37
58 24 4
21 53 31
37 55 45
27 68 43
1 62 30
36 50 24
22 56 8
26 57 4
14 40 3
20 36 21
34 63 3
2 58 2
33 41 49
52 70 40
39 22 25
42 37 35
33 0 41
68 28 45
43 42 12
46 70 44
52 59 61
67 1 50
0 48 47
4 42 8
26 45 6
49 47 28
21 2 62
50 60 14
29 54 10
28 50 63
56 22 43
52 25 60
28 12 58
52 9 45
25 62 55
38 57 5
62 18 9
16 55 11
56 42 33
38 71 21
50 59 34
54 37 2
44 20 27
32 19 40
61 44 20
58 34 18
19 4 26
12 50 39
56 8 40
6 44 31
65 70 37
33 40 52
57 71 37
35 3 13
58 51 24
32 33 42
38 43 40
47 30 39
69 54 51
49 58 53
58 65 63
58 28 40
62 14 8
1 24 8
68 71 59
54 46 48
55 54 40
64 10 60
52 0 15
4 56 10
49 11 43
0 15 34
8 37 55
62 68 3
16 17 23
16 32 20
25 0 36
33 38 31
31 12 48
49 40 28
19 59 40
33 15 5
20 26 12
60 69 27
49 36 52
13 16 42
38 1 11
26 30 41
62 65 14
1 58 30
60 2 59
39 14 13
32 53 20
43 46 27
28 34 57
44 56 63
69 17 23
34 61 21
26 6 45
65 34 26
31 16 16
52 53 21
65 21 31
29 71 17
40 27 38
25 27 32
60 52 31
15 7 2
4 34 50
55 23 51
48 6 40
32 31 38
69 12 54
32 54 5
48 23 18
58 70 17
24 57 54
20 31 15
41 66 58
65 0 11
64 40 2
38 15 23
57 50 1
21 22 29
37 36 2
11 58 29
31 41 63
2 36 51
68 20 58
23 60 4
42 14 61
39 30 60
35 5 26
9 43 42
15 57 56
3 12 47
23 42 21
30 8 24
15 10 16
52 30 63
6 42 18
19 17 14
5 60 41
13 36 34
40 17 8
20 37 17
58 6 23
7 50 35
29 66 20
3 44 33
61 3 48
71 61 7
71 64 36
17 27 63
5 41 53
68 6 52
22 45 10
65 13 52
37 12 37
17 31 27
3 34 39
27 42 61
40 58 28
34 0 11
15 1 47
25 19 23
44 27 13
67 6 1
13 23 47
27 28 29
51 25 19
44 52 15
5 50 35
7 15 13
66 38 44
34 5 37
26 7 56
36 41 42
36 59 59
33 12 17
42 47 52
53 8 17
19 1 7
64 2 19
30 60 7
0 10 16
50 20 12
57 63 21
15 48 36
18 16 42
5 27 1
20 43 19
53 62 14
57 21 45
9 30 14
30 38 55
49 21 25
23 57 7
6 61 44
18 70 16
4 14 29
66 39 47
42 6 30
59 66 21
47 69 7
35 21 3
71 57 31
70 71 1
21 46 7
35 6 27
8 23 23
37 7 37
18 61 15
32 17 60
5 37 62
71 55 44
41 9 23
14 4 16
68 22 63
24 33 54
40 14 49
30 45 61
7 64 1
19 0 31
55 46 11
13 38 52
0 70 63
53 71 32
50 28 57
52 28 16
54 7 32
25 37 18
39 60 32
52 36 42
69 42 9
34 57 62
38 64 2
15 58 55
32 65 48
36 1 15
20 21 35
1 4 1
44 28 2
1 52 36
54 19 59
7 39 42
2 43 13
55 6 36
27 38 4
8 57 24
47 28 11
69 57 30
37 54 42
8 22 14
26 53 20
35 37 46
47 67 60
13 1 24
48 11 60
2 27 40
58 45 57
70 58 35
22 68 29
6 63 61
1 18 21
51 10 53
38 11 62
49 9 23
25 54 33
41 5 34
22 6 56
23 3 47
6 20 24
32 66 57
26 36 7
66 40 3
2 61 55
15 46 62
25 64 22
28 30 48
44 7 59
41 22 5
4 52 16
13 66 10
23 44 58
43 8 32
48 49 40
40 23 37
34 25 60
31 0 4
7 21 47
12 20 48
0 46 21
24 3 30
2 14 30
2 38 56
0 66 12
68 41 5
7 34 63
46 44 36
49 43 38
4 13 45
10 29 49
38 36 52
36 21 55
2 40 28
20 46 45
7 65 32
56 41 24
15 11 33
70 15 33
61 23 43
67 59 52
68 55 9
53 42 3
51 66 12
39 69 8
29 63 15
8 41 62
52 7 34
4 8 8
33 17 22
12 65 60
42 53 4
41 26 44
5 51 16
43 3 20
5 14 46
48 32 15
50 21 7
49 56 14
11 43 20
43 63 7
52 67 16
49 27 54
46 42 9
43 49 16
56 26 59
63 70 28
45 66 60
50 35 60
48 62 60
57 41 17
53 12 22
9 40 6
26 12 56
48 28 12
10 47 63
46 51 47
18 65 20
46 43 21
20 1 52
36 19 6
27 50 58
71 7 20
62 66 7
71 1 32
65 60 61
6 35 56
35 38 18
38 23 10
68 16 5
60 9 40
61 58 15
70 6 58
0 54 44
37 67 8
2 28 3
1 59 30
15 35 25
24 22 2
12 14 10
58 68 31
6 17 28
36 3 57
66 70 39
64 71 22
47 44 45
5 55 25
50 40 14
22 37 16
69 51 47
50 62 40
9 12 29
20 56 38
48 67 45
7 71 23
13 52 12
15 61 61
57 34 6
16 50 54
69 58 25
36 53 53
32 9 8
50 65 20
44 0 14
70 23 34
68 9 58
71 54 40
60 38 57
12 23 47
38 44 55
37 11 20
18 68 62
36 34 40
33 52 21
54 10 32
32 4 19
21 67 4
59 6 43
20 25 24
50 18 39
41 23 34
36 67 45
38 41 9
16 31 3
22 70 57
46 25 33
54 26 1
3 17 39
8 68 45
40 57 37
69 64 60
55 41 57
18 22 8
49 1 52
61 56 45
46 69 12
65 68 43
47 22 31
65 16 59
46 41 39
46 21 41
31 70 25
2 68 63
3 43 30
56 7 38
15 21 42
27 29 36
50 12 7
19 30 37
17 11 19
23 18 44
54 39 37
56 47 7
45 67 13
69 24 63
24 12 46
32 1 26
42 10 56
39 59 27
3 69 41
28 26 30
58 60 57
67 16 6
12 19 47
63 18 23
43 31 40
20 18 58
50 63 36
46 5 22
31 40 9
42 2 32
8 71 10
46 48 52
45 60 8
59 26 62
41 50 26
7 61 61
53 21 19
64 0 16
62 52 61
65 18 47
59 8 52
12 42 62
52 51 58
49 24 46
6 10 35
39 16 28
28 36 40
47 2 8
69 1 19
7 25 18
58 47 41
29 41 43
33 45 20
30 64 17
26 58 45
11 59 29
41 2 37
22 60 52
26 21 11
21 4 37
5 20 29
58 37 17
37 26 51
21 41 15
65 37 13
4 47 1
20 48 24
23 53 19
66 22 56
5 30 54
38 10 38
70 25 6
15 70 24
14 3 15
2 44 8
6 11 62
49 69 48
56 68 59
53 69 44
52 41 45
51 22 61
44 33 34
41 60 56
63 59 36
50 33 36
41 0 3
28 71 6
65 36 52
25 30 49
39 41 14
21 58 37
71 36 23
19 53 6
20 54 34
43 45 44
46 26 17
51 26 32
43 24 28
26 67 13
38 5 23
7 9 38
49 51 24
11 46 9
14 48 18
41 27 47
71 29 42
41 4 48
3 6 42
69 2 12
6 23 3
16 1 14
62 5 32
43 59 45
6 29 14
27 25 23
3 13 56
44 43 57
26 64 61
17 26 28
30 19 19
68 17 23
51 55 31
31 45 6
16 39 34
69 3 55
46 53 51
15 26 48
62 26 7
6 51 41
13 56 63
51 14 51
67 57 58
29 31 50
0 52 11
39 47 30
15 49 61
28 38 58
56 44 1
31 55 32
43 62 10
28 21 3
7 20 17
50 61 37
53 15 22
19 10 54
51 18 30
8 39 6
70 17 39
5 11 61
70 56 6
28 55 3
37 46 15
37 8 35
9 3 35
24 52 28
64 14 61
27 69 57
51 33 61
57 28 48
57 55 48
61 63 30
52 35 3
15 54 1
65 1 22
52 3 32
59 20 50
2 3 4
23 55 17
69 13 5
35 54 51
48 22 31
35 16 28
20 44 52
55 36 21
0 53 44
50 71 28
3 51 63
10 24 50
20 52 34
29 11 8
61 7 60
44 10 15
52 11 26
51 24 23
29 64 32
8 34 31
29 13 2
18 64 46
70 60 27
31 35 46
53 22 37
51 36 14
38 2 33
65 56 28
20 17 58
5 67 11
44 11 32
26 70 46
4 2 30
30 62 35
63 58 63
27 58 36
68 5 37
61 5 18
22 29 27
4 61 7
64 29 22
13 26 27
67 38 47
11 24 45
17 1 56
46 66 49
30 51 5
42 51 51
29 22 21
5 17 33
55 61 30
13 18 17
46 29 36
3 38 33
6 18 3
27 12 31
31 69 59
17 0 51
15 28 13
40 34 62
4 63 49
36 25 31
23 69 52
24 10 8
45 29 60
65 39 25
5 2 32
53 14 12
24 2 52
42 32 62
28 23 50
60 37 40
22 14 41
25 32 9
39 35 63
44 50 13
27 37 25
35 39 58
32 70 2
37 5 49
59 3 41
9 47 45
44 12 36
12 48 22
45 23 63
61 38 18
57 68 26
25 21 63
33 1 60
68 26 27
29 21 57
61 39 37
59 17 37
56 2 1
33 16 15
46 12 14
6 49 53
40 7 59
27 62 63
69 53 39
27 7 59
43 70 47
14 55 31
44 16 55
37 70 48
22 43 31
37 34 47
22 3 46
50 5 34
31 66 29
50 56 24
14 9 7
34 47 47
6 64 7
58 71 14
26 25 26
47 16 60
14 22 32
14 67 45
30 26 14
56 33 63
29 45 15
4 24 43
25 50 44
62 28 62
16 7 39
19 25 4
17 49 6
56 3 60
27 26 1
20 40 48
15 6 63
23 24 60
24 53 23
29 26 46
39 27 35
16 64 3
49 17 16
45 32 48
70 55 60
13 4 39
61 16 21
5 9 41
64 25 63
9 61 40
48 53 59
10 11 33
51 32 1
40 10 38
68 32 23
4 1 6
69 68 10
35 12 54
34 2 30
58 52 13
17 55 32
42 34 32
17 6 30
19 66 42
22 30 52
44 14 4
3 71 48
28 0 9
33 43 2
50 37 17
34 45 47
5 47 31
12 49 45
55 58 6
64 1 43
19 52 27
16 36 1
19 61 35
43 44 48
0 39 48
64 48 54
25 10 52
48 39 25
10 43 32
54 8 46
37 68 56
32 29 44
10 70 6
12 18 40
68 50 24
24 43 23
15 71 2
29 10 19
42 49 37
62 22 27
4 62 22
62 42 31
61 66 24
44 42 43
28 66 5
19 47 15
55 43 43
19 57 27
63 8 24
53 47 15
15 0 60
48 20 21
69 20 61
70 32 52
6 40 2
26 16 18
42 38 26
6 13 25
4 16 34
56 50 13
21 44 50
13 68 57
63 46 18
66 42 4
2 33 18
32 67 23
45 6 63
42 62 24
46 32 57
26 31 31
45 36 8
66 52 47
63 24 17
8 15 42
18 14 18
5 34 34
58 64 62
1 47 1
55 26 21
15 50 38
18 44 16
34 69 58
13 6 56
34 56 10
33 26 33
13 31 27
22 69 2
41 11 56
54 33 36
34 16 10
54 6 10
20 69 32
68 54 40
26 42 26
29 47 5
24 19 9
31 2 33
29 55 10
54 16 33
62 23 43
65 33 55
30 66 18
53 45 60
38 16 44
31 27 39
37 28 56
12 4 17
39 54 34
71 43 10
6 58 1
33 22 36
57 27 29
3 8 14
68 51 46
17 58 40
2 16 41
22 62 60
17 38 1
52 6 53
31 64 39
69 10 51
67 19 8
18 45 8
61 4 13
30 69 39
34 39 48
2 48 48
32 37 25
71 39 51
9 38 20
46 15 6
33 23 42
16 14 11
49 18 16
41 52 28
53 58 51
67 42 18
12 40 16
2 21 27
51 6 4
57 18 46
18 62 57
44 23 3
25 23 16
6 7 30
15 45 58
11 31 40
71 23 15
26 3 49
7 57 30
6 16 58
68 58 11
27 10 12
41 40 12
66 27 7
17 24 19
47 33 32
5 40 53
60 49 51
25 59 33
2 32 17
35 43 63
7 17 21
46 54 34
62 34 12
6 67 14
46 37 58
1 33 44
39 65 29
11 13 60
11 38 8
40 9 50
69 6 42
10 21 13
64 47 38
40 0 60
13 61 18
46 30 42
51 67 24
56 11 37
1 49 17
66 49 22
29 27 20
68 39 14
68 53 62
44 31 55
57 43 8
8 0 46
12 68 43
3 66 10
26 55 1
2 15 41
57 6 50
4 58 44
32 30 13
12 71 18
71 70 45
24 26 38
18 50 18
46 68 29
43 19 45
58 55 28
46 33 62
52 8 25
8 18 41
70 52 24
56 28 60
24 1 31
8 3 31
60 26 61
49 39 61
50 42 51
55 69 23
11 22 2
16 23 61
51 58 18
9 45 46
11 57 62
51 34 17
23 4 42
23 7 28
39 19 35
19 39 25
48 55 24
54 0 38
25 49 58
25 68 18
10 46 42
9 33 23
55 50 5
63 9 11
18 49 62
33 29 33
25 65 60
18 12 39
29 39 23
70 64 17
66 10 20
60 13 30
31 58 4
30 0 45
54 48 60
69 55 39
27 70 55
58 33 15
25 48 24
32 58 19
10 38 30
7 12 21
33 55 53
44 60 1
14 69 13
70 24 24
2 63 37
6 24 14
1 14 36
30 49 13
69 38 7
1 17 18
27 47 28
4 19 44
8 26 13
27 66 39
50 29 41
11 20 4
46 14 35
62 30 18
67 65 59
15 64 17
14 57 36
44 26 11
46 40 33
63 12 4
42 44 36
3 18 1
17 9 24
44 69 9
4 20 28
29 9 7
66 12 45
5 23 17
60 40 27
53 70 3
14 50 31
14 62 1
21 32 31
17 33 43
1 27 23
7 43 7
70 29 45
66 21 21
49 30 29
40 37 57
69 39 61
24 62 39
2 35 31
48 18 13
8 59 46
36 46 11
24 51 30
35 13 31
7 0 15
62 53 50
12 59 55
24 40 2
61 12 63
20 15 12
57 64 2
5 49 33
2 26 29
41 32 4
14 26 58
68 66 51
16 34 59
4 0 47
35 48 7
68 67 44
42 57 9
2 10 26
12 61 40
45 28 14
64 4 47
35 57 24
24 49 32
26 41 8
55 60 12
25 4 40
10 18 20
56 55 44
53 17 31
37 21 57
0 32 23
1 53 33
52 13 41
53 61 16
48 1 30
5 21 3
16 66 16
59 49 7
3 15 60
0 11 55
13 30 28
68 0 49
9 68 55
10 61 58
8 44 34
34 6 4
45 15 57
23 59 24
52 14 22
9 7 22
10 31 49
52 58 60
62 46 60
70 20 10
62 37 18
8 13 31
2 62 10
14 5 42
40 60 15
40 36 3
39 15 53
51 31 21
20 38 44
25 40 13
26 23 41
7 1 21
60 15 39
49 26 40
8 1 10
28 42 58
14 68 28
45 33 33
31 28 31
7 51 10
40 62 35
55 30 53
21 33 21
21 42 38
45 59 39
3 47 44
67 45 29
26 10 62
1 51 15
32 2 19
51 2 53
19 3 54
67 41 17
16 25 49
28 43 10
47 27 44
16 15 34
59 38 28
60 44 22
40 3 10
2 46 59
18 13 30
7 23 53
57 7 45
51 16 23
42 15 61
30 31 33
19 33 48
45 26 2
58 54 16
23 10 40
41 61 7
68 45 5
36 54 13
43 60 30
2 25 20
21 59 35
8 10 11
0 12 44
48 26 52
63 45 57
65 19 48
70 30 36
12 51 29
3 61 20
18 11 4
64 30 52
58 2 46
18 9 24
63 37 54
41 56 32
43 21 62
59 12 46
9 5 29
46 20 11
23 25 38
9 57 1
63 29 10
23 70 57
50 67 29
69 66 8
58 56 32
9 22 9
41 53 11
15 13 1
15 65 5
46 62 5
51 62 54
59 42 61
27 1 2
54 70 22
28 51 32
20 29 11
71 6 4
53 19 48
27 52 57
63 15 48
44 46 43
12 26 9
43 55 57
5 46 31
59 36 24
62 54 20
71 22 12
11 44 35
22 40 34
64 23 24
50 55 10
64 36 32
7 67 1
32 3 19
42 12 10
44 55 37
35 42 1
58 17 40
27 11 32
67 71 15
27 33 41
45 24 11
31 51 43
69 4 32
29 14 49
49 33 37
18 30 21
18 2 1
62 41 57
63 44 11
70 61 22
6 28 21
23 37 14
28 67 34
63 23 13
0 55 2
31 11 25
10 67 9
16 45 31
67 34 15
69 22 24
2 70 28
28 27 54
21 23 40
60 41 13
4 3 24
23 71 41
15 18 11
56 65 37
47 68 16
57 47 28
66 54 36
21 5 41
69 37 8
51 19 14
8 16 6
34 51 46
5 66 14
40 49 42
27 71 41
1 31 47
0 19 30
36 23 21
40 31 33
11 63 16
60 62 60
49 50 63
13 32 50
61 54 49
48 7 50
43 28 24
24 18 63
58 9 2
51 29 40
25 8 53
20 16 24
55 24 12
53 20 53
65 25 48
58 48 1
40 1 55
10 19 51
15 42 1
11 23 37
14 16 48
49 0 60
67 46 53
1 6 2
60 23 7
65 22 4
17 47 49
34 60 9
62 9 29
21 57 39
10 9 41
30 58 63
24 65 24
40 46 45
7 19 28
34 71 5
8 6 1
23 49 33
0 14 29
1 29 22
51 44 39
5 25 28
37 43 25
63 57 48
50 53 40
58 0 55
23 5 55
18 10 20
43 32 20
51 3 56
36 20 43
54 11 24
52 60 10
18 35 58
9 23 37
37 18 5
40 38 42
66 8 56
0 63 17
7 5 21
47 59 61
61 47 36
50 8 29
12 41 40
51 57 33
25 9 23
48 65 43
4 66 50
20 51 4
12 64 11
53 18 53
50 49 58
54 18 37
70 26 4
55 45 30
41 24 37
28 5 14
20 8 19
62 58 4
28 9 27
8 9 7
3 41 22
11 61 6
8 4 16
26 33 61
37 14 49
58 26 14
58 19 53
67 7 26
66 1 3
35 1 5
44 18 41
37 17 53
2 37 49
40 55 3
70 63 61
9 66 35
58 15 43
57 2 20
0 62 26
11 49 36
3 14 19
38 67 5
0 21 21
49 23 23
30 34 6
24 56 59
42 25 14
4 15 37
50 48 50
48 34 1
64 63 8
28 25 54
18 55 39
58 35 5
52 44 15
60 24 21
63 56 10
52 40 33
14 31 57
32 24 61
51 69 33
2 18 44
45 4 58
30 22 59
18 40 17
11 0 39
44 36 14
23 45 44
52 17 41
4 45 8
64 60 4
11 54 30
56 9 31
53 24 63
48 29 19
11 65 61
43 16 61
5 4 15
64 33 14
9 0 3
19 5 2
42 68 48
61 48 56
65 58 51
45 61 2
63 71 47
1 50 48
28 57 29
4 40 22
32 43 42
26 39 63
69 61 1
62 13 48
41 59 53
24 25 60
10 33 11
29 4 22
37 58 29
8 52 10
35 28 11
57 4 13
28 31 45
12 67 46
50 68 2
56 40 36
36 42 19
37 42 40
28 70 6
1 23 4
6 31 14
60 16 17
57 3 62
14 39 53
71 9 36
47 60 16
2 49 8
70 19 36
61 14 14
67 33 23
27 53 44
58 4 62
31 57 15
44 65 19
63 7 5
60 43 19
1 28 51
17 46 28
5 38 1
58 8 13
67 18 53
37 48 17
44 38 13
37 71 8
43 2 33
39 23 1
56 29 22
37 45 22
8 27 54
54 22 24
65 5 55
21 1 11
62 20 31
19 22 58
26 35 34
11 7 62
67 8 50
45 14 20
28 45 3
66 43 36
16 19 59
29 8 21
9 41 16
31 62 15
18 32 42
25 12 1
42 39 6
38 13 54
56 58 1
5 54 49
25 45 43
18 19 47
12 9 5
8 63 52
6 27 53
53 49 8
36 10 9
32 35 18
47 3 21
62 3 57
47 9 18
47 37 62
31 47 45
53 56 52
28 19 6
71 32 62
0 9 2
43 36 1
11 5 13
10 42 58
1 5 25
36 51 1
34 30 46
43 30 6
33 65 14
67 3 26
61 9 62
7 59 6
26 51 42
22 66 32
22 47 43
46 38 13
69 47 3
39 49 41
9 67 55
16 37 52
7 56 55
70 68 49
49 29 24
27 64 48
39 37 24
35 49 18
25 70 5
30 63 29
23 36 26
2 45 42
6 68 6
52 69 5
44 22 27
6 14 1
6 32 54
71 38 35
61 41 44
51 17 42
14 59 35
16 49 55
60 55 53
22 17 40
22 5 53
48 2 1
53 33 1
32 63 42
0 43 1
65 3 15
1 3 5
65 24 17
33 31 37
22 15 62
68 31 27
62 19 52
25 36 3
58 43 6
48 13 22
58 29 24
36 26 1
33 69 24
41 36 39
22 27 45
17 25 20
10 55 49
62 64 34
49 71 5
16 46 32
67 52 56
60 19 7
54 58 13
32 46 5
9 49 27
59 56 35
19 70 30
43 20 34
50 16 1
13 49 42
52 43 7
33 56 37
4 30 45
46 50 2
3 50 1
59 43 45
55 19 1
11 66 16
21 65 20
55 1 30
12 44 57
68 48 55
63 3 2
33 13 10
24 54 23
66 57 1
6 38 42
61 45 56
18 48 27
19 40 11
13 17 20
9 55 21
1 20 56
25 63 13
18 63 1
47 63 46
28 11 20
68 69 4
31 7 2
63 54 37
65 28 30
41 18 19
41 8 34
36 40 42
49 35 12
29 2 60
43 67 57
44 63 58
43 68 44
10 48 43
65 8 5
57 14 5
41 37 32
17 60 58
8 53 38
26 48 2
34 48 30
59 67 9
27 32 3
35 63 47
38 60 27
57 10 16
47 64 42
57 53 16
66 14 4
48 27 51
12 8 16
6 60 17
38 68 23
62 71 1
23 56 56
59 13 45
26 11 2
37 10 36
14 46 45
26 65 9
60 32 7
41 15 39
4 7 20
58 31 3
16 67 2
36 17 51
5 70 2
59 15 2
60 7 6
56 67 42
42 52 16
32 52 26
45 20 11
28 58 4
8 14 5
56 59 22
12 45 2
6 55 52
45 2 32
22 10 20
36 70 14
18 7 1
29 38 11
62 50 19
31 24 26
32 13 22
37 56 40
22 57 46
49 68 3
41 63 48
37 16 1
54 61 26
9 20 51
7 46 47
7 66 17
23 66 61
32 61 1
31 71 2
23 62 1
53 50 47
2 29 34
6 69 16
21 18 50
29 59 29
9 58 1
11 69 7
51 11 22
51 7 3
43 51 2
33 47 20
2 51 57
45 37 28
10 40 8
17 36 10
43 11 46
34 8 4
70 27 23
5 69 3
65 29 11
18 17 23
23 47 1
47 42 63
0 50 30
19 31 44
62 17 31
42 13 47
68 21 5
18 31 20
0 5 53
63 10 4
70 44 32
23 27 15
53 40 2
7 69 61
31 61 46
21 54 60
13 59 25
44 5 37
44 24 29
26 14 1
60 14 47
7 29 56
28 53 7
34 36 41
16 57 57
55 35 56
61 65 17
2 47 2
52 61 1
70 13 1
9 62 3
51 50 3
13 27 58
42 48 15
48 25 22
30 10 4
22 4 1
66 32 21
36 4 36
8 69 4
37 60 30
50 69 2
24 35 42
34 21 50
68 44 12
65 27 22
29 56 26
28 29 11
21 70 44
44 29 33
63 61 5
11 17 7
1 56 3
33 7 2
13 35 40
10 5 9
34 67 25
1 42 47
44 51 20
13 55 28
29 36 32
64 32 46
71 25 5
42 65 4
18 69 6
70 46 28
28 14 10
11 60 53
17 5 59
62 51 51
5 62 3
64 15 44
71 35 34
39 63 18
42 29 37
0 49 12
54 66 30
13 53 3
34 18 27
42 9 32
56 52 10
8 61 3
55 38 1
35 40 47
17 4 51
67 31 12
67 20 28
4 25 35
59 18 57
34 24 5
67 13 1
67 15 53
60 54 5
8 2 1
14 53 3
44 37 45
10 64 36
38 70 6
46 13 1
7 11 7
61 51 20
31 42 59
66 67 62
63 65 1
28 24 3
12 36 1
11 14 7
71 28 5
31 21 27
56 14 33
59 45 11
48 8 29
37 15 5
57 42 16
66 36 48
30 4 40
13 63 30
66 59 28
45 42 23
37 49 2
67 60 54
57 38 3
30 44 36
10 4 60
43 1 9
33 18 14
28 4 13
70 35 6
21 56 2
13 62 18
71 49 22
7 55 8
54 50 28
65 40 13
57 37 12
33 59 42
35 62 24
46 63 1
11 21 18
39 44 31
33 37 24
9 28 50
71 42 27
10 66 1
62 69 12
63 5 23
0 18 16
60 17 1
39 40 33
35 29 18
1 61 1
60 71 13
54 4 17
60 42 45
64 53 25
22 25 4
1 8 61
10 44 7
63 50 52
45 35 23
24 36 2
22 20 3
61 10 5
54 43 44
6 48 20
47 46 22
71 62 61
1 40 56
57 15 23
8 29 3
18 20 25
17 53 43
42 31 7
53 63 12
64 56 1
41 67 3
10 63 44
18 28 28
62 4 3
51 37 2
70 50 1
11 2 2
7 37 2
61 42 2
59 70 16
30 67 23
66 4 55
36 64 33
58 44 1
71 51 12
8 32 3
53 27 7
43 9 12
54 25 9
53 37 38
59 54 51
14 41 7
43 71 7
16 71 36
17 48 61
12 70 2
4 64 18
61 35 21
57 29 28
28 49 2
24 71 5
67 21 31
14 35 60
25 35 23
71 12 2
66 51 23
8 21 1
30 27 10
2 8 2
71 46 1
31 36 40
1 66 4
33 46 50
60 53 8
1 67 18
24 5 1
31 49 17
66 64 16
54 45 2
38 59 2
66 13 3
11 25 1
38 61 20
4 67 56
39 18 9
30 36 3
9 29 43
34 1 61
68 40 2
55 64 9
63 31 3
65 35 4
71 21 7
16 47 61
30 32 48
12 25 1
29 67 6
39 57 53
33 66 1
48 51 1
16 20 15
65 14 16
36 43 44
51 60 2
55 32 61
60 57 36
13 46 23
1 22 36
31 5 3
62 49 3
70 18 1
28 20 2
67 48 6
55 25 10
50 54 25
4 5 7
31 37 11
10 25 2
60 4 15
25 51 1
61 52 7
45 47 36
59 50 8
41 69 4
53 25 18
48 31 3
36 35 46
64 44 3
67 66 2
59 21 46
35 61 31
16 22 5
44 71 3
23 28 1
64 11 54
6 62 8
25 47 6
43 14 29
0 2 45
39 50 17
4 9 5
61 8 45
50 32 35
17 71 63
18 15 17
36 5 1
42 40 12
56 61 11
14 47 50
64 41 34
13 20 20
29 52 42
34 28 1
71 8 42
55 29 20
9 64 8
21 48 28
53 43 34
46 55 1
16 52 3
57 52 21
55 53 21
25 71 3
59 53 5
39 43 2
55 62 1
33 9 49
60 5 3
68 43 4
29 35 27
23 54 2
33 21 11
36 9 10
60 1 21
36 69 14
17 66 1
45 8 15
29 69 7
48 21 11
1 54 3
17 20 2
39 71 32
70 1 7
10 35 6
42 36 1
62 29 1
16 54 1
61 59 8
70 49 33
14 29 17
25 11 2
24 59 1
18 42 5
71 60 53
47 18 1
47 20 61
6 52 7
53 52 30
71 63 62
64 67 1
70 53 6
4 41 11
29 53 13
25 22 2
54 31 1
55 28 35
54 71 15
1 2 8
13 69 9
65 41 32
39 2 11
70 43 1
30 37 40
1 69 38
53 9 36
60 46 45
13 47 4
55 20 40
18 37 4
71 20 4
30 54 1
55 4 6
0 42 9
56 46 1
18 67 6
18 60 5
31 48 6
64 52 14
39 13 1
31 63 16
60 22 1
36 63 9
0 47 5
53 46 17
16 41 1
53 4 4
70 36 2
29 20 36
60 25 15
56 70 1
35 71 26
55 49 2
53 28 17
57 60 5
70 42 1
4 21 1
63 40 8
50 9 9
0 28 47
64 59 1
0 20 12
21 37 1
62 43 9
56 25 51
29 42 11
21 43 3
60 45 2
65 9 3
67 63 38
30 15 12
4 46 1
71 14 1
21 40 15
33 36 53
14 1 3
35 46 1
29 32 9
50 11 1
61 43 11
31 1 3
13 28 2
67 50 1
