#He so k la
3.0
#Number of Nodes
4
# list of nodes
#x #y #z
14.302415068831692 15.152227085187167 0.0
5.200926005174174 6.196066180443331 0.0
15.770548302629397 4.662328752286609 0.0
3.7337115398605096 16.177298020483523 0.0
#nguong BER
0.001
#Ma tran yeu cau D
#source_index dest_index bw don vi Mbps
0 0 1399
0 1 1950
0 2 1939
0 3 957
1 0 1851
1 1 20791
1 2 6055
1 3 3274
2 0 1959
2 1 5935
2 2 13347
2 3 1490
3 0 912
3 1 3109
3 2 1410
3 3 3145
#Chi tiet cac cum
4.977086606311819
6
7 17.08430019510983 11.224299859265201 0.0
10 13.325912677928942 14.324196826745144 0.0
17 18.698426017588645 17.48599631652464 0.0
18 11.65455002119165 18.71963757872084 0.0
25 12.47181786420359 17.241102241683738 0.0
27 12.579483636967492 11.918129688183448 0.0
6.560405362766338
20
0 4.178769109865996 7.9197186335237415 0.0
2 7.338825007908821 5.312272181474278 0.0
5 4.134594632725252 9.169634010693569 0.0
6 6.460094742602829 10.988444793821559 0.0
11 5.3689425256482535 8.790753931194237 0.0
12 5.270285127923712 5.757083918281962 0.0
13 3.875534080891007 3.1060967251336447 0.0
20 7.56968932099382 4.104598386498269 0.0
22 1.1176969745475018 7.222600141401231 0.0
26 6.734284109141979 1.830818518364072 0.0
28 2.9334835709546208 0.039961622257705165 0.0
32 5.301908271469446 7.341378760818927 0.0
33 1.6245236815835804 8.144327539876516 0.0
34 7.665295709168388 7.872588732362793 0.0
35 10.308903179994552 7.835761810756527 0.0
36 2.8881316903358676 6.000284840965093 0.0
37 9.657722637906076 5.718471420417525 0.0
39 6.818264688266407 8.544809765829918 0.0
42 3.1535644360580686 6.477429415309216 0.0
43 1.6180066054973024 1.744288459885802 0.0
5.568286160706158
16
1 15.353368888769548 4.951585616879668 0.0
3 18.580726731701787 6.772559627376749 0.0
4 14.514996542345044 4.59243419532639 0.0
9 17.802164451168494 1.9531711473592854 0.0
15 15.223909554727596 0.2508075558367222 0.0
16 18.96124524801681 2.073971887230411 0.0
21 15.576474282757069 7.702097257621498 0.0
30 16.801532845211113 5.038670490782658 0.0
31 10.605436818273684 2.5820801801951734 0.0
38 15.417821589608392 8.657594734468715 0.0
40 17.810085074592635 9.111953464665357 0.0
44 13.943833022029386 2.5456316876540033 0.0
46 18.134583516623834 0.22399910777741783 0.0
47 13.592005688862507 5.941984803675578 0.0
48 16.655488682385418 3.434648116056957 0.0
49 13.355099904996976 8.764070163679158 0.0
5.9413857524880385
8
8 0.290564187057445 11.817431845739728 0.0
14 1.720482672929748 14.886832046061393 0.0
19 3.790953572349871 19.665717024584037 0.0
23 7.156885942250488 17.99513643332499 0.0
24 8.725667640010744 19.399166880949558 0.0
29 2.247475760068451 15.55195194964521 0.0
41 3.1553039854359293 17.328556387993842 0.0
45 2.782358558781399 12.773591595569421 0.0
