#He so k la
3.0
#Number of Nodes
5
# list of nodes
#x #y #z
5.697186659500989 4.177192793163069 0.0
15.798419245787748 14.170734534345241 0.0
2.824438813914008 18.586586005970105 0.0
7.921108003810764 12.22521217045795 0.0
16.332583283145127 5.066523636991429 0.0
#nguong BER
0.001
#Ma tran yeu cau D
#source_index dest_index bw don vi Mbps
0 0 21418
0 1 3027
0 2 1092
0 3 8600
0 4 6182
1 0 2978
1 1 5018
1 2 659
1 3 5183
1 4 4570
2 0 971
2 1 555
2 2 939
2 3 1710
2 4 691
3 0 8791
3 1 5322
3 2 1604
3 3 17334
3 4 5202
4 0 6735
4 1 4369
4 2 701
4 3 4702
4 4 18026
#Chi tiet cac cum
6.345294887085309
20
0 4.137328908925177 7.279470253161104 0.0
6 9.09188315782062 7.091252810885516 0.0
10 3.4827837532333192 4.0012467078075895 0.0
11 6.846560744712174 0.7737468749308738 0.0
12 9.31582695192238 2.3368688643849973 0.0
14 10.524477798170986 0.05893740203091091 0.0
15 5.882050827169165 5.803686167039935 0.0
18 7.029603008523034 1.923696116577755 0.0
22 10.048154481740161 6.23640469621726 0.0
23 1.083286599961621 7.32268544386517 0.0
26 3.354554625357101 7.505911207346774 0.0
29 1.2303286186455793 2.3790283032787887 0.0
35 3.1421920897983218 1.4486433581086455 0.0
39 8.4302458132338 1.9650472322341876 0.0
40 2.6267732670352757 6.452951018588055 0.0
50 9.625886397588392 0.5918733341011969 0.0
56 7.463966493125812 3.6224867454677523 0.0
57 2.08133354893028 2.9703817169602234 0.0
60 5.854521127225006 6.148324105352808 0.0
66 2.6919749769015797 7.631213504921841 0.0
6.599760892643892
11
7 13.138478433323762 11.523591022317873 0.0
9 17.8731184370206 11.52983752585008 0.0
13 13.130272164744369 14.56003251753947 0.0
17 13.497312739092159 17.59558603712917 0.0
28 19.595226422495372 19.568984167603524 0.0
36 18.045360072546664 14.526439055174725 0.0
38 19.59075879641958 13.653618261203253 0.0
41 12.037336134633637 13.910897441258491 0.0
42 14.176762977148085 10.754046601906534 0.0
53 13.0923237731066 15.599827149881566 0.0
64 19.605661753134413 12.655220097932945 0.0
3.097792050075813
4
3 1.3569383027481388 19.66160365710211 0.0
5 4.10471248357131 18.57712668226494 0.0
27 0.3597502940397379 19.122171176664093 0.0
54 5.476354175296845 16.985442507849264 0.0
3.9080515086978704
17
16 7.017162627289288 15.763875566317349 0.0
20 8.47485757178311 13.653236829140146 0.0
24 10.219797311532734 12.298391393618566 0.0
25 6.147221232343181 11.794892494261079 0.0
30 5.607875578188288 10.06019861422663 0.0
37 8.71838560507599 14.997318910362868 0.0
44 10.234830885176331 13.096674294169484 0.0
45 6.982074555267723 8.737619382291307 0.0
47 7.4323688762413695 10.534795898030742 0.0
51 9.678656516909454 14.703423566620414 0.0
52 4.842482376447112 13.590898766555425 0.0
55 5.421649335492662 9.37465625726909 0.0
59 9.57623423037887 9.298338822597838 0.0
63 6.575124980171034 12.634917192420305 0.0
65 5.834400206039041 12.627710027524564 0.0
67 11.040286266438905 14.579695884689968 0.0
68 10.8554279100079 10.081962997689413 0.0
5.701947921233054
17
1 17.18668357830596 8.368110185112872 0.0
2 15.40711257419333 4.68151829597345 0.0
4 16.152792971625527 0.6304718072749353 0.0
8 12.57220949629247 5.319875550412587 0.0
19 19.73683079918381 0.4923232756169511 0.0
21 15.651488466255264 7.408467885301793 0.0
31 16.166695465484608 5.494795307811509 0.0
32 18.368862468343522 3.956418599440478 0.0
33 18.0442663339517 5.935219940129248 0.0
34 13.639545656229284 6.4848573202945525 0.0
43 15.680618814377375 8.58805786141983 0.0
46 15.724266474919183 5.26094532269279 0.0
48 14.896354142299332 7.498718391580072 0.0
49 17.147429756240392 7.628561428612152 0.0
58 18.14839155684242 0.3509644870634795 0.0
61 13.643674396782968 5.1598492525741415 0.0
62 19.486692862139996 2.871746917543433 0.0
