#So luong nut la la
69
#Toa do cac nut
4.137328908925177 7.279470253161104 0.0
17.18668357830596 8.368110185112872 0.0
15.40711257419333 4.68151829597345 0.0
1.3569383027481388 19.66160365710211 0.0
16.152792971625527 0.6304718072749353 0.0
4.10471248357131 18.57712668226494 0.0
9.09188315782062 7.091252810885516 0.0
13.138478433323762 11.523591022317873 0.0
12.57220949629247 5.319875550412587 0.0
17.8731184370206 11.52983752585008 0.0
3.4827837532333192 4.0012467078075895 0.0
6.846560744712174 0.7737468749308738 0.0
9.31582695192238 2.3368688643849973 0.0
13.130272164744369 14.56003251753947 0.0
10.524477798170986 0.05893740203091091 0.0
5.882050827169165 5.803686167039935 0.0
7.017162627289288 15.763875566317349 0.0
13.497312739092159 17.59558603712917 0.0
7.029603008523034 1.923696116577755 0.0
19.73683079918381 0.4923232756169511 0.0
8.47485757178311 13.653236829140146 0.0
15.651488466255264 7.408467885301793 0.0
10.048154481740161 6.23640469621726 0.0
1.083286599961621 7.32268544386517 0.0
10.219797311532734 12.298391393618566 0.0
6.147221232343181 11.794892494261079 0.0
3.354554625357101 7.505911207346774 0.0
0.3597502940397379 19.122171176664093 0.0
19.595226422495372 19.568984167603524 0.0
1.2303286186455793 2.3790283032787887 0.0
5.607875578188288 10.06019861422663 0.0
16.166695465484608 5.494795307811509 0.0
18.368862468343522 3.956418599440478 0.0
18.0442663339517 5.935219940129248 0.0
13.639545656229284 6.4848573202945525 0.0
3.1421920897983218 1.4486433581086455 0.0
18.045360072546664 14.526439055174725 0.0
8.71838560507599 14.997318910362868 0.0
19.59075879641958 13.653618261203253 0.0
8.4302458132338 1.9650472322341876 0.0
2.6267732670352757 6.452951018588055 0.0
12.037336134633637 13.910897441258491 0.0
14.176762977148085 10.754046601906534 0.0
15.680618814377375 8.58805786141983 0.0
10.234830885176331 13.096674294169484 0.0
6.982074555267723 8.737619382291307 0.0
15.724266474919183 5.26094532269279 0.0
7.4323688762413695 10.534795898030742 0.0
14.896354142299332 7.498718391580072 0.0
17.147429756240392 7.628561428612152 0.0
9.625886397588392 0.5918733341011969 0.0
9.678656516909454 14.703423566620414 0.0
4.842482376447112 13.590898766555425 0.0
13.0923237731066 15.599827149881566 0.0
5.476354175296845 16.985442507849264 0.0
5.421649335492662 9.37465625726909 0.0
7.463966493125812 3.6224867454677523 0.0
2.08133354893028 2.9703817169602234 0.0
18.14839155684242 0.3509644870634795 0.0
9.57623423037887 9.298338822597838 0.0
5.854521127225006 6.148324105352808 0.0
13.643674396782968 5.1598492525741415 0.0
19.486692862139996 2.871746917543433 0.0
6.575124980171034 12.634917192420305 0.0
19.605661753134413 12.655220097932945 0.0
5.834400206039041 12.627710027524564 0.0
2.6919749769015797 7.631213504921841 0.0
11.040286266438905 14.579695884689968 0.0
10.8554279100079 10.081962997689413 0.0
#Ma tran yeu cau D
#source_index dest_index bw don vi Mbps
0 0 0
0 1 21
0 2 12
0 3 17
0 4 1
0 5 15
0 6 29
0 7 1
0 8 15
0 9 26
0 10 84
0 11 25
0 12 53
0 13 25
0 14 18
0 15 98
0 16 16
0 17 5
0 18 50
0 19 16
0 20 34
0 21 14
0 22 35
0 23 76
0 24 36
0 25 35
0 26 149
0 27 20
0 28 10
0 29 69
0 30 46
0 31 14
0 32 26
0 33 16
0 34 5
0 35 14
0 36 10
0 37 30
0 38 5
0 39 13
0 40 190
0 41 33
0 42 18
0 43 19
0 44 27
0 45 24
0 46 27
0 47 71
0 48 16
0 49 0
0 50 6
0 51 19
0 52 43
0 53 8
0 54 4
0 55 18
0 56 36
0 57 30
0 58 5
0 59 64
0 60 157
0 61 34
0 62 6
0 63 7
0 64 2
0 65 23
0 66 178
0 67 27
0 68 34
1 0 23
1 1 0
1 2 68
1 3 2
1 4 3
1 5 11
1 6 4
1 7 28
1 8 20
1 9 39
1 10 1
1 11 17
1 12 24
1 13 29
1 14 25
1 15 24
1 16 20
1 17 32
1 18 2
1 19 7
1 20 1
1 21 91
1 22 6
1 23 19
1 24 24
1 25 1
1 26 2
1 27 12
1 28 23
1 29 9
1 30 4
1 31 67
1 32 56
1 33 152
1 34 34
1 35 10
1 36 28
1 37 12
1 38 27
1 39 31
1 40 21
1 41 15
1 42 41
1 43 249
1 44 34
1 45 31
1 46 63
1 47 12
1 48 122
1 49 346
1 50 34
1 51 16
1 52 14
1 53 46
1 54 7
1 55 29
1 56 23
1 57 13
1 58 6
1 59 13
1 60 22
1 61 77
1 62 48
1 63 0
1 64 27
1 65 6
1 66 7
1 67 15
1 68 8
2 0 3
2 1 24
2 2 0
2 3 13
2 4 5
2 5 19
2 6 22
2 7 35
2 8 106
2 9 41
2 10 24
2 11 22
2 12 24
2 13 15
2 14 19
2 15 23
2 16 28
2 17 26
2 18 18
2 19 0
2 20 1
2 21 31
2 22 62
2 23 21
2 24 18
2 25 31
2 26 13
2 27 4
2 28 16
2 29 1
2 30 10
2 31 259
2 32 24
2 33 10
2 34 47
2 35 4
2 36 9
2 37 14
2 38 36
2 39 40
2 40 27
2 41 15
2 42 57
2 43 12
2 44 6
2 45 23
2 46 323
2 47 19
2 48 84
2 49 47
2 50 30
2 51 4
2 52 25
2 53 2
2 54 19
2 55 20
2 56 41
2 57 24
2 58 67
2 59 28
2 60 4
2 61 45
2 62 36
2 63 33
2 64 4
2 65 19
2 66 7
2 67 15
2 68 1
3 0 19
3 1 1
3 2 15
3 3 0
3 4 10
3 5 33
3 6 12
3 7 5
3 8 4
3 9 1
3 10 16
3 11 10
3 12 4
3 13 11
3 14 6
3 15 14
3 16 14
3 17 18
3 18 1
3 19 8
3 20 26
3 21 17
3 22 20
3 23 18
3 24 25
3 25 24
3 26 1
3 27 141
3 28 5
3 29 16
3 30 1
3 31 15
3 32 10
3 33 10
3 34 8
3 35 21
3 36 1
3 37 36
3 38 15
3 39 11
3 40 2
3 41 7
3 42 17
3 43 14
3 44 17
3 45 30
3 46 6
3 47 30
3 48 13
3 49 13
3 50 15
3 51 6
3 52 54
3 53 15
3 54 59
3 55 12
3 56 0
3 57 5
3 58 7
3 59 22
3 60 27
3 61 1
3 62 11
3 63 25
3 64 5
3 65 10
3 66 2
3 67 18
3 68 24
4 0 21
4 1 44
4 2 95
4 3 12
4 4 0
4 5 17
4 6 36
4 7 5
4 8 61
4 9 19
4 10 27
4 11 42
4 12 31
4 13 7
4 14 31
4 15 6
4 16 2
4 17 19
4 18 3
4 19 68
4 20 23
4 21 3
4 22 9
4 23 11
4 24 5
4 25 22
4 26 0
4 27 9
4 28 10
4 29 15
4 30 3
4 31 66
4 32 19
4 33 8
4 34 49
4 35 15
4 36 28
4 37 10
4 38 19
4 39 30
4 40 16
4 41 15
4 42 10
4 43 11
4 44 0
4 45 18
4 46 4
4 47 10
4 48 39
4 49 7
4 50 27
4 51 14
4 52 10
4 53 0
4 54 8
4 55 25
4 56 33
4 57 16
4 58 106
4 59 34
4 60 17
4 61 16
4 62 73
4 63 8
4 64 22
4 65 5
4 66 10
4 67 2
4 68 15
5 0 32
5 1 7
5 2 6
5 3 87
5 4 5
5 5 0
5 6 18
5 7 26
5 8 3
5 9 6
5 10 7
5 11 0
5 12 18
5 13 11
5 14 1
5 15 7
5 16 12
5 17 13
5 18 1
5 19 8
5 20 1
5 21 24
5 22 13
5 23 4
5 24 28
5 25 39
5 26 6
5 27 60
5 28 11
5 29 19
5 30 21
5 31 21
5 32 16
5 33 8
5 34 14
5 35 9
5 36 3
5 37 56
5 38 6
5 39 18
5 40 21
5 41 25
5 42 18
5 43 16
5 44 9
5 45 31
5 46 16
5 47 22
5 48 24
5 49 22
5 50 12
5 51 44
5 52 73
5 53 11
5 54 44
5 55 18
5 56 14
5 57 10
5 58 8
5 59 22
5 60 0
5 61 18
5 62 7
5 63 56
5 64 1
5 65 5
5 66 8
5 67 29
5 68 24
6 0 0
6 1 30
6 2 0
6 3 5
6 4 4
6 5 31
6 6 0
6 7 34
6 8 39
6 9 10
6 10 12
6 11 6
6 12 33
6 13 34
6 14 37
6 15 83
6 16 42
6 17 3
6 18 8
6 19 4
6 20 26
6 21 37
6 22 285
6 23 41
6 24 54
6 25 27
6 26 66
6 27 23
6 28 8
6 29 12
6 30 76
6 31 40
6 32 4
6 33 4
6 34 43
6 35 24
6 36 2
6 37 30
6 38 0
6 39 34
6 40 35
6 41 1
6 42 63
6 43 54
6 44 54
6 45 2
6 46 10
6 47 44
6 48 30
6 49 30
6 50 19
6 51 2
6 52 33
6 53 15
6 54 17
6 55 52
6 56 67
6 57 48
6 58 31
6 59 93
6 60 72
6 61 37
6 62 27
6 63 49
6 64 26
6 65 31
6 66 19
6 67 7
6 68 9
7 0 36
7 1 32
7 2 39
7 3 5
7 4 3
7 5 13
7 6 26
7 7 0
7 8 46
7 9 83
7 10 2
7 11 29
7 12 36
7 13 65
7 14 20
7 15 1
7 16 25
7 17 45
7 18 14
7 19 2
7 20 62
7 21 68
7 22 8
7 23 8
7 24 10
7 25 54
7 26 2
7 27 2
7 28 26
7 29 7
7 30 20
7 31 22
7 32 19
7 33 44
7 34 74
7 35 6
7 36 22
7 37 20
7 38 21
7 39 33
7 40 14
7 41 47
7 42 10
7 43 18
7 44 97
7 45 37
7 46 10
7 47 43
7 48 90
7 49 19
7 50 26
7 51 33
7 52 29
7 53 60
7 54 15
7 55 39
7 56 40
7 57 2
7 58 25
7 59 23
7 60 29
7 61 60
7 62 21
7 63 30
7 64 26
7 65 41
7 66 18
7 67 34
7 68 138
8 0 1
8 1 41
8 2 24
8 3 15
8 4 48
8 5 24
8 6 21
8 7 27
8 8 0
8 9 30
8 10 22
8 11 33
8 12 3
8 13 2
8 14 52
8 15 33
8 16 2
8 17 20
8 18 58
8 19 2
8 20 1
8 21 28
8 22 26
8 23 28
8 24 14
8 25 13
8 26 27
8 27 14
8 28 13
8 29 8
8 30 18
8 31 70
8 32 8
8 33 31
8 34 107
8 35 22
8 36 24
8 37 29
8 38 8
8 39 61
8 40 9
8 41 10
8 42 35
8 43 75
8 44 27
8 45 10
8 46 94
8 47 39
8 48 32
8 49 0
8 50 0
8 51 5
8 52 22
8 53 7
8 54 18
8 55 22
8 56 50
8 57 12
8 58 11
8 59 13
8 60 42
8 61 312
8 62 32
8 63 9
8 64 15
8 65 30
8 66 32
8 67 14
8 68 14
9 0 17
9 1 87
9 2 22
9 3 3
9 4 1
9 5 20
9 6 12
9 7 55
9 8 26
9 9 0
9 10 19
9 11 25
9 12 19
9 13 23
9 14 12
9 15 13
9 16 17
9 17 35
9 18 3
9 19 20
9 20 23
9 21 46
9 22 5
9 23 12
9 24 41
9 25 10
9 26 19
9 27 4
9 28 42
9 29 15
9 30 1
9 31 25
9 32 33
9 33 13
9 34 58
9 35 12
9 36 131
9 37 24
9 38 109
9 39 17
9 40 1
9 41 41
9 42 10
9 43 83
9 44 16
9 45 27
9 46 33
9 47 18
9 48 69
9 49 99
9 50 17
9 51 32
9 52 1
9 53 20
9 54 7
9 55 27
9 56 14
9 57 3
9 58 25
9 59 20
9 60 4
9 61 30
9 62 31
9 63 3
9 64 12
9 65 14
9 66 6
9 67 47
9 68 51
10 0 26
10 1 9
10 2 24
10 3 8
10 4 6
10 5 17
10 6 59
10 7 0
10 8 6
10 9 17
10 10 0
10 11 76
10 12 2
10 13 3
10 14 49
10 15 90
10 16 14
10 17 11
10 18 28
10 19 8
10 20 9
10 21 17
10 22 36
10 23 26
10 24 9
10 25 27
10 26 31
10 27 17
10 28 8
10 29 72
10 30 39
10 31 28
10 32 11
10 33 3
10 34 25
10 35 88
10 36 11
10 37 25
10 38 20
10 39 64
10 40 50
10 41 20
10 42 29
10 43 10
10 44 21
10 45 8
10 46 17
10 47 17
10 48 10
10 49 16
10 50 42
10 51 21
10 52 33
10 53 11
10 54 30
10 55 25
10 56 62
10 57 216
10 58 8
10 59 0
10 60 19
10 61 25
10 62 15
10 63 8
10 64 18
10 65 19
10 66 36
10 67 29
10 68 21
11 0 47
11 1 18
11 2 24
11 3 9
11 4 2
11 5 18
11 6 13
11 7 17
11 8 14
11 9 0
11 10 38
11 11 0
11 12 30
11 13 4
11 14 50
11 15 34
11 16 9
11 17 13
11 18 57
11 19 9
11 20 25
11 21 7
11 22 25
11 23 35
11 24 9
11 25 0
11 26 28
11 27 8
11 28 5
11 29 19
11 30 16
11 31 17
11 32 19
11 33 25
11 34 39
11 35 97
11 36 18
11 37 18
11 38 15
11 39 77
11 40 52
11 41 22
11 42 3
11 43 2
11 44 18
11 45 1
11 46 24
11 47 27
11 48 9
11 49 22
11 50 94
11 51 13
11 52 13
11 53 6
11 54 20
11 55 4
11 56 26
11 57 33
11 58 23
11 59 14
11 60 34
11 61 13
11 62 4
11 63 15
11 64 7
11 65 11
11 66 20
11 67 0
11 68 1
12 0 10
12 1 1
12 2 17
12 3 18
12 4 10
12 5 10
12 6 55
12 7 32
12 8 39
12 9 2
12 10 29
12 11 8
12 12 0
12 13 12
12 14 92
12 15 38
12 16 17
12 17 18
12 18 64
12 19 7
12 20 3
12 21 38
12 22 32
12 23 21
12 24 36
12 25 24
12 26 21
12 27 15
12 28 16
12 29 45
12 30 1
12 31 28
12 32 38
12 33 30
12 34 66
12 35 49
12 36 3
12 37 19
12 38 23
12 39 205
12 40 10
12 41 27
12 42 19
12 43 41
12 44 36
12 45 54
12 46 29
12 47 12
12 48 21
12 49 19
12 50 159
12 51 7
12 52 27
12 53 7
12 54 5
12 55 39
12 56 122
12 57 37
12 58 5
12 59 33
12 60 1
12 61 67
12 62 24
12 63 9
12 64 21
12 65 24
12 66 22
12 67 21
12 68 19
13 0 30
13 1 52
13 2 27
13 3 27
13 4 10
13 5 19
13 6 17
13 7 51
13 8 33
13 9 8
13 10 22
13 11 9
13 12 3
13 13 0
13 14 4
13 15 26
13 16 32
13 17 37
13 18 13
13 19 13
13 20 73
13 21 12
13 22 20
13 23 5
13 24 76
13 25 42
13 26 17
13 27 28
13 28 15
13 29 6
13 30 0
13 31 12
13 32 4
13 33 27
13 34 15
13 35 12
13 36 39
13 37 16
13 38 51
13 39 13
13 40 21
13 41 6
13 42 15
13 43 19
13 44 112
13 45 34
13 46 21
13 47 30
13 48 37
13 49 47
13 50 19
13 51 89
13 52 21
13 53 181
13 54 1
13 55 41
13 56 12
13 57 16
13 58 0
13 59 49
13 60 13
13 61 25
13 62 15
13 63 38
13 64 49
13 65 24
13 66 17
13 67 152
13 68 40
14 0 1
14 1 37
14 2 54
14 3 7
14 4 63
14 5 20
14 6 14
14 7 10
14 8 8
14 9 4
14 10 20
14 11 14
14 12 96
14 13 25
14 14 0
14 15 11
14 16 19
14 17 14
14 18 100
14 19 4
14 20 1
14 21 22
14 22 6
14 23 32
14 24 30
14 25 4
14 26 3
14 27 8
14 28 9
14 29 32
14 30 21
14 31 4
14 32 8
14 33 26
14 34 21
14 35 0
14 36 17
14 37 19
14 38 10
14 39 4
14 40 14
14 41 3
14 42 32
14 43 33
14 44 8
14 45 32
14 46 17
14 47 8
14 48 13
14 49 10
14 50 258
14 51 24
14 52 27
14 53 21
14 54 6
14 55 34
14 56 64
14 57 4
14 58 13
14 59 10
14 60 23
14 61 11
14 62 27
14 63 17
14 64 9
14 65 25
14 66 35
14 67 24
14 68 8
15 0 104
15 1 15
15 2 15
15 3 22
15 4 2
15 5 13
15 6 18
15 7 13
15 8 29
15 9 16
15 10 28
15 11 62
15 12 52
15 13 30
15 14 34
15 15 0
15 16 23
15 17 0
15 18 39
15 19 19
15 20 30
15 21 17
15 22 43
15 23 59
15 24 1
15 25 14
15 26 40
15 27 17
15 28 6
15 29 45
15 30 20
15 31 29
15 32 0
15 33 20
15 34 1
15 35 51
15 36 3
15 37 39
15 38 16
15 39 59
15 40 15
15 41 20
15 42 34
15 43 18
15 44 23
15 45 90
15 46 20
15 47 68
15 48 34
15 49 4
15 50 0
15 51 15
15 52 33
15 53 1
15 54 8
15 55 64
15 56 32
15 57 50
15 58 3
15 59 62
15 60 153
15 61 34
15 62 6
15 63 17
15 64 16
15 65 48
15 66 31
15 67 1
15 68 43
16 0 35
16 1 21
16 2 22
16 3 36
16 4 22
16 5 29
16 6 35
16 7 41
16 8 24
16 9 0
16 10 23
16 11 22
16 12 17
16 13 18
16 14 3
16 15 7
16 16 0
16 17 31
16 18 27
16 19 1
16 20 134
16 21 15
16 22 31
16 23 24
16 24 84
16 25 57
16 26 16
16 27 34
16 28 19
16 29 22
16 30 18
16 31 5
16 32 18
16 33 9
16 34 11
16 35 16
16 36 12
16 37 81
16 38 7
16 39 23
16 40 2
16 41 13
16 42 9
16 43 8
16 44 91
16 45 14
16 46 17
16 47 26
16 48 34
16 49 10
16 50 13
16 51 23
16 52 1
16 53 2
16 54 31
16 55 58
16 56 9
16 57 18
16 58 9
16 59 10
16 60 13
16 61 8
16 62 19
16 63 114
16 64 13
16 65 48
16 66 6
16 67 62
16 68 5
17 0 28
17 1 39
17 2 13
17 3 1
17 4 18
17 5 32
17 6 6
17 7 18
17 8 4
17 9 51
17 10 2
17 11 19
17 12 6
17 13 128
17 14 20
17 15 0
17 16 1
17 17 0
17 18 6
17 19 5
17 20 12
17 21 12
17 22 31
17 23 7
17 24 21
17 25 7
17 26 21
17 27 12
17 28 48
17 29 17
17 30 5
17 31 15
17 32 11
17 33 26
17 34 4
17 35 11
17 36 6
17 37 14
17 38 17
17 39 12
17 40 17
17 41 28
17 42 26
17 43 12
17 44 23
17 45 23
17 46 13
17 47 34
17 48 20
17 49 16
17 50 19
17 51 80
17 52 26
17 53 47
17 54 47
17 55 6
17 56 5
17 57 13
17 58 6
17 59 30
17 60 27
17 61 9
17 62 21
17 63 16
17 64 48
17 65 17
17 66 18
17 67 85
17 68 26
18 0 28
18 1 9
18 2 37
18 3 16
18 4 16
18 5 22
18 6 25
18 7 16
18 8 29
18 9 23
18 10 18
18 11 124
18 12 67
18 13 5
18 14 64
18 15 82
18 16 8
18 17 12
18 18 0
18 19 7
18 20 32
18 21 34
18 22 56
18 23 36
18 24 8
18 25 31
18 26 36
18 27 8
18 28 11
18 29 58
18 30 14
18 31 36
18 32 20
18 33 16
18 34 37
18 35 27
18 36 20
18 37 22
18 38 5
18 39 198
18 40 24
18 41 13
18 42 28
18 43 1
18 44 10
18 45 47
18 46 7
18 47 27
18 48 1
18 49 27
18 50 130
18 51 3
18 52 0
18 53 19
18 54 17
18 55 38
18 56 188
18 57 14
18 58 29
18 59 27
18 60 66
18 61 25
18 62 7
18 63 35
18 64 8
18 65 24
18 66 33
18 67 30
18 68 7
19 0 10
19 1 30
19 2 31
19 3 7
19 4 27
19 5 6
19 6 18
19 7 11
19 8 44
19 9 12
19 10 7
19 11 10
19 12 26
19 13 21
19 14 1
19 15 3
19 16 1
19 17 10
19 18 1
19 19 0
19 20 9
19 21 10
19 22 1
19 23 3
19 24 6
19 25 1
19 26 6
19 27 13
19 28 1
19 29 19
19 30 15
19 31 34
19 32 24
19 33 2
19 34 5
19 35 19
19 36 23
19 37 7
19 38 27
19 39 15
19 40 17
19 41 25
19 42 15
19 43 5
19 44 17
19 45 21
19 46 48
19 47 0
19 48 31
19 49 38
19 50 20
19 51 17
19 52 19
19 53 2
19 54 6
19 55 3
19 56 3
19 57 20
19 58 150
19 59 6
19 60 18
19 61 3
19 62 104
19 63 4
19 64 16
19 65 12
19 66 9
19 67 11
19 68 25
20 0 46
20 1 11
20 2 7
20 3 10
20 4 1
20 5 34
20 6 31
20 7 0
20 8 21
20 9 27
20 10 23
20 11 6
20 12 35
20 13 61
20 14 2
20 15 33
20 16 14
20 17 38
20 18 18
20 19 21
20 20 0
20 21 13
20 22 36
20 23 2
20 24 62
20 25 103
20 26 34
20 27 30
20 28 15
20 29 12
20 30 39
20 31 6
20 32 14
20 33 22
20 34 27
20 35 9
20 36 13
20 37 158
20 38 1
20 39 26
20 40 32
20 41 89
20 42 30
20 43 44
20 44 183
20 45 0
20 46 1
20 47 49
20 48 5
20 49 4
20 50 28
20 51 94
20 52 106
20 53 79
20 54 41
20 55 10
20 56 27
20 57 29
20 58 1
20 59 13
20 60 17
20 61 9
20 62 22
20 63 69
20 64 26
20 65 41
20 66 2
20 67 77
20 68 72
21 0 26
21 1 136
21 2 6
21 3 13
21 4 4
21 5 11
21 6 32
21 7 13
21 8 96
21 9 39
21 10 25
21 11 14
21 12 11
21 13 47
21 14 42
21 15 32
21 16 19
21 17 36
21 18 3
21 19 21
21 20 12
21 21 0
21 22 21
21 23 7
21 24 41
21 25 9
21 26 26
21 27 11
21 28 4
21 29 2
21 30 13
21 31 39
21 32 20
21 33 72
21 34 180
21 35 20
21 36 23
21 37 7
21 38 13
21 39 35
21 40 16
21 41 24
21 42 43
21 43 113
21 44 2
21 45 4
21 46 141
21 47 26
21 48 4
21 49 37
21 50 33
21 51 20
21 52 2
21 53 32
21 54 17
21 55 33
21 56 22
21 57 12
21 58 4
21 59 58
21 60 25
21 61 129
21 62 21
21 63 2
21 64 36
21 65 15
21 66 1
21 67 9
21 68 13
22 0 55
22 1 48
22 2 61
22 3 22
22 4 21
22 5 25
22 6 134
22 7 37
22 8 115
22 9 15
22 10 12
22 11 16
22 12 49
22 13 0
22 14 63
22 15 25
22 16 8
22 17 6
22 18 70
22 19 25
22 20 44
22 21 49
22 22 0
22 23 8
22 24 49
22 25 48
22 26 13
22 27 19
22 28 24
22 29 27
22 30 3
22 31 40
22 32 7
22 33 16
22 34 79
22 35 35
22 36 27
22 37 43
22 38 17
22 39 77
22 40 53
22 41 33
22 42 58
22 43 38
22 44 43
22 45 98
22 46 7
22 47 15
22 48 9
22 49 2
22 50 38
22 51 41
22 52 43
22 53 5
22 54 13
22 55 59
22 56 11
22 57 14
22 58 13
22 59 104
22 60 72
22 61 102
22 62 30
22 63 25
22 64 17
22 65 13
22 66 43
22 67 26
22 68 48
23 0 17
23 1 3
23 2 13
23 3 14
23 4 23
23 5 24
23 6 26
23 7 1
23 8 8
23 9 9
23 10 89
23 11 45
23 12 20
23 13 13
23 14 21
23 15 57
23 16 14
23 17 20
23 18 22
23 19 19
23 20 35
23 21 21
23 22 33
23 23 0
23 24 4
23 25 49
23 26 70
23 27 3
23 28 15
23 29 8
23 30 62
23 31 6
23 32 18
23 33 1
23 34 9
23 35 63
23 36 15
23 37 0
23 38 19
23 39 29
23 40 186
23 41 16
23 42 16
23 43 17
23 44 34
23 45 1
23 46 18
23 47 1
23 48 10
23 49 23
23 50 3
23 51 29
23 52 10
23 53 4
23 54 37
23 55 76
23 56 0
23 57 23
23 58 4
23 59 40
23 60 62
23 61 5
23 62 18
23 63 44
23 64 18
23 65 8
23 66 159
23 67 1
23 68 34
24 0 30
24 1 38
24 2 5
24 3 15
24 4 0
24 5 20
24 6 47
24 7 40
24 8 27
24 9 37
24 10 10
24 11 4
24 12 29
24 13 72
24 14 2
24 15 15
24 16 8
24 17 11
24 18 7
24 19 9
24 20 130
24 21 24
24 22 21
24 23 37
24 24 0
24 25 27
24 26 38
24 27 9
24 28 20
24 29 0
24 30 54
24 31 40
24 32 4
24 33 3
24 34 3
24 35 15
24 36 25
24 37 68
24 38 25
24 39 36
24 40 41
24 41 89
24 42 41
24 43 49
24 44 498
24 45 9
24 46 19
24 47 59
24 48 9
24 49 27
24 50 32
24 51 47
24 52 70
24 53 36
24 54 43
24 55 25
24 56 39
24 57 20
24 58 8
24 59 128
24 60 37
24 61 36
24 62 29
24 63 54
24 64 18
24 65 84
24 66 34
24 67 125
24 68 80
25 0 42
25 1 32
25 2 0
25 3 16
25 4 23
25 5 17
25 6 8
25 7 5
25 8 6
25 9 31
25 10 29
25 11 8
25 12 34
25 13 30
25 14 3
25 15 30
25 16 39
25 17 15
25 18 13
25 19 6
25 20 62
25 21 4
25 22 37
25 23 39
25 24 13
25 25 0
25 26 35
25 27 3
25 28 13
25 29 30
25 30 41
25 31 29
25 32 4
25 33 16
25 34 0
25 35 22
25 36 7
25 37 77
25 38 8
25 39 20
25 40 45
25 41 32
25 42 15
25 43 0
25 44 55
25 45 75
25 46 9
25 47 195
25 48 12
25 49 4
25 50 14
25 51 48
25 52 92
25 53 22
25 54 12
25 55 83
25 56 17
25 57 10
25 58 3
25 59 26
25 60 16
25 61 30
25 62 8
25 63 118
25 64 1
25 65 19
25 66 66
25 67 39
25 68 6
26 0 125
26 1 27
26 2 6
26 3 0
26 4 23
26 5 1
26 6 13
26 7 3
26 8 4
26 9 7
26 10 39
26 11 12
26 12 16
26 13 24
26 14 1
26 15 119
26 16 36
26 17 26
26 18 21
26 19 2
26 20 35
26 21 4
26 22 1
26 23 165
26 24 11
26 25 60
26 26 0
26 27 18
26 28 15
26 29 59
26 30 67
26 31 7
26 32 0
26 33 15
26 34 12
26 35 23
26 36 8
26 37 2
26 38 22
26 39 32
26 40 99
26 41 19
26 42 24
26 43 22
26 44 44
26 45 77
26 46 29
26 47 4
26 48 16
26 49 14
26 50 39
26 51 33
26 52 8
26 53 1
26 54 22
26 55 75
26 56 28
26 57 53
26 58 7
26 59 49
26 60 32
26 61 30
26 62 22
26 63 64
26 64 3
26 65 9
26 66 442
26 67 11
26 68 20
27 0 4
27 1 3
27 2 1
27 3 245
27 4 1
27 5 82
27 6 12
27 7 3
27 8 5
27 9 7
27 10 17
27 11 11
27 12 9
27 13 3
27 14 5
27 15 2
27 16 37
27 17 16
27 18 7
27 19 1
27 20 3
27 21 2
27 22 7
27 23 17
27 24 7
27 25 24
27 26 9
27 27 0
27 28 12
27 29 21
27 30 22
27 31 11
27 32 16
27 33 14
27 34 16
27 35 5
27 36 5
27 37 8
27 38 5
27 39 3
27 40 27
27 41 20
27 42 24
27 43 8
27 44 4
27 45 20
27 46 16
27 47 19
27 48 10
27 49 9
27 50 3
27 51 2
27 52 30
27 53 14
27 54 43
27 55 12
27 56 0
27 57 2
27 58 11
27 59 14
27 60 16
27 61 13
27 62 2
27 63 1
27 64 1
27 65 42
27 66 23
27 67 11
27 68 11
28 0 19
28 1 5
28 2 6
28 3 16
28 4 10
28 5 18
28 6 4
28 7 27
28 8 10
28 9 19
28 10 6
28 11 1
28 12 16
28 13 25
28 14 11
28 15 7
28 16 16
28 17 44
28 18 14
28 19 6
28 20 12
28 21 25
28 22 7
28 23 4
28 24 13
28 25 20
28 26 4
28 27 9
28 28 0
28 29 2
28 30 14
28 31 1
28 32 9
28 33 26
28 34 6
28 35 1
28 36 73
28 37 28
28 38 5
28 39 3
28 40 8
28 41 40
28 42 35
28 43 32
28 44 16
28 45 14
28 46 13
28 47 12
28 48 18
28 49 22
28 50 4
28 51 8
28 52 16
28 53 3
28 54 0
28 55 3
28 56 8
28 57 13
28 58 2
28 59 15
28 60 14
28 61 7
28 62 0
28 63 3
28 64 43
28 65 15
28 66 1
28 67 3
28 68 2
29 0 56
29 1 13
29 2 24
29 3 0
29 4 4
29 5 8
29 6 41
29 7 14
29 8 18
29 9 6
29 10 132
29 11 9
29 12 15
29 13 22
29 14 40
29 15 68
29 16 17
29 17 1
29 18 5
29 19 15
29 20 12
29 21 20
29 22 0
29 23 64
29 24 25
29 25 11
29 26 33
29 27 10
29 28 3
29 29 0
29 30 21
29 31 13
29 32 1
29 33 22
29 34 0
29 35 137
29 36 6
29 37 0
29 38 1
29 39 21
29 40 74
29 41 22
29 42 8
29 43 11
29 44 1
29 45 17
29 46 10
29 47 12
29 48 2
29 49 17
29 50 38
29 51 1
29 52 6
29 53 3
29 54 16
29 55 48
29 56 59
29 57 177
29 58 20
29 59 14
29 60 40
29 61 4
29 62 7
29 63 31
29 64 6
29 65 28
29 66 43
29 67 9
29 68 28
30 0 103
30 1 16
30 2 20
30 3 27
30 4 18
30 5 29
30 6 8
30 7 13
30 8 3
30 9 5
30 10 40
30 11 30
30 12 16
30 13 18
30 14 28
30 15 40
30 16 59
30 17 34
30 18 24
30 19 17
30 20 24
30 21 30
30 22 19
30 23 4
30 24 67
30 25 136
30 26 65
30 27 19
30 28 16
30 29 42
30 30 0
30 31 17
30 32 7
30 33 15
30 34 4
30 35 26
30 36 4
30 37 25
30 38 23
30 39 1
30 40 43
30 41 36
30 42 36
30 43 35
30 44 42
30 45 135
30 46 30
30 47 188
30 48 18
30 49 29
30 50 0
30 51 37
30 52 100
30 53 36
30 54 31
30 55 250
30 56 5
30 57 32
30 58 2
30 59 83
30 60 63
30 61 7
30 62 19
30 63 48
30 64 26
30 65 46
30 66 72
30 67 16
30 68 46
31 0 11
31 1 17
31 2 85
31 3 10
31 4 30
31 5 14
31 6 23
31 7 4
31 8 22
31 9 23
31 10 15
31 11 37
31 12 16
31 13 9
31 14 33
31 15 14
31 16 11
31 17 4
31 18 6
31 19 34
31 20 3
31 21 6
31 22 59
31 23 17
31 24 2
31 25 13
31 26 20
31 27 18
31 28 18
31 29 17
31 30 31
31 31 0
31 32 53
31 33 152
31 34 133
31 35 27
31 36 37
31 37 30
31 38 33
31 39 16
31 40 1
31 41 30
31 42 25
31 43 67
31 44 10
31 45 1
31 46 776
31 47 23
31 48 27
31 49 80
31 50 11
31 51 6
31 52 8
31 53 19
31 54 14
31 55 33
31 56 15
31 57 20
31 58 27
31 59 4
31 60 8
31 61 40
31 62 82
31 63 5
31 64 40
31 65 30
31 66 6
31 67 35
31 68 43
32 0 26
32 1 43
32 2 118
32 3 12
32 4 7
32 5 18
32 6 38
32 7 43
32 8 51
32 9 44
32 10 6
32 11 22
32 12 34
32 13 26
32 14 35
32 15 24
32 16 4
32 17 10
32 18 23
32 19 42
32 20 5
32 21 41
32 22 27
32 23 5
32 24 16
32 25 2
32 26 7
32 27 0
32 28 10
32 29 4
32 30 13
32 31 128
32 32 0
32 33 78
32 34 24
32 35 11
32 36 11
32 37 9
32 38 4
32 39 29
32 40 19
32 41 25
32 42 0
32 43 58
32 44 7
32 45 0
32 46 14
32 47 29
32 48 29
32 49 1
32 50 34
32 51 5
32 52 5
32 53 1
32 54 16
32 55 11
32 56 32
32 57 8
32 58 33
32 59 0
32 60 24
32 61 37
32 62 186
32 63 17
32 64 18
32 65 10
32 66 17
32 67 1
32 68 1
33 0 6
33 1 140
33 2 117
33 3 8
33 4 9
33 5 3
33 6 22
33 7 35
33 8 49
33 9 40
33 10 25
33 11 30
33 12 1
33 13 20
33 14 34
33 15 14
33 16 19
33 17 19
33 18 32
33 19 21
33 20 4
33 21 99
33 22 41
33 23 13
33 24 10
33 25 24
33 26 18
33 27 0
33 28 18
33 29 3
33 30 8
33 31 106
33 32 112
33 33 0
33 34 21
33 35 2
33 36 43
33 37 8
33 38 38
33 39 24
33 40 1
33 41 30
33 42 54
33 43 38
33 44 21
33 45 27
33 46 79
33 47 7
33 48 16
33 49 12
33 50 29
33 51 29
33 52 2
33 53 33
33 54 13
33 55 29
33 56 2
33 57 19
33 58 27
33 59 42
33 60 3
33 61 18
33 62 113
33 63 7
33 64 11
33 65 24
33 66 15
33 67 29
33 68 14
34 0 4
34 1 42
34 2 19
34 3 3
34 4 42
34 5 10
34 6 51
34 7 20
34 8 151
34 9 29
34 10 7
34 11 30
34 12 20
34 13 24
34 14 29
34 15 14
34 16 14
34 17 19
34 18 36
34 19 6
34 20 6
34 21 101
34 22 53
34 23 17
34 24 45
34 25 17
34 26 4
34 27 11
34 28 14
34 29 1
34 30 7
34 31 107
34 32 23
34 33 71
34 34 0
34 35 31
34 36 42
34 37 17
34 38 42
34 39 17
34 40 31
34 41 19
34 42 70
34 43 44
34 44 13
34 45 26
34 46 133
34 47 23
34 48 152
34 49 29
34 50 29
34 51 24
34 52 3
34 53 32
34 54 3
34 55 25
34 56 13
34 57 4
34 58 19
34 59 20
34 60 15
34 61 159
34 62 37
34 63 10
34 64 15
34 65 0
34 66 8
34 67 19
34 68 43
35 0 53
35 1 5
35 2 23
35 3 7
35 4 8
35 5 15
35 6 26
35 7 4
35 8 24
35 9 11
35 10 60
35 11 66
35 12 14
35 13 14
35 14 8
35 15 39
35 16 9
35 17 4
35 18 60
35 19 4
35 20 20
35 21 8
35 22 6
35 23 61
35 24 2
35 25 0
35 26 14
35 27 15
35 28 14
35 29 117
35 30 9
35 31 14
35 32 14
35 33 12
35 34 26
35 35 0
35 36 17
35 37 24
35 38 10
35 39 52
35 40 71
35 41 17
35 42 9
35 43 3
35 44 11
35 45 10
35 46 11
35 47 21
35 48 19
35 49 8
35 50 7
35 51 17
35 52 19
35 53 6
35 54 17
35 55 43
35 56 54
35 57 36
35 58 21
35 59 22
35 60 60
35 61 21
35 62 4
35 63 20
35 64 0
35 65 5
35 66 36
35 67 19
35 68 9
36 0 4
36 1 17
36 2 14
36 3 9
36 4 13
36 5 26
36 6 2
36 7 54
36 8 0
36 9 59
36 10 1
36 11 3
36 12 16
36 13 53
36 14 23
36 15 23
36 16 5
36 17 13
36 18 8
36 19 2
36 20 27
36 21 47
36 22 8
36 23 15
36 24 40
36 25 1
36 26 11
36 27 7
36 28 4
36 29 9
36 30 15
36 31 1
36 32 9
36 33 27
36 34 11
36 35 7
36 36 0
36 37 34
36 38 103
36 39 8
36 40 17
36 41 62
36 42 23
36 43 13
36 44 43
36 45 18
36 46 38
36 47 1
36 48 37
36 49 29
36 50 6
36 51 1
36 52 28
36 53 75
36 54 10
36 55 14
36 56 23
36 57 3
36 58 11
36 59 32
36 60 18
36 61 14
36 62 14
36 63 22
36 64 29
36 65 7
36 66 22
36 67 4
36 68 1
37 0 10
37 1 31
37 2 26
37 3 36
37 4 0
37 5 0
37 6 4
37 7 15
37 8 28
37 9 23
37 10 12
37 11 16
37 12 17
37 13 10
37 14 19
37 15 1
37 16 52
37 17 43
37 18 7
37 19 20
37 20 268
37 21 1
37 22 22
37 23 29
37 24 37
37 25 3
37 26 5
37 27 10
37 28 11
37 29 23
37 30 50
37 31 14
37 32 13
37 33 25
37 34 31
37 35 5
37 36 40
37 37 0
37 38 26
37 39 29
37 40 24
37 41 103
37 42 47
37 43 33
37 44 97
37 45 47
37 46 30
37 47 74
37 48 2
37 49 13
37 50 0
37 51 185
37 52 27
37 53 79
37 54 17
37 55 40
37 56 28
37 57 1
37 58 16
37 59 37
37 60 42
37 61 25
37 62 18
37 63 71
37 64 0
37 65 99
37 66 3
37 67 118
37 68 34
38 0 12
38 1 14
38 2 24
38 3 20
38 4 1
38 5 24
38 6 22
38 7 7
38 8 31
38 9 142
38 10 15
38 11 20
38 12 22
38 13 6
38 14 23
38 15 21
38 16 28
38 17 44
38 18 11
38 19 26
38 20 9
38 21 39
38 22 8
38 23 17
38 24 31
38 25 17
38 26 1
38 27 3
38 28 43
38 29 5
38 30 27
38 31 39
38 32 31
38 33 37
38 34 4
38 35 12
38 36 53
38 37 14
38 38 0
38 39 20
38 40 6
38 41 40
38 42 24
38 43 55
38 44 36
38 45 7
38 46 32
38 47 4
38 48 37
38 49 2
38 50 7
38 51 12
38 52 15
38 53 52
38 54 14
38 55 0
38 56 21
38 57 5
38 58 12
38 59 21
38 60 12
38 61 2
38 62 27
38 63 25
38 64 158
38 65 7
38 66 20
38 67 29
38 68 32
39 0 48
39 1 19
39 2 35
39 3 2
39 4 27
39 5 13
39 6 55
39 7 26
39 8 29
39 9 28
39 10 32
39 11 46
39 12 380
39 13 29
39 14 64
39 15 12
39 16 1
39 17 6
39 18 210
39 19 0
39 20 23
39 21 37
39 22 8
39 23 10
39 24 17
39 25 26
39 26 48
39 27 4
39 28 10
39 29 11
39 30 7
39 31 33
39 32 4
39 33 0
39 34 8
39 35 69
39 36 11
39 37 5
39 38 21
39 39 0
39 40 16
39 41 19
39 42 13
39 43 16
39 44 9
39 45 3
39 46 22
39 47 40
39 48 36
39 49 38
39 50 133
39 51 19
39 52 27
39 53 26
39 54 24
39 55 19
39 56 173
39 57 21
39 58 4
39 59 47
39 60 22
39 61 56
39 62 8
39 63 31
39 64 25
39 65 28
39 66 40
39 67 5
39 68 22
40 0 195
40 1 24
40 2 17
40 3 13
40 4 19
40 5 18
40 6 60
40 7 3
40 8 19
40 9 13
40 10 106
40 11 26
40 12 19
40 13 1
40 14 38
40 15 13
40 16 29
40 17 8
40 18 20
40 19 17
40 20 40
40 21 5
40 22 11
40 23 106
40 24 14
40 25 54
40 26 15
40 27 2
40 28 0
40 29 46
40 30 32
40 31 13
40 32 7
40 33 0
40 34 20
40 35 19
40 36 5
40 37 27
40 38 14
40 39 9
40 40 0
40 41 17
40 42 8
40 43 27
40 44 8
40 45 30
40 46 11
40 47 9
40 48 5
40 49 15
40 50 15
40 51 16
40 52 43
40 53 14
40 54 24
40 55 5
40 56 13
40 57 72
40 58 21
40 59 19
40 60 118
40 61 17
40 62 2
40 63 30
40 64 17
40 65 21
40 66 64
40 67 21
40 68 32
41 0 34
41 1 11
41 2 20
41 3 15
41 4 5
41 5 38
41 6 39
41 7 72
41 8 5
41 9 4
41 10 1
41 11 13
41 12 26
41 13 18
41 14 3
41 15 6
41 16 33
41 17 4
41 18 2
41 19 9
41 20 78
41 21 26
41 22 36
41 23 19
41 24 21
41 25 9
41 26 5
41 27 5
41 28 3
41 29 16
41 30 8
41 31 39
41 32 11
41 33 24
41 34 33
41 35 10
41 36 65
41 37 56
41 38 7
41 39 14
41 40 13
41 41 0
41 42 102
41 43 34
41 44 170
41 45 18
41 46 8
41 47 1
41 48 34
41 49 36
41 50 15
41 51 64
41 52 24
41 53 112
41 54 44
41 55 45
41 56 26
41 57 9
41 58 23
41 59 33
41 60 11
41 61 44
41 62 1
41 63 29
41 64 7
41 65 43
41 66 9
41 67 77
41 68 17
42 0 3
42 1 2
42 2 16
42 3 10
42 4 32
42 5 5
42 6 3
42 7 136
42 8 64
42 9 66
42 10 6
42 11 4
42 12 18
42 13 78
42 14 30
42 15 18
42 16 35
42 17 11
42 18 25
42 19 12
42 20 10
42 21 64
42 22 19
42 23 17
42 24 13
42 25 26
42 26 8
42 27 18
42 28 20
42 29 6
42 30 4
42 31 44
42 32 45
42 33 36
42 34 11
42 35 16
42 36 49
42 37 14
42 38 57
42 39 13
42 40 11
42 41 31
42 42 0
42 43 122
42 44 18
42 45 46
42 46 20
42 47 56
42 48 98
42 49 70
42 50 30
42 51 15
42 52 1
42 53 1
42 54 13
42 55 31
42 56 27
42 57 19
42 58 7
42 59 18
42 60 14
42 61 44
42 62 26
42 63 23
42 64 34
42 65 41
42 66 8
42 67 51
42 68 87
43 0 29
43 1 254
43 2 47
43 3 20
43 4 43
43 5 17
43 6 40
43 7 97
43 8 51
43 9 75
43 10 25
43 11 7
43 12 38
43 13 12
43 14 6
43 15 20
43 16 17
43 17 13
43 18 23
43 19 6
43 20 12
43 21 155
43 22 28
43 23 18
43 24 19
43 25 8
43 26 25
43 27 11
43 28 20
43 29 6
43 30 35
43 31 72
43 32 32
43 33 5
43 34 28
43 35 25
43 36 12
43 37 12
43 38 36
43 39 6
43 40 25
43 41 50
43 42 143
43 43 0
43 44 26
43 45 28
43 46 24
43 47 23
43 48 217
43 49 173
43 50 8
43 51 29
43 52 1
43 53 46
43 54 22
43 55 17
43 56 23
43 57 0
43 58 23
43 59 54
43 60 30
43 61 44
43 62 33
43 63 11
43 64 4
43 65 10
43 66 15
43 67 39
43 68 28
44 0 8
44 1 31
44 2 23
44 3 9
44 4 1
44 5 17
44 6 58
44 7 68
44 8 3
44 9 14
44 10 31
44 11 12
44 12 34
44 13 39
44 14 24
44 15 12
44 16 77
44 17 6
44 18 22
44 19 1
44 20 8
44 21 25
44 22 1
44 23 24
44 24 26
44 25 49
44 26 34
44 27 7
44 28 3
44 29 1
44 30 66
44 31 21
44 32 2
44 33 9
44 34 39
44 35 16
44 36 28
44 37 107
44 38 34
44 39 27
44 40 22
44 41 68
44 42 26
44 43 22
44 44 0
44 45 11
44 46 6
44 47 62
44 48 35
44 49 0
44 50 13
44 51 12
44 52 51
44 53 20
44 54 23
44 55 38
44 56 32
44 57 13
44 58 7
44 59 1
44 60 25
44 61 17
44 62 5
44 63 39
44 64 2
44 65 29
44 66 9
44 67 109
44 68 19
45 0 92
45 1 9
45 2 12
45 3 5
45 4 0
45 5 25
45 6 74
45 7 27
45 8 40
45 9 5
45 10 52
45 11 32
45 12 4
45 13 43
45 14 32
45 15 127
45 16 40
45 17 13
45 18 14
45 19 18
45 20 38
45 21 17
45 22 30
45 23 24
45 24 25
45 25 34
45 26 47
45 27 1
45 28 17
45 29 34
45 30 78
45 31 25
45 32 8
45 33 17
45 34 52
45 35 24
45 36 1
45 37 15
45 38 7
45 39 26
45 40 54
45 41 29
45 42 23
45 43 14
45 44 44
45 45 0
45 46 37
45 47 16
45 48 41
45 49 21
45 50 20
45 51 59
45 52 66
45 53 18
45 54 28
45 55 214
45 56 33
45 57 18
45 58 7
45 59 148
45 60 139
45 61 23
45 62 16
45 63 77
45 64 29
45 65 23
45 66 1
45 67 31
45 68 35
46 0 13
46 1 46
46 2 172
46 3 11
46 4 46
46 5 11
46 6 27
46 7 16
46 8 42
46 9 17
46 10 20
46 11 25
46 12 53
46 13 1
46 14 51
46 15 16
46 16 3
46 17 24
46 18 19
46 19 22
46 20 3
46 21 128
46 22 68
46 23 8
46 24 14
46 25 27
46 26 31
46 27 7
46 28 3
46 29 9
46 30 9
46 31 279
46 32 90
46 33 69
46 34 2
46 35 19
46 36 9
46 37 13
46 38 6
46 39 33
46 40 8
46 41 22
46 42 29
46 43 91
46 44 22
46 45 5
46 46 0
46 47 9
46 48 55
46 49 48
46 50 38
46 51 32
46 52 0
46 53 27
46 54 17
46 55 28
46 56 24
46 57 28
46 58 51
46 59 40
46 60 17
46 61 3
46 62 38
46 63 5
46 64 8
46 65 17
46 66 16
46 67 23
46 68 6
47 0 20
47 1 17
47 2 5
47 3 9
47 4 22
47 5 36
47 6 37
47 7 26
47 8 54
47 9 10
47 10 42
47 11 36
47 12 1
47 13 16
47 14 15
47 15 46
47 16 30
47 17 42
47 18 4
47 19 10
47 20 51
47 21 6
47 22 20
47 23 12
47 24 74
47 25 141
47 26 46
47 27 19
47 28 21
47 29 20
47 30 7
47 31 38
47 32 6
47 33 21
47 34 9
47 35 37
47 36 33
47 37 25
47 38 14
47 39 40
47 40 44
47 41 5
47 42 50
47 43 31
47 44 36
47 45 137
47 46 36
47 47 0
47 48 45
47 49 14
47 50 37
47 51 50
47 52 23
47 53 42
47 54 12
47 55 126
47 56 35
47 57 39
47 58 17
47 59 77
47 60 35
47 61 45
47 62 18
47 63 173
47 64 6
47 65 130
47 66 42
47 67 24
47 68 1
48 0 3
48 1 58
48 2 88
48 3 9
48 4 34
48 5 1
48 6 52
48 7 39
48 8 79
48 9 5
48 10 0
48 11 6
48 12 12
48 13 45
48 14 20
48 15 13
48 16 26
48 17 30
48 18 34
48 19 41
48 20 3
48 21 47
48 22 70
48 23 7
48 24 33
48 25 13
48 26 0
48 27 8
48 28 22
48 29 20
48 30 8
48 31 138
48 32 12
48 33 12
48 34 57
48 35 21
48 36 34
48 37 9
48 38 36
48 39 9
48 40 18
48 41 25
48 42 95
48 43 247
48 44 38
48 45 24
48 46 148
48 47 30
48 48 0
48 49 142
48 50 26
48 51 12
48 52 25
48 53 3
48 54 4
48 55 24
48 56 5
48 57 18
48 58 29
48 59 52
48 60 31
48 61 48
48 62 12
48 63 22
48 64 56
48 65 22
48 66 29
48 67 7
48 68 44
49 0 18
49 1 77
49 2 22
49 3 2
49 4 56
49 5 22
49 6 30
49 7 24
49 8 34
49 9 15
49 10 20
49 11 22
49 12 31
49 13 37
49 14 3
49 15 2
49 16 17
49 17 19
49 18 30
49 19 22
49 20 20
49 21 240
49 22 0
49 23 22
49 24 0
49 25 20
49 26 14
49 27 8
49 28 23
49 29 23
49 30 26
49 31 155
49 32 22
49 33 94
49 34 49
49 35 11
49 36 35
49 37 20
49 38 2
49 39 14
49 40 23
49 41 27
49 42 59
49 43 174
49 44 6
49 45 30
49 46 126
49 47 22
49 48 102
49 49 0
49 50 33
49 51 10
49 52 20
49 53 7
49 54 20
49 55 11
49 56 21
49 57 24
49 58 54
49 59 4
49 60 3
49 61 53
49 62 60
49 63 1
49 64 18
49 65 22
49 66 5
49 67 15
49 68 57
50 0 4
50 1 26
50 2 10
50 3 7
50 4 12
50 5 14
50 6 57
50 7 30
50 8 47
50 9 21
50 10 54
50 11 73
50 12 106
50 13 4
50 14 90
50 15 30
50 16 7
50 17 11
50 18 4
50 19 7
50 20 17
50 21 19
50 22 40
50 23 13
50 24 14
50 25 17
50 26 42
50 27 7
50 28 5
50 29 25
50 30 32
50 31 12
50 32 5
50 33 21
50 34 14
50 35 17
50 36 10
50 37 2
50 38 20
50 39 212
50 40 15
50 41 3
50 42 29
50 43 26
50 44 29
50 45 11
50 46 1
50 47 26
50 48 43
50 49 11
50 50 0
50 51 1
50 52 8
50 53 24
50 54 15
50 55 30
50 56 29
50 57 30
50 58 38
50 59 44
50 60 31
50 61 54
50 62 20
50 63 28
50 64 0
50 65 1
50 66 14
50 67 9
50 68 15
51 0 8
51 1 28
51 2 6
51 3 27
51 4 1
51 5 16
51 6 41
51 7 75
51 8 6
51 9 37
51 10 4
51 11 14
51 12 9
51 13 4
51 14 15
51 15 3
51 16 38
51 17 70
51 18 14
51 19 1
51 20 105
51 21 31
51 22 5
51 23 0
51 24 60
51 25 42
51 26 24
51 27 14
51 28 3
51 29 14
51 30 44
51 31 28
51 32 23
51 33 28
51 34 38
51 35 0
51 36 3
51 37 77
51 38 15
51 39 27
51 40 14
51 41 109
51 42 5
51 43 26
51 44 119
51 45 20
51 46 35
51 47 22
51 48 2
51 49 24
51 50 12
51 51 0
51 52 4
51 53 78
51 54 51
51 55 24
51 56 20
51 57 3
51 58 21
51 59 33
51 60 42
51 61 2
51 62 6
51 63 3
51 64 22
51 65 63
51 66 11
51 67 189
51 68 5
52 0 38
52 1 2
52 2 6
52 3 41
52 4 7
52 5 34
52 6 37
52 7 27
52 8 11
52 9 24
52 10 37
52 11 0
52 12 9
52 13 18
52 14 5
52 15 22
52 16 115
52 17 8
52 18 31
52 19 11
52 20 96
52 21 8
52 22 12
52 23 10
52 24 14
52 25 69
52 26 60
52 27 23
52 28 20
52 29 5
52 30 109
52 31 8
52 32 20
52 33 14
52 34 14
52 35 31
52 36 9
52 37 80
52 38 17
52 39 30
52 40 29
52 41 3
52 42 20
52 43 12
52 44 71
52 45 30
52 46 28
52 47 13
52 48 14
52 49 24
52 50 16
52 51 74
52 52 0
52 53 7
52 54 29
52 55 54
52 56 28
52 57 0
52 58 15
52 59 15
52 60 12
52 61 21
52 62 17
52 63 2
52 64 22
52 65 149
52 66 15
52 67 59
52 68 37
53 0 32
53 1 48
53 2 12
53 3 4
53 4 16
53 5 18
53 6 14
53 7 25
53 8 8
53 9 39
53 10 12
53 11 15
53 12 3
53 13 75
53 14 10
53 15 15
53 16 11
53 17 23
53 18 0
53 19 18
53 20 19
53 21 27
53 22 5
53 23 22
53 24 17
53 25 46
53 26 19
53 27 4
53 28 7
53 29 21
53 30 31
53 31 30
53 32 22
53 33 5
53 34 12
53 35 12
53 36 29
53 37 47
53 38 35
53 39 22
53 40 22
53 41 164
53 42 34
53 43 28
53 44 90
53 45 26
53 46 35
53 47 5
53 48 44
53 49 10
53 50 11
53 51 26
53 52 37
53 53 0
53 54 20
53 55 3
53 56 21
53 57 14
53 58 4
53 59 46
53 60 30
53 61 10
53 62 25
53 63 22
53 64 30
53 65 11
53 66 13
53 67 60
53 68 10
54 0 11
54 1 11
54 2 7
54 3 80
54 4 1
54 5 29
54 6 32
54 7 21
54 8 12
54 9 5
54 10 17
54 11 13
54 12 20
54 13 15
54 14 11
54 15 13
54 16 88
54 17 35
54 18 7
54 19 14
54 20 69
54 21 11
54 22 30
54 23 35
54 24 23
54 25 20
54 26 36
54 27 36
54 28 19
54 29 22
54 30 52
54 31 0
54 32 13
54 33 19
54 34 5
54 35 3
54 36 1
54 37 39
54 38 22
54 39 8
54 40 11
54 41 31
54 42 21
54 43 15
54 44 13
54 45 40
54 46 3
54 47 12
54 48 14
54 49 4
54 50 7
54 51 16
54 52 75
54 53 30
54 54 0
54 55 33
54 56 4
54 57 16
54 58 9
54 59 43
54 60 6
54 61 22
54 62 6
54 63 23
54 64 14
54 65 1
54 66 31
54 67 21
54 68 11
55 0 149
55 1 27
55 2 14
55 3 10
55 4 23
55 5 40
55 6 70
55 7 35
55 8 3
55 9 9
55 10 65
55 11 20
55 12 31
55 13 18
55 14 12
55 15 71
55 16 59
55 17 19
55 18 10
55 19 12
55 20 13
55 21 18
55 22 30
55 23 41
55 24 28
55 25 75
55 26 136
55 27 35
55 28 8
55 29 8
55 30 237
55 31 22
55 32 13
55 33 20
55 34 2
55 35 28
55 36 5
55 37 9
55 38 19
55 39 35
55 40 91
55 41 48
55 42 38
55 43 32
55 44 23
55 45 19
55 46 14
55 47 160
55 48 3
55 49 28
55 50 17
55 51 30
55 52 22
55 53 37
55 54 33
55 55 0
55 56 64
55 57 24
55 58 19
55 59 73
55 60 13
55 61 5
55 62 10
55 63 31
55 64 15
55 65 60
55 66 79
55 67 28
55 68 71
56 0 79
56 1 23
56 2 1
56 3 1
56 4 36
56 5 24
56 6 91
56 7 27
56 8 28
56 9 4
56 10 3
56 11 50
56 12 91
56 13 15
56 14 31
56 15 126
56 16 10
56 17 17
56 18 31
56 19 7
56 20 26
56 21 14
56 22 97
56 23 46
56 24 8
56 25 3
56 26 12
56 27 10
56 28 1
56 29 52
56 30 34
56 31 42
56 32 5
56 33 21
56 34 7
56 35 50
56 36 20
56 37 21
56 38 6
56 39 190
56 40 17
56 41 16
56 42 34
56 43 7
56 44 12
56 45 60
56 46 4
56 47 43
56 48 13
56 49 24
56 50 99
56 51 16
56 52 13
56 53 27
56 54 7
56 55 34
56 56 0
56 57 30
56 58 23
56 59 45
56 60 10
56 61 35
56 62 27
56 63 43
56 64 3
56 65 35
56 66 38
56 67 1
56 68 28
57 0 52
57 1 10
57 2 11
57 3 22
57 4 18
57 5 0
57 6 10
57 7 25
57 8 6
57 9 10
57 10 197
57 11 61
57 12 4
57 13 20
57 14 42
57 15 34
57 16 7
57 17 8
57 18 43
57 19 17
57 20 20
57 21 4
57 22 28
57 23 47
57 24 3
57 25 23
57 26 77
57 27 7
57 28 6
57 29 183
57 30 26
57 31 18
57 32 6
57 33 5
57 34 26
57 35 173
57 36 6
57 37 5
57 38 0
57 39 45
57 40 43
57 41 22
57 42 13
57 43 24
57 44 19
57 45 45
57 46 10
57 47 28
57 48 2
57 49 4
57 50 6
57 51 1
57 52 4
57 53 11
57 54 5
57 55 44
57 56 35
57 57 0
57 58 21
57 59 13
57 60 80
57 61 17
57 62 1
57 63 35
57 64 1
57 65 3
57 66 70
57 67 14
57 68 14
58 0 0
58 1 42
58 2 17
58 3 10
58 4 23
58 5 1
58 6 29
58 7 22
58 8 10
58 9 16
58 10 1
58 11 7
58 12 6
58 13 6
58 14 2
58 15 18
58 16 14
58 17 4
58 18 21
58 19 164
58 20 9
58 21 24
58 22 6
58 23 2
58 24 19
58 25 18
58 26 7
58 27 6
58 28 16
58 29 1
58 30 24
58 31 40
58 32 64
58 33 26
58 34 19
58 35 7
58 36 21
58 37 6
58 38 15
58 39 27
58 40 9
58 41 11
58 42 4
58 43 11
58 44 20
58 45 26
58 46 7
58 47 18
58 48 46
58 49 22
58 50 25
58 51 10
58 52 4
58 53 1
58 54 0
58 55 20
58 56 28
58 57 14
58 58 0
58 59 29
58 60 24
58 61 45
58 62 74
58 63 14
58 64 23
58 65 14
58 66 1
58 67 4
58 68 32
59 0 45
59 1 28
59 2 22
59 3 29
59 4 7
59 5 8
59 6 75
59 7 69
59 8 45
59 9 25
59 10 14
59 11 29
59 12 2
59 13 8
59 14 13
59 15 4
59 16 22
59 17 12
59 18 48
59 19 19
59 20 33
59 21 62
59 22 67
59 23 11
59 24 72
59 25 52
59 26 1
59 27 22
59 28 7
59 29 8
59 30 26
59 31 23
59 32 24
59 33 4
59 34 41
59 35 29
59 36 3
59 37 45
59 38 15
59 39 27
59 40 45
59 41 54
59 42 36
59 43 16
59 44 30
59 45 29
59 46 34
59 47 97
59 48 67
59 49 22
59 50 18
59 51 24
59 52 16
59 53 38
59 54 3
59 55 40
59 56 2
59 57 27
59 58 1
59 59 0
59 60 45
59 61 47
59 62 23
59 63 61
59 64 9
59 65 45
59 66 4
59 67 42
59 68 31
60 0 159
60 1 15
60 2 14
60 3 7
60 4 3
60 5 0
60 6 78
60 7 25
60 8 19
60 9 4
60 10 106
60 11 11
60 12 43
60 13 24
60 14 21
60 15 358
60 16 33
60 17 1
60 18 50
60 19 1
60 20 49
60 21 4
60 22 0
60 23 24
60 24 0
60 25 44
60 26 116
60 27 3
60 28 7
60 29 21
60 30 55
60 31 9
60 32 26
60 33 18
60 34 38
60 35 34
60 36 4
60 37 35
60 38 18
60 39 8
60 40 55
60 41 15
60 42 36
60 43 33
60 44 33
60 45 69
60 46 16
60 47 82
60 48 27
60 49 3
60 50 15
60 51 20
60 52 3
60 53 15
60 54 33
60 55 24
60 56 16
60 57 27
60 58 28
60 59 7
60 60 0
60 61 9
60 62 14
60 63 44
60 64 3
60 65 23
60 66 86
60 67 36
60 68 39
61 0 24
61 1 73
61 2 197
61 3 8
61 4 26
61 5 7
61 6 67
61 7 61
61 8 355
61 9 13
61 10 34
61 11 42
61 12 38
61 13 18
61 14 40
61 15 18
61 16 11
61 17 4
61 18 45
61 19 24
61 20 34
61 21 93
61 22 44
61 23 26
61 24 16
61 25 38
61 26 22
61 27 10
61 28 19
61 29 17
61 30 40
61 31 3
61 32 49
61 33 27
61 34 33
61 35 29
61 36 15
61 37 36
61 38 21
61 39 60
61 40 7
61 41 35
61 42 36
61 43 78
61 44 27
61 45 33
61 46 168
61 47 8
61 48 128
61 49 90
61 50 10
61 51 25
61 52 31
61 53 4
61 54 4
61 55 6
61 56 14
61 57 23
61 58 56
61 59 28
61 60 49
61 61 0
61 62 22
61 63 25
61 64 9
61 65 14
61 66 26
61 67 16
61 68 36
62 0 2
62 1 14
62 2 54
62 3 2
62 4 68
62 5 14
62 6 17
62 7 4
62 8 31
62 9 11
62 10 20
62 11 2
62 12 8
62 13 9
62 14 40
62 15 25
62 16 9
62 17 5
62 18 30
62 19 24
62 20 1
62 21 35
62 22 36
62 23 18
62 24 11
62 25 7
62 26 0
62 27 4
62 28 4
62 29 0
62 30 25
62 31 45
62 32 208
62 33 40
62 34 30
62 35 9
62 36 26
62 37 17
62 38 32
62 39 10
62 40 6
62 41 23
62 42 16
62 43 33
62 44 1
62 45 2
62 46 2
62 47 7
62 48 15
62 49 40
62 50 38
62 51 17
62 52 13
62 53 4
62 54 4
62 55 10
62 56 21
62 57 12
62 58 16
62 59 1
62 60 28
62 61 39
62 62 0
62 63 5
62 64 25
62 65 1
62 66 22
62 67 21
62 68 10
63 0 24
63 1 24
63 2 1
63 3 26
63 4 8
63 5 8
63 6 51
63 7 26
63 8 5
63 9 31
63 10 18
63 11 17
63 12 37
63 13 19
63 14 5
63 15 57
63 16 44
63 17 21
63 18 13
63 19 2
63 20 116
63 21 4
63 22 31
63 23 15
63 24 101
63 25 263
63 26 42
63 27 43
63 28 19
63 29 9
63 30 65
63 31 7
63 32 4
63 33 11
63 34 19
63 35 4
63 36 10
63 37 109
63 38 23
63 39 18
63 40 26
63 41 62
63 42 35
63 43 1
63 44 75
63 45 91
63 46 21
63 47 108
63 48 17
63 49 16
63 50 5
63 51 38
63 52 124
63 53 42
63 54 84
63 55 31
63 56 20
63 57 16
63 58 19
63 59 15
63 60 20
63 61 2
63 62 4
63 63 0
63 64 17
63 65 137
63 66 27
63 67 12
63 68 74
64 0 19
64 1 39
64 2 2
64 3 19
64 4 19
64 5 14
64 6 12
64 7 37
64 8 0
64 9 147
64 10 15
64 11 17
64 12 20
64 13 46
64 14 7
64 15 23
64 16 4
64 17 32
64 18 10
64 19 1
64 20 14
64 21 55
64 22 22
64 23 3
64 24 19
64 25 25
64 26 7
64 27 18
64 28 12
64 29 4
64 30 6
64 31 9
64 32 20
64 33 20
64 34 32
64 35 3
64 36 143
64 37 19
64 38 120
64 39 14
64 40 4
64 41 0
64 42 24
64 43 7
64 44 17
64 45 5
64 46 17
64 47 3
64 48 39
64 49 4
64 50 11
64 51 18
64 52 6
64 53 9
64 54 22
64 55 8
64 56 7
64 57 16
64 58 17
64 59 35
64 60 3
64 61 11
64 62 34
64 63 3
64 64 0
64 65 11
64 66 10
64 67 31
64 68 18
65 0 67
65 1 25
65 2 26
65 3 38
65 4 21
65 5 47
65 6 55
65 7 5
65 8 38
65 9 5
65 10 38
65 11 23
65 12 12
65 13 27
65 14 29
65 15 26
65 16 63
65 17 2
65 18 8
65 19 9
65 20 33
65 21 2
65 22 31
65 23 10
65 24 24
65 25 221
65 26 63
65 27 37
65 28 7
65 29 2
65 30 60
65 31 26
65 32 1
65 33 9
65 34 5
65 35 7
65 36 25
65 37 74
65 38 8
65 39 17
65 40 55
65 41 11
65 42 19
65 43 30
65 44 79
65 45 33
65 46 25
65 47 77
65 48 14
65 49 19
65 50 31
65 51 71
65 52 124
65 53 24
65 54 13
65 55 81
65 56 18
65 57 0
65 58 6
65 59 5
65 60 58
65 61 12
65 62 16
65 63 65
65 64 13
65 65 0
65 66 1
65 67 37
65 68 12
66 0 81
66 1 18
66 2 6
66 3 30
66 4 6
66 5 7
66 6 15
66 7 28
66 8 1
66 9 14
66 10 46
66 11 40
66 12 25
66 13 7
66 14 2
66 15 0
66 16 10
66 17 10
66 18 48
66 19 11
66 20 7
66 21 6
66 22 15
66 23 182
66 24 5
66 25 2
66 26 474
66 27 3
66 28 12
66 29 58
66 30 75
66 31 14
66 32 13
66 33 16
66 34 17
66 35 13
66 36 17
66 37 32
66 38 3
66 39 48
66 40 314
66 41 22
66 42 2
66 43 25
66 44 33
66 45 20
66 46 2
66 47 47
66 48 18
66 49 19
66 50 34
66 51 17
66 52 28
66 53 3
66 54 33
66 55 82
66 56 21
66 57 58
66 58 9
66 59 39
66 60 103
66 61 33
66 62 18
66 63 60
66 64 13
66 65 67
66 66 0
66 67 1
66 68 45
67 0 23
67 1 33
67 2 30
67 3 24
67 4 26
67 5 41
67 6 29
67 7 60
67 8 18
67 9 46
67 10 19
67 11 2
67 12 24
67 13 102
67 14 10
67 15 34
67 16 85
67 17 3
67 18 28
67 19 16
67 20 109
67 21 36
67 22 33
67 23 29
67 24 61
67 25 33
67 26 32
67 27 10
67 28 35
67 29 25
67 30 6
67 31 1
67 32 13
67 33 34
67 34 7
67 35 19
67 36 55
67 37 23
67 38 20
67 39 7
67 40 32
67 41 149
67 42 3
67 43 32
67 44 173
67 45 6
67 46 36
67 47 55
67 48 7
67 49 31
67 50 27
67 51 58
67 52 1
67 53 166
67 54 0
67 55 23
67 56 11
67 57 26
67 58 9
67 59 52
67 60 26
67 61 37
67 62 2
67 63 42
67 64 32
67 65 51
67 66 6
67 67 0
67 68 40
68 0 10
68 1 18
68 2 12
68 3 2
68 4 10
68 5 23
68 6 73
68 7 146
68 8 32
68 9 13
68 10 21
68 11 31
68 12 15
68 13 37
68 14 17
68 15 19
68 16 46
68 17 45
68 18 21
68 19 24
68 20 86
68 21 55
68 22 0
68 23 6
68 24 9
68 25 13
68 26 43
68 27 11
68 28 4
68 29 12
68 30 20
68 31 34
68 32 30
68 33 41
68 34 36
68 35 24
68 36 17
68 37 29
68 38 22
68 39 40
68 40 8
68 41 89
68 42 50
68 43 39
68 44 112
68 45 65
68 46 49
68 47 65
68 48 5
68 49 36
68 50 27
68 51 81
68 52 17
68 53 66
68 54 42
68 55 45
68 56 17
68 57 25
68 58 9
68 59 235
68 60 27
68 61 25
68 62 33
68 63 35
68 64 22
68 65 66
68 66 9
68 67 29
68 68 0
